12.5 1
18.5 1
20.5 5
22.5 5
24.5 5
25.505 2
26.5 2
42.5 1
44.5 1
45.505 4
48.5 5
50.5 4
52.5 3
54.5 3
55.505 2
56.5 6
58.5 4
60.5 8
62.5 3
65.505 6
66.5 3
68.5 2
70.5 4
72.5 11
75.505 1
76.5 8
80.5 2
82.5 8
112.5 2
114.5 9
116.5 9
118.5 4
120.5 1
122.5 7
124.5 3
126.5 2
128.5 1
130.5 3
132.5 7
142.5 5
144.5 1
145.505 2
146.5 3
148.5 3
150.5 5
152.5 4
154.5 3
155.505 4
156.5 8
158.5 1
160.5 7
162.5 3
164.5 1
165.505 5
166.5 1
172.5 1
174.5 14
175.505 1
176.5 11
192.5 3
194.5 4
196.5 1
198.5 10
