6.55 1
12.55 2
14.55 6
16.55 2
24.55 7
25.555 2
28.55 5
30.55 7
32.55 7
34.55 1
35.555 3
36.55 1
38.55 6
40.55 3
42.55 4
44.55 2
45.555 2
46.55 3
48.55 1
50.55 3
52.55 8
54.55 3
56.55 8
58.55 4
60.55 2
62.55 5
64.55 4
65.555 3
66.55 3
68.55 2
85.555 3
86.55 7
88.55 5
92.55 9
94.55 8
96.55 2
105.555 2
106.55 9
108.55 9
110.55 2
112.55 9
114.55 3
115.555 2
116.55 7
118.55 2
120.55 3
122.55 3
124.55 5
130.55 1
140.55 1
142.55 3
144.55 2
145.555 2
146.55 5
148.55 2
150.55 2
152.55 6
154.55 4
165.555 3
166.55 3
168.55 9
170.55 3
182.55 3
190.55 1
195.555 2
196.55 1
255.555 1
260.55 1
275.555 1
305.555 2
310.55 1
315.555 1
345.555 1
360.55 1
370.55 1
375.555 1
420.55 2
424.55 3
425.555 1
460.55 1
520.55 5
525.555 1
570.55 1
586.55 4
590.55 2
595.555 1
600.55 1
620.55 1
625.555 1
630.55 1
635.555 1
715.555 1
725.555 1
730.55 1
810.55 1
825.555 1
870.55 2
905.555 1
910.55 2
925.555 1
940.55 1
945.555 1
946.55 2
948.55 2
950.55 2
952.55 1
988.55 4
990.55 1
992.55 3
1040.55 1
1065.56 1
1074.55 1
1075.56 2
1120.55 3
1175.56 1
1176.55 1
1196.55 3
