6.6 4
8.6 8
12.6 7
14.6 6
16.6 5
20.6 7
22.6 4
24.6 4
25.605 7
30.6 7
32.6 7
34.6 1
35.605 3
36.6 6
38.6 3
40.6 4
42.6 2
44.6 1
45.605 4
46.6 1
48.6 3
50.6 8
52.6 2
54.6 1
55.605 6
56.6 5
58.6 3
60.6 4
62.6 5
64.6 3
65.605 3
66.6 2
68.6 5
70.6 8
72.6 3
74.6 2
75.605 5
76.6 5
78.6 1
80.6 5
82.6 6
84.6 3
85.605 6
86.6 6
90.6 1
92.6 8
94.6 8
95.605 1
96.6 1
98.6 6
100.6 6
102.6 2
104.6 1
105.605 9
106.6 10
108.6 1
110.6 8
112.6 5
115.605 6
116.6 5
120.6 5
122.6 4
124.6 2
125.605 3
126.6 3
130.6 5
132.6 9
134.6 2
135.605 5
136.6 4
138.6 3
140.6 4
142.6 2
144.6 1
145.605 6
146.6 2
148.6 2
150.6 5
152.6 5
155.605 7
156.6 2
158.6 3
160.6 7
162.6 4
164.6 2
165.605 6
166.6 4
168.6 3
170.6 7
172.6 9
174.6 1
175.605 6
176.6 6
180.6 5
182.6 6
185.605 2
186.6 6
190.6 4
192.6 2
195.605 8
196.6 4
200.6 3
202.6 8
204.6 6
205.605 5
206.6 3
208.6 2
212.6 4
214.6 3
215.605 1
216.6 4
218.6 3
220.6 2
225.605 3
226.6 6
228.6 3
230.6 2
232.6 4
234.6 3
235.605 1
236.6 4
238.6 3
240.6 1
242.6 3
244.6 3
245.605 1
248.6 4
250.6 3
252.6 4
254.6 3
255.605 3
256.6 3
260.6 3
262.6 3
264.6 3
265.605 1
266.6 4
268.6 3
270.6 1
275.605 2
276.6 6
278.6 2
280.6 1
282.6 4
284.6 3
285.605 1
286.6 4
288.6 3
290.6 2
292.6 5
294.6 3
295.605 2
296.6 5
298.6 3
300.6 3
302.6 4
304.6 2
305.605 4
310.6 2
312.6 3
315.605 4
328.6 2
330.6 3
332.6 3
334.6 2
335.605 1
336.6 3
338.6 3
340.6 2
345.605 3
346.6 6
348.6 3
350.6 1
352.6 4
358.6 4
360.6 3
362.6 3
364.6 3
365.605 1
366.6 5
368.6 3
370.6 3
372.6 3
374.6 3
375.605 3
376.6 3
378.6 2
380.6 1
382.6 5
384.6 3
385.605 1
410.6 3
412.6 3
414.6 3
415.605 1
416.6 3
418.6 3
424.6 3
425.605 3
426.6 3
428.6 2
430.6 1
432.6 3
434.6 3
435.605 1
436.6 4
438.6 2
440.6 1
442.6 4
444.6 3
445.605 1
446.6 4
448.6 3
450.6 1
452.6 4
454.6 3
455.605 1
456.6 4
458.6 2
464.6 5
465.605 1
466.6 4
468.6 3
470.6 1
472.6 3
474.6 2
475.605 1
476.6 2
478.6 4
504.6 5
505.605 1
506.6 3
508.6 2
510.6 1
512.6 4
514.6 3
515.605 1
516.6 3
518.6 3
520.6 5
522.6 2
524.6 3
525.605 3
526.6 3
540.6 2
542.6 4
544.6 1
545.605 2
546.6 3
548.6 2
554.6 5
555.605 1
556.6 3
558.6 1
560.6 1
562.6 4
564.6 2
565.605 1
566.6 4
572.6 6
574.6 3
575.605 2
576.6 3
578.6 3
580.6 1
582.6 4
584.6 2
585.605 1
586.6 6
588.6 2
592.6 7
594.6 3
595.605 4
596.6 2
598.6 3
600.6 3
608.6 5
610.6 1
612.6 3
614.6 3
615.605 1
616.6 3
618.6 3
620.6 3
622.6 3
624.6 3
625.605 3
626.6 3
628.6 3
630.6 3
632.6 3
642.6 5
644.6 1
645.605 1
646.6 4
648.6 2
668.6 5
670.6 1
672.6 3
674.6 4
675.605 1
676.6 3
684.6 6
685.605 2
686.6 3
688.6 3
690.6 1
692.6 3
694.6 3
695.605 1
696.6 4
698.6 2
700.6 1
702.6 4
704.6 3
705.605 1
706.6 3
708.6 2
718.6 6
720.6 2
722.6 3
724.6 3
725.605 3
726.6 3
728.6 3
730.6 3
732.6 3
734.6 2
735.605 1
736.6 5
738.6 3
740.6 1
742.6 4
758.6 5
760.6 1
762.6 3
764.6 3
765.605 1
770.6 4
772.6 4
774.6 3
775.605 1
776.6 4
804.6 4
805.605 2
806.6 3
808.6 2
810.6 3
818.6 5
820.6 1
822.6 4
824.6 3
825.605 4
826.6 3
828.6 2
830.6 2
832.6 3
834.6 3
835.605 1
836.6 4
838.6 3
840.6 1
842.6 4
844.6 3
845.605 1
846.6 4
850.6 1
852.6 5
854.6 3
855.605 1
856.6 4
858.6 3
862.6 5
864.6 3
865.605 1
866.6 4
868.6 2
870.6 5
872.6 2
908.6 1
910.6 7
912.6 3
914.6 2
915.605 1
916.6 3
918.6 2
942.6 6
944.6 3
945.605 3
946.6 3
948.6 3
950.6 4
952.6 2
954.6 3
955.605 2
956.6 3
958.6 2
960.6 1
962.6 4
965.605 2
966.6 7
968.6 3
970.6 2
972.6 4
984.6 1
985.605 4
986.6 3
988.6 3
1012.6 5
1014.6 3
1015.61 1
1016.6 5
1022.6 5
1024.6 3
1025.61 1
1026.6 3
1028.6 2
1048.6 6
1050.6 1
1052.6 3
1054.6 2
1055.61 1
1056.6 3
1058.6 3
1060.6 1
1062.6 4
1064.6 2
1065.61 3
1066.6 3
1068.6 2
1070.6 1
1072.6 4
1074.6 3
1075.61 4
1076.6 3
1078.6 3
1080.6 2
1082.6 4
1084.6 3
1085.61 1
1086.6 3
1088.6 3
1090.6 2
1092.6 3
1102.6 5
1104.6 3
1105.61 1
1106.6 3
1108.6 2
1110.6 1
1112.6 4
1114.6 3
1115.61 1
1122.6 7
1124.6 2
1125.61 4
1126.6 4
1132.6 6
1134.6 3
1135.61 1
1136.6 4
1138.6 3
1140.6 1
1142.6 4
1144.6 2
1145.61 1
1146.6 4
1148.6 3
1150.6 1
1170.6 3
1172.6 3
1174.6 3
1175.61 4
1176.6 2
1180.6 2
1185.61 3
1186.6 5
1188.6 2
1190.6 1
1192.6 3
1194.6 3
1195.61 1
1196.6 5
1198.6 3
