5.655 1
6.65 8
8.65 2
10.65 3
12.65 10
15.655 1
16.65 7
18.65 1
22.65 6
24.65 3
25.655 1
26.65 10
28.65 2
30.65 9
32.65 1
34.65 1
35.655 8
36.65 3
38.65 1
40.65 6
42.65 2
44.65 2
45.655 5
46.65 2
48.65 2
50.65 7
52.65 4
54.65 1
55.655 6
56.65 7
58.65 2
60.65 4
62.65 7
66.65 4
68.65 7
70.65 9
72.65 2
75.655 9
76.65 2
80.65 6
82.65 5
84.65 2
85.655 7
86.65 4
88.65 4
90.65 4
92.65 7
94.65 3
95.655 4
96.65 7
100.65 7
102.65 1
104.65 3
105.655 10
106.65 6
108.65 1
118.65 4
120.65 1
122.65 4
124.65 6
125.655 3
126.65 5
128.65 1
130.65 7
132.65 3
135.655 2
136.65 5
138.65 2
140.65 6
142.65 4
144.65 1
145.655 1
146.65 2
148.65 1
150.65 4
152.65 1
155.655 5
156.65 7
160.65 1
162.65 7
164.65 5
166.65 7
168.65 3
170.65 7
172.65 8
175.655 8
176.65 4
180.65 5
182.65 1
186.65 7
188.65 2
190.65 2
192.65 4
195.655 1
196.65 10
198.65 3
