6.7 4
8.7 7
10.7 1
12.7 7
14.7 1
15.705 1
16.7 1
22.7 6
24.7 3
26.7 13
32.7 2
36.7 9
38.7 2
40.7 7
42.7 2
45.705 1
46.7 1
52.7 3
55.705 1
56.7 8
58.7 2
64.7 2
65.705 4
66.7 5
68.7 2
70.7 4
80.7 4
82.7 10
84.7 1
85.705 1
86.7 10
88.7 3
102.7 2
108.7 1
110.7 10
112.7 3
115.705 9
116.7 4
118.7 2
120.7 6
122.7 2
124.7 2
126.7 2
132.7 2
134.7 4
135.705 1
136.7 2
146.7 2
148.7 1
150.7 5
155.705 6
156.7 4
158.7 2
160.7 8
162.7 5
165.705 5
166.7 2
168.7 3
170.7 9
172.7 5
174.7 1
175.705 7
176.7 2
178.7 3
188.7 3
190.7 3
192.7 3
194.7 1
195.705 6
198.7 3
200.7 2
202.7 10
