8.75 9
10.75 5
12.75 1
22.75 5
50.75 1
52.75 1
54.75 1
55.755 7
58.75 4
60.75 8
62.75 2
64.75 4
65.755 5
66.75 2
68.75 4
70.75 11
75.755 2
80.75 9
82.75 4
85.755 9
86.75 2
88.75 4
90.75 6
92.75 8
95.755 6
96.75 5
98.75 1
100.75 4
102.75 7
104.75 2
105.755 3
116.75 5
118.75 1
120.75 7
122.75 3
125.755 1
126.75 1
128.75 3
130.75 6
132.75 5
134.75 3
135.755 4
136.75 3
138.75 3
140.75 3
142.75 3
144.75 2
145.755 1
146.75 2
170.75 1
172.75 14
175.755 9
176.75 3
182.75 9
185.755 5
186.75 3
188.75 1
190.75 2
192.75 3
194.75 1
195.755 8
196.75 5
198.75 2
200.75 6
202.75 4
210.75 1
215.755 1
216.75 4
220.75 4
225.755 5
226.75 4
230.75 6
232.75 3
235.755 5
240.75 1
242.75 3
245.755 4
246.75 3
250.75 2
252.75 4
255.755 5
260.75 1
262.75 4
280.75 1
282.75 2
285.755 5
286.75 1
290.75 6
292.75 4
296.75 3
300.75 5
302.75 3
304.75 1
305.755 6
306.75 4
310.75 5
312.75 4
315.755 5
316.75 4
335.755 4
336.75 3
340.75 4
342.75 4
345.755 5
346.75 4
350.75 1
355.755 5
356.75 1
360.75 5
362.75 4
365.755 2
366.75 3
370.75 5
372.75 4
375.755 5
376.75 3
380.75 6
382.75 3
385.755 5
386.75 4
390.75 5
392.75 2
395.755 5
396.75 1
400.75 6
402.75 2
410.75 4
415.755 1
416.75 2
418.75 1
430.75 1
435.755 5
436.75 2
440.75 5
442.75 3
445.755 1
450.75 5
455.755 1
465.755 5
472.75 3
475.755 4
476.75 3
480.75 4
482.75 2
485.755 4
486.75 2
490.75 5
492.75 2
495.755 4
496.75 2
500.75 4
510.75 5
515.755 4
520.75 6
522.75 2
524.75 2
525.755 5
526.75 3
528.75 1
530.75 5
540.75 4
542.75 3
545.755 3
546.75 1
570.75 5
572.75 3
575.755 4
576.75 4
586.75 3
590.75 6
592.75 3
595.755 4
600.75 1
605.755 4
606.75 3
610.75 4
612.75 3
615.755 4
616.75 3
620.75 5
625.755 5
626.75 4
632.75 3
634.75 1
635.755 5
636.75 4
645.755 5
646.75 3
650.75 4
655.755 5
656.75 2
660.75 5
662.75 2
665.755 4
670.75 2
672.75 3
675.755 5
676.75 2
680.75 4
685.755 4
686.75 4
690.75 4
692.75 3
695.755 5
696.75 2
700.75 5
702.75 3
705.755 4
706.75 3
710.75 4
712.75 3
715.755 5
716.75 3
720.75 4
722.75 4
725.755 5
726.75 4
735.755 1
736.75 3
740.75 5
742.75 3
745.755 6
746.75 3
750.75 1
755.755 4
756.75 3
760.75 2
762.75 3
765.755 1
766.75 3
770.75 1
775.755 1
780.75 5
785.755 5
790.75 1
792.75 3
795.755 4
796.75 2
802.75 1
810.75 1
812.75 4
815.755 5
816.75 2
820.75 5
822.75 4
825.755 5
826.75 3
830.75 4
832.75 4
835.755 1
838.75 2
840.75 5
842.75 3
845.755 5
846.75 3
850.75 5
852.75 3
855.755 5
856.75 2
858.75 1
860.75 1
862.75 3
865.755 5
875.755 5
876.75 1
880.75 2
882.75 2
885.755 4
890.75 5
892.75 3
895.755 5
896.75 2
900.75 4
902.75 3
905.755 5
906.75 3
918.75 1
920.75 3
922.75 2
925.755 5
926.75 3
930.75 2
932.75 4
935.755 1
940.75 5
945.755 4
946.75 5
950.75 5
952.75 5
955.755 4
956.75 2
962.75 1
965.755 1
966.75 1
970.75 5
972.75 3
975.755 5
980.75 4
982.75 2
985.755 4
986.75 3
996.75 2
1000.75 1
1002.75 2
1010.75 5
1015.76 5
1016.75 4
1020.75 5
1022.75 2
1024.75 1
1025.76 4
1030.75 3
1032.75 2
1055.76 1
1070.75 5
1075.76 6
1080.75 5
1085.76 1
1086.75 3
1090.75 1
1092.75 4
1095.76 5
1096.75 4
1100.75 5
1102.75 3
1110.75 5
1116.75 2
1118.75 1
1120.75 6
1124.75 1
1125.76 6
1126.75 3
1130.75 5
1132.75 4
1135.76 5
1136.75 3
1145.76 1
1146.75 3
1150.75 5
1170.75 4
1172.75 4
1175.76 5
1176.75 3
1178.75 1
1180.75 5
1182.75 3
1185.76 5
1186.75 1
1190.75 4
1192.75 3
1195.76 6
1196.75 3
