5.805 1
10.8 2
12.8 6
14.8 6
15.805 2
16.8 3
18.8 1
20.8 2
22.8 7
24.8 1
25.805 10
26.8 3
32.8 1
36.8 1
42.8 1
52.8 9
54.8 4
55.805 2
56.8 7
58.8 3
60.8 3
86.8 6
88.8 1
90.8 7
92.8 9
96.8 1
102.8 1
105.805 1
106.8 8
108.8 7
110.8 4
112.8 8
114.8 2
115.805 4
120.8 1
128.8 6
130.8 4
132.8 8
135.805 3
145.805 1
148.8 2
150.8 8
152.8 4
155.805 8
156.8 2
158.8 3
160.8 3
162.8 11
164.8 2
165.805 3
166.8 9
168.8 2
170.8 10
172.8 4
175.805 1
185.805 1
195.805 7
196.8 5
198.8 3
200.8 7
202.8 2
204.8 5
205.805 6
206.8 2
208.8 2
210.8 2
212.8 2
214.8 3
215.805 3
216.8 1
218.8 3
220.8 3
222.8 2
224.8 3
225.805 4
226.8 2
228.8 3
230.8 2
232.8 1
234.8 5
235.805 2
240.8 1
242.8 2
244.8 3
245.805 2
246.8 2
248.8 2
250.8 5
254.8 2
256.8 3
258.8 2
260.8 2
262.8 3
264.8 4
265.805 2
268.8 4
270.8 3
272.8 2
274.8 2
275.805 4
276.8 2
278.8 2
280.8 2
282.8 2
285.805 2
286.8 3
288.8 3
290.8 5
292.8 2
294.8 3
295.805 3
296.8 2
298.8 2
300.8 6
302.8 3
304.8 2
305.805 5
306.8 2
310.8 3
312.8 2
315.805 5
316.8 2
318.8 3
320.8 2
322.8 2
324.8 2
325.805 2
326.8 2
328.8 2
330.8 2
332.8 1
335.805 1
338.8 4
340.8 3
342.8 2
344.8 3
345.805 4
346.8 2
348.8 3
350.8 3
352.8 2
354.8 3
355.805 3
356.8 1
358.8 3
360.8 4
362.8 1
364.8 4
365.805 1
366.8 4
368.8 4
370.8 1
372.8 3
374.8 2
378.8 3
380.8 3
382.8 3
384.8 3
385.805 3
386.8 2
388.8 3
390.8 4
392.8 1
394.8 3
395.805 1
396.8 3
398.8 2
400.8 4
402.8 1
404.8 3
405.805 2
406.8 2
408.8 2
410.8 2
412.8 2
415.805 4
416.8 2
418.8 3
420.8 4
422.8 2
424.8 2
425.805 4
426.8 2
430.8 2
432.8 2
434.8 3
435.805 3
436.8 2
438.8 2
440.8 2
442.8 1
445.805 2
446.8 2
450.8 2
452.8 2
454.8 4
455.805 2
456.8 3
458.8 2
460.8 4
462.8 2
464.8 2
465.805 3
466.8 2
468.8 3
470.8 1
472.8 2
474.8 3
475.805 1
476.8 2
478.8 3
480.8 2
482.8 1
484.8 3
485.805 2
486.8 1
488.8 2
490.8 3
492.8 2
494.8 3
495.805 2
496.8 1
498.8 3
500.8 2
502.8 1
504.8 3
505.805 1
506.8 3
508.8 2
510.8 2
514.8 4
515.805 1
516.8 2
518.8 4
520.8 2
522.8 4
524.8 2
525.805 4
526.8 2
528.8 3
530.8 3
532.8 1
534.8 2
535.805 2
536.8 1
538.8 1
540.8 2
542.8 3
544.8 1
545.805 2
546.8 3
548.8 2
550.8 3
552.8 1
554.8 2
555.805 2
556.8 2
558.8 1
560.8 2
562.8 2
564.8 3
565.805 3
566.8 2
568.8 2
570.8 4
572.8 1
574.8 3
575.805 3
576.8 1
580.8 2
582.8 2
584.8 3
585.805 3
586.8 4
588.8 2
590.8 5
592.8 2
594.8 3
595.805 4
596.8 1
598.8 3
600.8 4
602.8 2
604.8 3
605.805 2
606.8 2
608.8 3
610.8 2
612.8 1
614.8 1
616.8 2
618.8 4
620.8 2
622.8 3
624.8 1
625.805 4
628.8 4
630.8 4
632.8 2
634.8 2
635.805 4
636.8 2
638.8 3
640.8 3
642.8 2
644.8 1
645.805 2
646.8 3
648.8 2
650.8 3
652.8 1
654.8 3
655.805 2
656.8 2
658.8 3
660.8 3
662.8 1
664.8 3
665.805 2
666.8 1
668.8 3
670.8 3
672.8 2
674.8 3
675.805 3
676.8 3
678.8 2
680.8 3
682.8 2
684.8 3
685.805 3
686.8 2
690.8 1
692.8 1
694.8 2
695.805 5
696.8 3
698.8 1
700.8 3
702.8 1
704.8 2
705.805 4
706.8 3
708.8 2
710.8 4
712.8 1
714.8 3
715.805 4
716.8 1
718.8 3
720.8 3
722.8 1
724.8 4
725.805 1
726.8 1
728.8 7
730.8 2
732.8 2
734.8 4
735.805 2
738.8 3
740.8 3
742.8 2
744.8 3
745.805 4
746.8 1
748.8 3
750.8 4
752.8 2
754.8 2
755.805 2
756.8 2
758.8 3
760.8 2
762.8 2
764.8 3
765.805 2
766.8 2
768.8 3
770.8 3
772.8 2
774.8 3
775.805 3
776.8 2
778.8 3
780.8 3
782.8 2
784.8 3
785.805 3
786.8 1
788.8 3
790.8 3
792.8 1
794.8 3
795.805 3
796.8 1
798.8 2
800.8 3
802.8 2
804.8 2
805.805 3
806.8 2
808.8 2
810.8 3
812.8 3
814.8 3
815.805 3
816.8 1
818.8 3
820.8 3
824.8 2
825.805 5
826.8 3
828.8 4
830.8 1
832.8 3
835.805 2
836.8 2
838.8 4
840.8 2
842.8 2
844.8 1
845.805 5
846.8 1
848.8 2
850.8 3
852.8 2
855.805 4
856.8 3
858.8 3
860.8 2
862.8 3
864.8 3
865.805 3
870.8 5
872.8 2
874.8 1
875.805 3
876.8 1
878.8 2
880.8 3
882.8 1
884.8 3
885.805 3
886.8 1
890.8 3
892.8 2
894.8 3
895.805 2
896.8 2
900.8 3
902.8 1
904.8 3
905.805 4
906.8 1
908.8 3
910.8 5
912.8 1
914.8 3
915.805 1
916.8 3
918.8 2
920.8 2
922.8 2
925.805 4
926.8 2
928.8 3
930.8 3
932.8 2
934.8 3
935.805 4
936.8 2
938.8 3
940.8 4
942.8 2
944.8 3
945.805 4
950.8 6
952.8 2
955.805 4
956.8 2
958.8 4
960.8 2
962.8 3
964.8 2
965.805 5
966.8 2
968.8 3
970.8 4
972.8 2
974.8 3
975.805 2
976.8 2
978.8 3
980.8 2
982.8 1
984.8 3
985.805 2
986.8 2
988.8 3
990.8 3
992.8 2
994.8 2
995.805 2
996.8 2
998.8 3
1000.8 3
1002.8 1
1004.8 3
1005.81 3
1006.8 1
1008.8 2
1010.8 3
1012.8 2
1014.8 3
1015.81 4
1016.8 2
1020.8 3
1022.8 2
1024.8 3
1025.81 2
1026.8 2
1028.8 2
1030.8 3
1032.8 1
1034.8 3
1035.81 2
1036.8 1
1038.8 2
1040.8 4
1042.8 1
1044.8 2
1045.81 1
1046.8 4
1048.8 2
1050.8 2
1052.8 1
1055.81 1
1056.8 3
1058.8 3
1060.8 3
1062.8 2
1064.8 2
1065.81 2
1066.8 1
1068.8 3
1070.8 2
1072.8 3
1074.8 1
1075.81 3
1076.8 2
1078.8 4
1080.8 3
1082.8 2
1084.8 2
1085.81 4
1086.8 1
1088.8 5
1090.8 3
1092.8 2
1094.8 3
1095.81 4
1096.8 2
1098.8 3
1100.8 3
1102.8 2
1104.8 3
1105.81 2
1106.8 1
1110.8 2
1112.8 3
1114.8 3
1115.81 3
1116.8 2
1118.8 3
1120.8 5
1122.8 3
1124.8 2
1125.81 4
1126.8 3
1128.8 2
1130.8 4
1132.8 2
1134.8 3
1135.81 3
1136.8 1
1138.8 4
1140.8 2
1142.8 2
1144.8 3
1145.81 2
1146.8 2
1148.8 4
1150.8 3
1152.8 2
1154.8 3
1155.81 3
1156.8 1
1158.8 2
1160.8 3
1162.8 1
1164.8 2
1165.81 3
1166.8 1
1168.8 1
1170.8 3
1172.8 2
1176.8 2
1180.8 3
1182.8 2
1184.8 3
1185.81 3
1186.8 1
1188.8 2
1190.8 1
1192.8 1
1194.8 2
1195.81 1
1196.8 1
1198.8 2
