5.855 1
6.85 6
8.85 4
10.85 3
12.85 6
14.85 1
15.855 3
16.85 3
20.85 4
22.85 5
24.85 1
25.855 11
50.85 9
52.85 4
55.855 3
56.85 6
58.85 5
60.85 6
62.85 3
65.855 4
72.85 1
74.85 2
75.855 6
76.85 4
78.85 2
80.85 8
82.85 5
85.855 9
86.85 5
90.85 8
92.85 6
95.855 3
96.85 1
100.85 1
102.85 2
105.855 1
106.85 4
108.85 1
110.85 6
112.85 5
114.85 2
115.855 1
116.85 3
118.85 3
122.85 1
126.85 1
128.85 6
130.85 1
142.85 1
144.85 2
146.85 1
148.85 1
155.855 6
156.85 6
158.85 1
160.85 3
162.85 10
164.85 1
165.855 7
166.85 3
170.85 14
172.85 1
175.855 8
176.85 4
180.85 10
182.85 1
185.855 5
186.85 4
190.85 5
196.85 6
198.85 2
200.85 7
204.85 1
206.85 3
210.85 5
212.85 2
215.855 5
216.85 3
220.85 5
222.85 3
225.855 6
226.85 3
230.85 7
232.85 2
235.855 6
236.85 2
240.85 4
242.85 3
245.855 5
246.85 2
250.85 5
252.85 4
255.855 6
256.85 3
260.85 3
262.85 3
265.855 5
266.85 3
270.85 4
272.85 3
275.855 4
280.85 6
282.85 1
284.85 1
285.855 6
286.85 3
290.85 7
292.85 3
295.855 6
296.85 3
300.85 6
302.85 2
304.85 1
305.855 7
306.85 3
310.85 6
312.85 3
315.855 4
316.85 5
320.85 2
322.85 2
325.855 1
326.85 1
330.85 4
335.855 3
336.85 4
340.85 1
342.85 5
345.855 6
346.85 3
350.85 6
352.85 2
355.855 4
356.85 2
360.85 6
362.85 3
365.855 7
366.85 2
370.85 6
372.85 3
375.855 6
376.85 3
380.85 5
382.85 4
385.855 4
386.85 4
388.85 1
390.85 6
392.85 1
395.855 6
396.85 1
400.85 7
402.85 1
405.855 1
406.85 1
410.85 3
412.85 3
415.855 5
416.85 1
418.85 1
420.85 4
422.85 2
425.855 5
426.85 3
430.85 5
432.85 2
435.855 6
436.85 2
440.85 6
442.85 2
445.855 6
450.85 6
452.85 2
455.855 6
456.85 1
458.85 1
460.85 2
462.85 3
465.855 6
466.85 2
470.85 4
472.85 2
475.855 5
476.85 2
480.85 3
482.85 3
485.855 3
486.85 3
490.85 4
492.85 1
495.855 5
496.85 1
500.85 5
502.85 1
505.855 4
506.85 2
510.85 6
515.855 5
516.85 2
520.85 5
522.85 3
524.85 2
525.855 6
526.85 2
528.85 1
530.85 6
532.85 1
535.855 4
536.85 1
540.85 5
542.85 2
545.855 3
550.85 4
552.85 2
555.855 4
556.85 2
560.85 4
562.85 3
565.855 4
566.85 2
568.85 1
570.85 4
572.85 4
576.85 5
580.85 5
582.85 2
585.855 1
586.85 2
588.85 1
590.85 7
592.85 2
594.85 1
595.855 5
600.85 5
602.85 4
605.855 5
606.85 2
610.85 5
612.85 2
615.855 5
616.85 2
620.85 6
622.85 3
625.855 6
626.85 3
630.85 5
632.85 2
634.85 1
635.855 6
636.85 3
640.85 4
642.85 3
645.855 6
646.85 3
650.85 5
652.85 1
655.855 4
660.85 1
662.85 3
665.855 3
666.85 3
670.85 4
672.85 4
675.855 6
676.85 1
680.85 5
684.85 1
685.855 5
686.85 3
690.85 5
692.85 2
695.855 6
696.85 2
700.85 4
702.85 4
705.855 5
706.85 2
710.85 5
712.85 2
715.855 6
716.85 2
720.85 5
722.85 3
725.855 6
726.85 3
730.85 2
732.85 3
735.855 7
736.85 2
740.85 6
742.85 2
745.855 7
746.85 2
750.85 6
752.85 2
755.855 5
756.85 2
760.85 5
762.85 2
765.855 5
770.85 6
772.85 2
775.855 5
776.85 3
780.85 6
782.85 2
785.855 6
786.85 1
790.85 5
792.85 2
795.855 5
796.85 2
800.85 2
802.85 3
805.855 4
810.85 6
812.85 3
815.855 6
816.85 1
820.85 6
822.85 3
825.855 6
826.85 3
830.85 5
832.85 3
835.855 5
836.85 1
838.85 2
840.85 6
842.85 2
845.855 6
846.85 2
850.85 7
852.85 2
855.855 6
856.85 1
858.85 1
860.85 6
862.85 2
865.855 6
866.85 2
870.85 6
872.85 3
875.855 6
876.85 1
880.85 6
882.85 1
885.855 5
886.85 2
890.85 6
895.855 4
896.85 1
900.85 5
902.85 2
905.855 6
906.85 2
910.85 5
912.85 4
915.855 4
916.85 1
918.85 1
920.85 4
922.85 2
925.855 4
926.85 4
930.85 3
932.85 5
935.855 5
940.85 4
945.855 5
946.85 4
950.85 6
952.85 4
955.855 5
956.85 2
960.85 5
964.85 1
965.855 7
966.85 3
970.85 5
972.85 3
975.855 6
976.85 1
980.85 5
982.85 1
985.855 5
986.85 2
990.85 4
995.855 1
996.85 2
1000.85 6
1002.85 1
1005.86 5
1006.85 1
1010.85 6
1012.85 2
1015.86 6
1016.85 3
1020.85 6
1022.85 1
1024.85 1
1025.86 5
1026.85 2
1030.85 4
1035.86 4
1036.85 1
1040.85 5
1042.85 2
1045.86 4
1046.85 3
1050.85 4
1052.85 2
1055.86 5
1056.85 2
1060.85 4
1062.85 3
1065.86 5
1066.85 3
1070.85 6
1075.86 7
1076.85 3
1080.85 6
1082.85 3
1085.86 5
1086.85 2
1090.85 5
1092.85 3
1095.86 6
1096.85 3
1100.85 6
1102.85 2
1105.86 4
1106.85 2
1110.85 6
1112.85 2
1115.86 5
1116.85 2
1118.85 1
1120.85 7
1124.85 1
1125.86 7
1126.85 2
1130.85 1
1132.85 5
1135.86 6
1136.85 2
1140.85 5
1144.85 2
1145.86 4
1146.85 4
1150.85 4
1155.86 4
1156.85 1
1160.85 5
1162.85 1
1165.86 5
1166.85 1
1170.85 3
1172.85 5
1176.85 4
1178.85 1
1180.85 6
1182.85 2
1185.86 6
1186.85 1
1190.85 5
1192.85 2
1195.86 7
1196.85 2
