6.1 2
8.1 2
12.1 2
14.1 1
28.1 5
30.1 6
32.1 9
34.1 2
35.105 1
36.1 5
48.1 1
50.1 5
52.1 5
54.1 2
56.1 1
62.1 1
66.1 2
68.1 6
70.1 5
72.1 4
74.1 3
92.1 7
94.1 5
100.1 7
102.1 6
104.1 2
105.105 1
106.1 9
108.1 10
110.1 1
112.1 3
114.1 7
115.105 3
116.1 3
118.1 6
120.1 2
122.1 3
124.1 10
126.1 4
132.1 1
134.1 8
136.1 1
138.1 1
155.105 3
156.1 4
158.1 8
160.1 1
162.1 7
164.1 4
170.1 2
172.1 2
174.1 4
175.105 8
176.1 2
178.1 3
180.1 8
182.1 3
184.1 5
185.105 3
186.1 1
188.1 4
190.1 3
196.1 2
202.1 2
204.1 5
206.1 1
232.1 1
290.1 1
292.1 1
296.1 1
302.1 4
304.1 1
306.1 1
362.1 1
364.1 1
366.1 1
382.1 1
434.1 1
488.1 2
490.1 1
522.1 1
586.1 5
672.1 2
674.1 4
676.1 4
696.1 4
736.1 1
738.1 4
746.1 1
852.1 1
912.1 1
932.1 1
936.1 1
962.1 1
966.1 1
1016.1 1
1072.1 5
1074.1 1
1076.1 1
1078.1 5
1120.1 1
1122.1 1
1124.1 2
1126.1 5
1128.1 1
1184.1 4
1185.11 1
