6.15 1
8.15 1
12.15 3
14.15 2
16.15 3
20.15 3
22.15 6
24.15 7
25.155 2
26.15 3
30.15 6
32.15 4
34.15 5
35.155 1
36.15 9
38.15 2
40.15 2
42.15 1
44.15 1
45.155 1
46.15 3
50.15 5
66.15 7
70.15 6
72.15 3
74.15 6
75.155 1
76.15 4
90.15 7
92.15 5
94.15 3
95.155 4
96.15 7
105.155 7
106.15 3
108.15 7
110.15 2
112.15 2
114.15 7
115.155 4
154.15 9
155.155 4
156.15 8
158.15 3
160.15 2
162.15 7
164.15 3
165.155 1
166.15 4
168.15 2
170.15 1
172.15 5
174.15 8
176.15 4
178.15 3
180.15 7
182.15 2
195.155 1
196.15 1
200.15 1
204.15 5
205.155 1
256.15 1
262.15 1
276.15 1
290.15 2
292.15 1
295.155 1
300.15 3
302.15 2
305.155 1
306.15 1
316.15 1
342.15 1
346.15 1
362.15 1
365.155 1
372.15 1
380.15 1
418.15 2
420.15 3
422.15 5
425.155 2
426.15 4
462.15 1
518.15 2
520.15 4
522.15 3
526.15 1
572.15 1
585.155 1
586.15 4
590.15 1
596.15 1
622.15 1
632.15 1
636.15 1
722.15 1
726.15 1
732.15 1
745.155 1
826.15 1
870.15 1
872.15 1
906.15 1
910.15 1
926.15 1
935.155 1
936.15 1
942.15 1
946.15 1
948.15 2
950.15 2
952.15 2
954.15 1
965.155 1
1015.16 1
1042.15 1
1066.15 1
1074.15 1
1075.16 1
1076.15 1
1078.15 4
1120.15 2
1122.15 2
1124.15 1
1125.16 1
1126.15 4
1128.15 1
1130.15 1
1172.15 1
1176.15 2
1184.15 2
1198.15 1
