6.2 7
8.2 3
10.2 2
12.2 6
16.2 3
20.2 6
22.2 3
24.2 3
25.205 5
26.2 4
30.2 7
32.2 8
48.2 8
50.2 1
52.2 7
54.2 3
55.205 1
56.2 7
58.2 4
60.2 3
62.2 7
64.2 5
65.205 3
66.2 5
68.2 5
70.2 3
72.2 5
74.2 1
75.205 3
76.2 4
78.2 5
80.2 1
82.2 2
84.2 6
85.205 5
88.2 6
90.2 4
92.2 4
94.2 5
95.205 5
96.2 4
98.2 7
100.2 1
102.2 7
104.2 3
105.205 3
106.2 9
108.2 4
110.2 1
112.2 10
114.2 3
116.2 5
118.2 1
122.2 1
124.2 9
125.205 2
126.2 6
128.2 2
130.2 1
132.2 10
134.2 2
135.205 2
136.2 5
138.2 5
140.2 1
142.2 5
144.2 2
146.2 5
150.2 3
152.2 5
160.2 1
162.2 7
164.2 3
165.205 1
166.2 5
178.2 2
180.2 8
182.2 4
195.205 2
200.2 1
202.2 6
204.2 2
205.205 7
206.2 5
208.2 3
212.2 3
214.2 4
216.2 4
218.2 4
222.2 4
224.2 4
225.205 1
226.2 4
228.2 4
230.2 1
232.2 3
234.2 5
236.2 4
238.2 4
242.2 3
244.2 4
246.2 3
248.2 1
250.2 3
252.2 4
254.2 2
255.205 3
256.2 4
258.2 2
262.2 4
264.2 5
266.2 4
268.2 4
272.2 4
274.2 3
276.2 5
278.2 3
282.2 3
284.2 4
285.205 1
286.2 4
288.2 4
290.2 1
292.2 5
294.2 4
295.205 1
296.2 4
298.2 2
300.2 4
302.2 3
304.2 3
305.205 3
306.2 4
308.2 2
312.2 3
314.2 2
316.2 5
318.2 5
322.2 3
324.2 3
326.2 4
328.2 2
332.2 3
334.2 3
336.2 3
338.2 4
342.2 3
344.2 2
345.205 3
346.2 4
348.2 5
352.2 4
354.2 4
356.2 1
358.2 2
360.2 3
362.2 5
364.2 4
366.2 5
368.2 4
372.2 4
374.2 2
375.205 3
376.2 5
378.2 3
380.2 1
382.2 4
384.2 1
385.205 3
386.2 3
388.2 2
390.2 3
392.2 4
394.2 1
395.205 4
396.2 3
398.2 2
400.2 1
402.2 4
404.2 3
406.2 4
408.2 2
412.2 3
414.2 1
415.205 3
416.2 1
418.2 5
420.2 1
422.2 3
424.2 3
426.2 5
428.2 3
432.2 3
434.2 4
435.205 1
436.2 3
438.2 3
442.2 3
444.2 5
446.2 4
448.2 4
452.2 4
454.2 4
456.2 3
458.2 3
460.2 1
462.2 5
464.2 3
466.2 4
468.2 4
472.2 3
474.2 3
476.2 3
478.2 1
480.2 3
482.2 2
484.2 1
485.205 3
486.2 2
488.2 2
490.2 3
492.2 2
494.2 4
496.2 3
498.2 3
502.2 3
504.2 3
506.2 3
508.2 3
512.2 4
514.2 4
516.2 3
518.2 4
520.2 1
522.2 5
524.2 4
526.2 1
528.2 4
530.2 4
532.2 4
534.2 2
536.2 3
538.2 1
542.2 4
544.2 2
545.205 1
546.2 3
548.2 3
552.2 4
554.2 2
556.2 3
558.2 2
562.2 4
564.2 3
566.2 4
568.2 3
572.2 5
575.205 3
576.2 4
578.2 4
582.2 4
584.2 3
586.2 5
588.2 4
590.2 1
592.2 2
594.2 6
595.205 1
596.2 2
598.2 7
602.2 5
604.2 4
606.2 3
608.2 4
612.2 3
614.2 1
615.205 3
616.2 3
618.2 4
622.2 5
624.2 1
625.205 3
626.2 5
628.2 4
632.2 5
634.2 3
636.2 5
638.2 4
642.2 4
644.2 2
646.2 4
648.2 3
652.2 3
654.2 1
655.205 3
656.2 3
658.2 1
660.2 3
662.2 3
664.2 1
665.205 3
666.2 2
668.2 1
670.2 4
672.2 4
674.2 3
675.205 1
676.2 3
678.2 1
680.2 2
682.2 3
684.2 2
685.205 3
686.2 3
688.2 2
690.2 3
692.2 2
694.2 2
695.205 4
696.2 4
698.2 1
700.2 2
702.2 2
704.2 2
705.205 3
706.2 2
708.2 2
710.2 2
712.2 4
714.2 1
715.205 3
716.2 4
718.2 4
722.2 4
724.2 4
726.2 2
728.2 7
732.2 4
734.2 4
735.205 1
736.2 5
738.2 3
740.2 1
742.2 2
744.2 2
745.205 4
746.2 4
748.2 3
750.2 1
752.2 4
754.2 3
756.2 3
758.2 4
762.2 2
764.2 2
765.205 3
766.2 2
768.2 2
770.2 3
772.2 4
774.2 4
776.2 4
778.2 4
782.2 3
784.2 2
785.205 3
786.2 3
788.2 1
790.2 3
792.2 4
794.2 3
796.2 3
798.2 2
800.2 1
802.2 3
804.2 3
805.205 1
806.2 3
808.2 3
812.2 5
814.2 4
816.2 4
820.2 4
822.2 2
824.2 2
825.205 3
826.2 5
828.2 4
832.2 4
834.2 4
836.2 2
838.2 4
840.2 2
842.2 4
844.2 1
845.205 3
846.2 3
848.2 2
850.2 1
852.2 4
854.2 2
855.205 2
856.2 1
858.2 6
860.2 1
862.2 4
864.2 4
865.205 1
866.2 3
868.2 3
870.2 1
872.2 5
874.2 2
876.2 4
878.2 2
882.2 3
884.2 1
885.205 3
886.2 3
888.2 4
892.2 4
894.2 4
896.2 3
898.2 1
902.2 3
904.2 1
905.205 3
906.2 4
908.2 4
910.2 1
912.2 5
914.2 3
916.2 3
918.2 3
922.2 3
926.2 1
928.2 7
932.2 4
934.2 4
935.205 1
936.2 5
938.2 3
942.2 5
944.2 4
946.2 4
948.2 2
950.2 3
952.2 2
954.2 4
955.205 3
956.2 3
958.2 4
962.2 4
964.2 3
965.205 2
966.2 4
968.2 4
970.2 1
972.2 4
974.2 1
975.205 3
976.2 3
978.2 1
980.2 3
982.2 3
984.2 3
986.2 3
988.2 4
992.2 4
994.2 3
996.2 2
998.2 4
1002.2 4
1004.2 3
1006.2 4
1008.2 2
1012.2 4
1014.2 4
1016.2 4
1018.2 2
1022.2 3
1024.2 2
1025.2 3
1026.2 2
1028.2 2
1030.2 3
1032.2 3
1034.2 3
1036.2 3
1038.2 2
1042.2 5
1044.2 2
1046.2 4
1048.2 3
1052.2 3
1054.2 3
1056.2 3
1058.2 4
1062.2 4
1064.2 3
1066.2 4
1068.2 4
1072.2 5
1074.2 3
1075.2 1
1076.2 4
1078.2 4
1080.2 2
1082.2 3
1084.2 2
1085.2 3
1086.2 2
1088.2 5
1092.2 4
1094.2 1
1095.2 4
1096.2 3
1098.2 2
1100.2 3
1102.2 4
1104.2 4
1106.2 3
1108.2 3
1112.2 4
1114.2 1
1115.2 3
1116.2 3
1118.2 5
1120.2 1
1122.2 5
1124.2 4
1126.2 5
1128.2 4
1132.2 4
1134.2 2
1135.2 3
1136.2 4
1138.2 4
1142.2 3
1144.2 3
1145.2 1
1146.2 4
1148.2 4
1152.2 4
1154.2 4
1156.2 3
1158.2 2
1162.2 4
1164.2 2
1166.2 4
1168.2 1
1172.2 4
1174.2 1
1175.2 3
1176.2 1
1178.2 5
1182.2 4
1184.2 4
1185.2 1
1186.2 3
1190.2 2
1192.2 2
1194.2 2
1195.2 4
1196.2 3
1198.2 2
