36.25 9
38.25 1
40.25 1
42.25 1
45.255 1
46.25 3
48.25 6
52.25 4
54.25 3
55.255 3
56.25 3
58.25 5
60.25 1
76.25 1
78.25 8
82.25 2
84.25 8
90.25 11
92.25 4
94.25 4
95.255 7
96.25 2
98.25 7
100.25 2
102.25 3
104.25 7
105.255 3
106.25 3
108.25 4
110.25 3
112.25 2
114.25 8
115.255 3
130.25 2
132.25 1
134.25 7
144.25 6
145.255 1
146.25 4
148.25 4
155.255 4
170.25 4
172.25 4
174.25 8
175.255 2
176.25 5
184.25 8
186.25 5
188.25 3
190.25 1
192.25 2
194.25 3
195.255 1
196.25 8
198.25 5
