5.355 2
6.35 4
10.35 2
12.35 3
15.355 1
16.35 2
18.35 3
22.35 8
25.355 1
26.35 1
28.35 5
30.35 6
32.35 6
35.355 3
36.35 7
38.35 2
40.35 3
44.35 1
45.355 3
46.35 1
48.35 5
50.35 3
52.35 4
54.35 3
55.355 2
56.35 6
58.35 6
60.35 2
62.35 6
64.35 2
65.355 3
66.35 4
68.35 4
70.35 7
72.35 4
74.35 2
75.355 5
76.35 2
78.35 4
80.35 2
82.35 7
84.35 4
85.355 3
86.35 6
88.35 2
90.35 7
92.35 6
94.35 5
95.355 2
96.35 5
98.35 4
100.35 2
102.35 5
104.35 1
106.35 3
108.35 4
110.35 4
112.35 7
114.35 3
115.355 1
116.35 8
118.35 1
120.35 2
122.35 10
124.35 2
125.355 2
126.35 5
128.35 2
130.35 2
132.35 8
135.355 1
136.35 1
138.35 4
140.35 4
142.35 5
144.35 1
145.355 2
146.35 3
150.35 6
152.35 6
154.35 3
155.355 3
156.35 6
158.35 2
160.35 2
162.35 11
164.35 3
165.355 2
166.35 6
168.35 5
170.35 2
172.35 10
174.35 2
175.355 3
176.35 2
178.35 8
180.35 4
182.35 4
184.35 3
185.355 1
186.35 4
188.35 3
190.35 1
192.35 2
195.355 3
196.35 8
198.35 4
200.35 5
202.35 4
204.35 5
205.355 4
206.35 4
208.35 2
212.35 3
214.35 4
216.35 3
218.35 5
222.35 4
224.35 4
226.35 4
228.35 5
230.35 1
232.35 4
234.35 4
236.35 4
238.35 4
242.35 3
244.35 4
246.35 3
248.35 3
250.35 1
252.35 5
254.35 4
256.35 5
258.35 1
262.35 5
264.35 4
266.35 4
268.35 4
272.35 4
274.35 3
276.35 3
278.35 5
282.35 4
284.35 4
286.35 4
288.35 4
290.35 1
292.35 5
294.35 4
295.355 1
296.35 5
298.35 4
300.35 2
302.35 4
304.35 3
306.35 6
312.35 4
314.35 1
315.355 1
316.35 5
318.35 4
322.35 3
330.35 2
332.35 4
334.35 4
336.35 3
338.35 4
342.35 4
344.35 4
346.35 4
348.35 5
352.35 4
354.35 4
356.35 3
358.35 3
362.35 5
364.35 4
366.35 5
368.35 4
372.35 5
374.35 4
376.35 5
378.35 3
382.35 5
384.35 4
386.35 4
388.35 4
390.35 1
392.35 3
394.35 4
396.35 3
398.35 3
402.35 4
404.35 4
406.35 3
408.35 3
412.35 3
414.35 4
416.35 3
418.35 4
422.35 4
424.35 2
426.35 5
428.35 3
432.35 3
434.35 4
436.35 4
438.35 3
442.35 4
444.35 4
446.35 4
448.35 4
452.35 4
454.35 4
456.35 4
458.35 3
462.35 4
464.35 4
466.35 4
468.35 4
472.35 3
474.35 3
476.35 3
478.35 4
482.35 1
484.35 4
486.35 2
488.35 3
490.35 1
492.35 3
494.35 4
496.35 2
498.35 4
502.35 2
504.35 4
506.35 3
508.35 3
512.35 4
514.35 4
516.35 4
518.35 3
520.35 2
522.35 4
524.35 4
526.35 5
528.35 4
532.35 3
534.35 3
536.35 2
538.35 2
542.35 4
544.35 2
545.355 1
546.35 3
548.35 3
552.35 2
554.35 4
556.35 3
558.35 2
562.35 4
564.35 3
566.35 4
568.35 3
572.35 3
574.35 5
576.35 4
578.35 4
582.35 4
584.35 3
586.35 5
588.35 4
592.35 5
594.35 5
595.355 1
596.35 5
598.35 3
602.35 5
604.35 4
606.35 3
608.35 4
612.35 3
614.35 4
616.35 3
618.35 4
622.35 4
624.35 5
626.35 5
628.35 4
632.35 5
634.35 3
636.35 4
638.35 5
642.35 4
644.35 2
646.35 4
648.35 3
650.35 1
652.35 2
654.35 4
656.35 3
658.35 4
662.35 3
664.35 4
666.35 2
668.35 4
672.35 4
674.35 4
676.35 1
678.35 3
682.35 3
684.35 5
686.35 4
688.35 4
692.35 3
694.35 4
696.35 4
698.35 3
702.35 4
704.35 4
706.35 3
708.35 3
710.35 1
712.35 2
714.35 5
716.35 3
718.35 5
722.35 3
724.35 5
726.35 5
728.35 4
732.35 5
734.35 3
736.35 5
738.35 4
742.35 4
744.35 4
745.355 2
746.35 2
748.35 4
750.35 1
752.35 4
754.35 3
756.35 3
758.35 4
762.35 3
764.35 4
766.35 3
768.35 4
772.35 4
774.35 4
776.35 3
778.35 5
782.35 4
784.35 4
786.35 3
788.35 4
792.35 2
794.35 5
796.35 2
800.35 1
802.35 3
804.35 3
805.355 1
806.35 3
808.35 3
812.35 5
814.35 4
816.35 3
818.35 4
822.35 4
824.35 4
825.355 1
826.35 5
828.35 3
832.35 4
834.35 4
836.35 3
838.35 5
842.35 4
844.35 4
846.35 4
848.35 1
852.35 5
854.35 4
856.35 4
858.35 4
862.35 4
864.35 4
866.35 4
868.35 3
870.35 2
872.35 5
876.35 3
878.35 3
882.35 3
884.35 4
886.35 2
892.35 4
894.35 4
896.35 3
902.35 2
904.35 5
906.35 3
912.35 9
914.35 3
916.35 3
918.35 3
922.35 2
926.35 4
928.35 4
932.35 3
934.35 5
936.35 6
938.35 3
940.35 1
942.35 5
944.35 3
946.35 5
948.35 4
952.35 6
954.35 3
955.355 1
956.35 3
958.35 3
962.35 4
964.35 3
965.355 1
966.35 5
968.35 4
970.35 1
972.35 4
974.35 4
976.35 3
978.35 4
982.35 2
986.35 6
988.35 4
992.35 3
994.35 4
996.35 3
998.35 3
1002.35 3
1004.35 4
1006.35 3
1008.35 3
1012.35 4
1014.35 4
1016.35 3
1018.35 3
1022.35 4
1024.35 4
1026.35 3
1028.35 3
1032.35 3
1034.35 4
1036.35 2
1038.35 3
1042.35 3
1044.35 4
1046.35 4
1048.35 3
1052.35 3
1054.35 3
1056.35 3
1058.35 4
1062.35 4
1064.35 3
1066.35 5
1068.35 3
1072.35 4
1074.35 4
1076.35 6
1078.35 4
1082.35 5
1084.35 4
1086.35 3
1088.35 4
1092.35 4
1094.35 4
1096.35 4
1098.35 5
1102.35 4
1104.35 4
1106.35 3
1108.35 3
1112.35 4
1114.35 4
1116.35 4
1118.35 4
1122.35 2
1124.35 6
1125.36 3
1126.35 5
1128.35 3
1132.35 4
1134.35 5
1136.35 4
1138.35 4
1142.35 4
1144.35 3
1146.35 4
1148.35 4
1152.35 4
1154.35 4
1156.35 3
1158.35 2
1162.35 2
1164.35 3
1166.35 3
1168.35 2
1172.35 4
1174.35 4
1175.36 1
1176.35 4
1178.35 1
1180.35 1
1182.35 3
1184.35 4
1186.35 3
1188.35 3
1192.35 3
1194.35 4
1196.35 5
1198.35 4
