6.4 1
10.4 2
12.4 1
14.4 2
15.405 3
18.4 3
20.4 4
22.4 5
24.4 4
25.405 5
28.4 6
30.4 4
32.4 7
34.4 1
35.405 1
38.4 4
40.4 3
42.4 4
44.4 2
45.405 1
46.4 4
48.4 2
50.4 5
52.4 5
55.405 5
56.4 5
58.4 4
60.4 2
62.4 6
64.4 5
66.4 4
68.4 6
70.4 7
72.4 4
74.4 2
75.405 3
76.4 6
80.4 2
84.4 9
85.405 6
86.4 6
88.4 2
90.4 6
92.4 10
96.4 11
98.4 1
100.4 1
102.4 9
104.4 3
105.405 1
106.4 11
108.4 2
110.4 5
112.4 6
114.4 2
116.4 1
124.4 5
125.405 5
126.4 3
128.4 6
130.4 1
132.4 10
134.4 1
135.405 4
136.4 6
138.4 3
140.4 1
142.4 4
144.4 1
145.405 3
146.4 5
148.4 2
150.4 3
152.4 7
154.4 1
155.405 3
156.4 7
158.4 1
160.4 2
162.4 9
164.4 1
165.405 4
166.4 2
170.4 5
172.4 9
174.4 5
175.405 5
176.4 5
178.4 3
180.4 1
182.4 10
186.4 8
188.4 1
190.4 1
192.4 2
194.4 3
195.405 5
196.4 6
198.4 4
200.4 4
202.4 7
204.4 1
205.405 5
206.4 4
210.4 2
212.4 5
215.405 2
216.4 6
220.4 2
222.4 6
225.405 3
226.4 6
230.4 4
232.4 5
235.405 3
236.4 5
240.4 2
242.4 5
245.405 2
246.4 4
248.4 1
250.4 3
252.4 6
255.405 3
256.4 5
260.4 3
262.4 6
265.405 3
266.4 5
270.4 2
272.4 5
275.405 2
276.4 6
280.4 3
282.4 4
284.4 1
285.405 3
286.4 5
288.4 1
290.4 4
292.4 5
294.4 1
295.405 4
296.4 5
300.4 3
302.4 5
304.4 1
305.405 4
306.4 6
310.4 3
312.4 5
314.4 1
315.405 3
316.4 6
320.4 2
322.4 4
325.405 3
326.4 3
330.4 2
332.4 4
335.405 2
336.4 5
340.4 2
342.4 6
345.405 3
346.4 6
350.4 3
352.4 5
355.405 3
356.4 3
360.4 3
362.4 6
365.405 4
366.4 5
370.4 3
372.4 6
375.405 3
376.4 5
380.4 4
382.4 5
385.405 3
386.4 5
388.4 1
390.4 3
392.4 4
395.405 3
396.4 3
400.4 4
402.4 4
405.405 3
406.4 3
410.4 2
412.4 5
415.405 2
416.4 4
418.4 1
420.4 3
422.4 3
425.405 3
426.4 5
430.4 2
432.4 5
435.405 3
436.4 4
440.4 3
442.4 5
445.405 3
446.4 5
450.4 3
452.4 5
455.405 3
456.4 3
458.4 1
460.4 3
462.4 5
465.405 3
466.4 5
470.4 2
472.4 4
475.405 2
476.4 5
480.4 2
482.4 4
485.405 2
486.4 3
488.4 1
490.4 3
492.4 4
495.405 2
496.4 4
500.4 2
502.4 4
505.405 2
506.4 4
510.4 3
512.4 5
515.405 2
516.4 5
520.4 4
522.4 4
524.4 2
525.405 3
526.4 5
528.4 1
530.4 3
532.4 3
535.405 2
536.4 2
540.4 3
542.4 3
544.4 1
545.405 2
546.4 4
550.4 2
552.4 4
555.405 2
556.4 3
560.4 3
562.4 4
565.405 3
566.4 3
568.4 1
570.4 3
572.4 5
575.405 2
576.4 6
580.4 3
582.4 4
585.405 4
586.4 4
588.4 1
590.4 4
592.4 5
594.4 1
595.405 2
596.4 7
600.4 2
602.4 7
605.405 2
606.4 5
610.4 2
612.4 5
615.405 2
616.4 5
620.4 3
622.4 6
625.405 3
626.4 6
630.4 3
632.4 4
634.4 1
635.405 3
636.4 6
640.4 2
642.4 4
645.405 3
646.4 4
648.4 1
650.4 2
652.4 4
655.405 3
656.4 4
660.4 3
662.4 4
665.405 2
666.4 4
670.4 3
672.4 5
675.405 3
676.4 4
680.4 2
682.4 5
684.4 1
685.405 2
686.4 6
690.4 2
692.4 5
695.405 3
696.4 4
700.4 3
702.4 5
705.405 2
706.4 4
708.4 1
710.4 2
712.4 5
715.405 3
716.4 5
720.4 2
722.4 6
725.405 3
726.4 6
730.4 3
732.4 5
735.405 4
736.4 5
740.4 3
742.4 5
745.405 4
746.4 4
748.4 1
750.4 3
752.4 4
755.405 2
756.4 5
760.4 2
762.4 5
765.405 2
766.4 5
770.4 3
772.4 5
775.405 2
776.4 6
780.4 3
782.4 5
785.405 3
786.4 4
790.4 2
792.4 5
795.405 2
796.4 3
798.4 1
800.4 2
802.4 4
804.4 1
805.405 2
806.4 4
810.4 3
812.4 6
815.405 3
816.4 4
820.4 3
822.4 5
824.4 1
825.405 3
826.4 5
830.4 2
832.4 6
835.405 2
836.4 4
838.4 2
840.4 3
842.4 5
845.405 3
846.4 5
850.4 4
852.4 5
855.405 3
856.4 4
858.4 1
860.4 3
862.4 5
865.405 3
866.4 4
870.4 4
872.4 4
875.405 3
876.4 3
880.4 3
882.4 4
885.405 2
886.4 5
890.4 3
892.4 5
895.405 3
896.4 4
900.4 2
902.4 5
905.405 3
906.4 5
910.4 3
912.4 6
915.405 2
916.4 3
918.4 1
920.4 2
922.4 4
925.405 3
926.4 5
930.4 2
932.4 6
935.405 4
936.4 5
940.4 3
942.4 6
945.405 2
946.4 7
950.4 3
952.4 6
954.4 1
955.405 2
956.4 4
960.4 3
962.4 4
964.4 1
965.405 4
966.4 5
968.4 1
970.4 3
972.4 5
975.405 3
976.4 4
980.4 2
982.4 4
985.405 2
986.4 5
990.4 2
992.4 5
995.405 2
996.4 4
1000.4 3
1002.4 4
1005.41 3
1006.4 3
1010.4 3
1012.4 5
1015.41 2
1016.4 7
1020.4 3
1022.4 4
1024.4 1
1025.41 2
1026.4 4
1030.4 3
1032.4 4
1035.41 2
1036.4 3
1040.4 3
1042.4 4
1045.41 2
1046.4 5
1050.4 2
1052.4 4
1055.41 2
1056.4 5
1060.4 3
1062.4 4
1065.41 3
1066.4 5
1070.4 3
1072.4 5
1075.41 4
1076.4 6
1080.4 3
1082.4 6
1085.41 2
1086.4 5
1090.4 2
1092.4 6
1095.41 3
1096.4 6
1100.4 3
1102.4 5
1105.41 2
1106.4 4
1110.4 3
1112.4 5
1115.41 3
1116.4 4
1118.4 1
1120.4 4
1122.4 6
1125.41 4
1126.4 5
1130.4 3
1132.4 6
1135.41 3
1136.4 5
1140.4 3
1142.4 2
1144.4 2
1145.41 3
1146.4 5
1150.4 3
1152.4 5
1155.41 3
1156.4 2
1160.4 3
1162.4 3
1165.41 3
1166.4 2
1170.4 2
1172.4 6
1175.41 3
1176.4 5
1178.4 1
1180.4 3
1182.4 5
1185.41 3
1186.4 3
1190.4 2
1192.4 5
1195.41 4
1196.4 5
