6.45 2
8.45 7
10.45 2
12.45 6
15.455 1
16.45 1
18.45 1
22.45 2
24.45 5
25.455 2
26.45 2
28.45 9
30.45 6
32.45 5
34.45 1
35.455 4
36.45 7
38.45 2
40.45 1
42.45 7
44.45 1
46.45 3
52.45 2
54.45 1
56.45 9
58.45 2
60.45 4
62.45 5
64.45 5
65.455 1
66.45 4
68.45 5
70.45 1
72.45 8
74.45 2
75.455 1
76.45 8
78.45 1
80.45 1
82.45 1
84.45 11
85.455 1
86.45 10
88.45 4
92.45 10
94.45 4
96.45 9
98.45 3
100.45 3
102.45 8
104.45 2
105.455 4
106.45 9
108.45 1
110.45 6
112.45 5
114.45 2
115.455 1
116.45 1
120.45 4
122.45 1
128.45 2
130.45 4
132.45 7
134.45 6
136.45 3
142.45 8
144.45 3
146.45 3
148.45 1
152.45 5
156.45 10
158.45 2
160.45 5
162.45 6
164.45 2
165.455 1
166.45 3
168.45 2
170.45 3
172.45 10
174.45 5
176.45 12
180.45 4
182.45 6
184.45 1
185.455 3
194.45 3
195.455 3
196.45 7
198.45 5
200.45 2
202.45 6
216.45 5
220.45 3
225.455 4
226.45 5
230.45 5
232.45 4
235.455 4
242.45 4
245.455 3
246.45 3
248.45 1
250.45 1
252.45 5
255.455 4
256.45 1
262.45 5
265.455 4
266.45 1
282.45 3
284.45 1
285.455 4
286.45 1
288.45 1
290.45 5
292.45 4
294.45 1
295.455 5
296.45 4
300.45 4
302.45 4
304.45 1
305.455 5
306.45 5
310.45 4
312.45 4
314.45 1
315.455 4
316.45 5
335.455 3
336.45 4
340.45 3
342.45 5
345.455 4
346.45 5
350.45 4
352.45 1
355.455 4
356.45 2
360.45 4
362.45 5
365.455 1
366.45 4
370.45 4
372.45 5
375.455 4
376.45 4
380.45 5
382.45 4
385.455 4
386.45 4
388.45 1
390.45 4
392.45 3
395.455 4
396.45 2
400.45 5
402.45 3
410.45 3
412.45 1
416.45 3
418.45 1
432.45 1
435.455 4
436.45 3
440.45 4
442.45 4
450.45 4
452.45 1
456.45 1
462.45 1
465.455 4
472.45 4
475.455 3
476.45 4
480.45 3
482.45 3
485.455 3
486.45 2
488.45 1
490.45 4
492.45 3
495.455 3
496.45 3
500.45 3
510.45 4
512.45 1
515.455 3
520.45 5
522.45 3
524.45 2
525.455 4
526.45 4
528.45 1
530.45 4
570.45 4
572.45 4
575.455 3
576.45 5
585.455 5
586.45 4
590.45 5
592.45 4
595.455 3
602.45 1
605.455 3
606.45 4
610.45 1
612.45 6
615.455 3
616.45 4
620.45 4
622.45 5
625.455 4
626.45 5
632.45 4
634.45 1
635.455 4
636.45 5
642.45 1
645.455 4
646.45 3
648.45 1
650.45 3
652.45 1
655.455 4
656.45 3
660.45 4
662.45 3
665.455 3
666.45 3
670.45 1
672.45 4
675.455 4
676.45 3
680.45 3
682.45 4
685.455 3
686.45 5
690.45 3
692.45 4
695.455 4
696.45 3
700.45 4
702.45 4
705.455 3
706.45 3
708.45 1
710.45 3
712.45 4
715.455 4
716.45 4
720.45 3
722.45 5
725.455 4
726.45 5
736.45 4
740.45 4
742.45 4
745.455 5
746.45 3
755.455 3
756.45 4
760.45 1
762.45 4
766.45 4
770.45 4
772.45 1
776.45 1
780.45 4
782.45 1
785.455 4
786.45 1
792.45 4
795.455 3
796.45 2
812.45 5
815.455 4
816.45 3
820.45 2
822.45 6
824.45 1
825.455 4
826.45 4
830.45 3
832.45 5
838.45 2
840.45 4
842.45 4
845.455 4
846.45 4
850.45 4
852.45 4
855.455 4
856.45 3
858.45 1
862.45 4
865.455 4
866.45 3
875.455 4
876.45 2
880.45 1
882.45 3
885.455 3
886.45 1
890.45 4
892.45 4
895.455 4
896.45 3
900.45 3
902.45 4
905.455 4
906.45 4
918.45 1
920.45 3
922.45 3
925.455 4
926.45 4
930.45 1
932.45 5
940.45 4
942.45 5
945.455 3
946.45 6
950.45 4
952.45 1
954.45 5
955.455 3
956.45 3
966.45 1
968.45 1
970.45 4
972.45 4
975.455 4
976.45 1
980.45 3
982.45 3
985.455 3
986.45 4
995.455 3
996.45 3
1000.45 4
1002.45 3
1010.45 4
1012.45 4
1015.45 4
1016.45 5
1020.45 4
1022.45 3
1024.45 1
1025.45 3
1026.45 1
1030.45 2
1032.45 3
1070.45 4
1072.45 1
1075.45 5
1076.45 5
1080.45 4
1082.45 1
1086.45 4
1092.45 5
1095.45 4
1096.45 5
1100.45 4
1102.45 4
1110.45 4
1112.45 1
1115.45 4
1116.45 3
1118.45 1
1120.45 5
1122.45 1
1124.45 1
1125.45 5
1126.45 1
1128.45 3
1130.45 4
1132.45 5
1135.45 4
1136.45 4
1146.45 4
1150.45 4
1170.45 3
1172.45 5
1175.45 4
1176.45 4
1178.45 1
1180.45 4
1182.45 4
1185.45 4
1186.45 2
1190.45 3
1192.45 4
1195.45 5
1196.45 4
