5.605 2
6.6 6
8.6 2
10.6 3
12.6 5
14.6 3
15.605 2
16.6 4
20.6 2
22.6 5
24.6 1
25.605 1
26.6 6
28.6 4
30.6 1
32.6 5
34.6 4
35.605 2
36.6 4
38.6 4
40.6 1
42.6 5
44.6 3
45.605 2
46.6 4
48.6 3
50.6 2
52.6 4
54.6 2
55.605 3
56.6 6
58.6 2
60.6 2
62.6 4
64.6 2
65.605 2
66.6 5
68.6 2
70.6 2
72.6 5
74.6 2
75.605 1
76.6 3
78.6 2
80.6 3
82.6 4
84.6 2
85.605 1
86.6 4
88.6 3
90.6 3
92.6 4
94.6 3
95.605 3
96.6 3
98.6 1
100.6 1
102.6 6
104.6 3
105.605 1
106.6 4
108.6 4
110.6 1
112.6 6
114.6 3
115.605 1
116.6 7
118.6 2
120.6 2
122.6 5
124.6 3
125.605 3
126.6 4
128.6 5
130.6 3
132.6 2
134.6 5
135.605 1
136.6 6
138.6 1
140.6 5
142.6 5
144.6 2
145.605 3
146.6 3
148.6 3
150.6 3
152.6 4
154.6 3
155.605 1
156.6 6
158.6 2
160.6 2
162.6 5
164.6 2
165.605 1
166.6 6
168.6 2
170.6 3
172.6 4
174.6 2
175.605 3
176.6 3
178.6 3
180.6 1
182.6 5
184.6 1
185.605 3
186.6 6
188.6 1
190.6 3
192.6 5
194.6 2
195.605 2
196.6 4
198.6 3
200.6 2
202.6 6
204.6 3
205.605 1
206.6 7
208.6 2
210.6 2
212.6 4
214.6 4
216.6 4
218.6 3
220.6 2
222.6 5
224.6 3
225.605 1
226.6 6
228.6 3
230.6 2
232.6 4
234.6 4
235.605 1
236.6 7
238.6 1
240.6 5
242.6 5
244.6 3
245.605 3
246.6 6
248.6 2
250.6 1
252.6 7
254.6 1
255.605 3
256.6 4
258.6 3
260.6 2
262.6 5
264.6 3
265.605 1
266.6 5
268.6 5
270.6 2
272.6 4
274.6 3
275.605 1
276.6 5
278.6 3
280.6 2
282.6 3
284.6 4
285.605 3
286.6 3
288.6 2
290.6 3
292.6 3
294.6 3
295.605 1
296.6 6
298.6 2
300.6 1
302.6 6
304.6 3
305.605 1
306.6 7
308.6 2
310.6 1
312.6 6
314.6 3
315.605 2
316.6 6
318.6 4
320.6 2
322.6 4
324.6 4
325.605 3
326.6 3
328.6 3
330.6 2
332.6 3
334.6 3
335.605 2
336.6 3
338.6 4
340.6 2
342.6 6
344.6 2
345.605 1
346.6 5
348.6 4
350.6 1
352.6 5
354.6 4
355.605 1
356.6 5
358.6 2
360.6 5
362.6 4
364.6 4
365.605 4
366.6 3
368.6 4
370.6 3
372.6 4
374.6 3
375.605 1
376.6 6
378.6 2
380.6 3
382.6 4
384.6 2
385.605 2
386.6 4
388.6 3
390.6 1
392.6 6
394.6 3
395.605 1
396.6 4
398.6 5
400.6 1
402.6 6
404.6 2
405.605 2
406.6 4
410.6 1
412.6 6
414.6 2
415.605 1
416.6 4
418.6 3
420.6 1
422.6 5
424.6 3
425.605 1
426.6 6
428.6 1
430.6 1
432.6 6
434.6 3
435.605 3
436.6 4
438.6 2
440.6 3
442.6 3
444.6 3
445.605 1
446.6 5
448.6 4
450.6 1
452.6 5
454.6 3
455.605 3
456.6 3
458.6 3
460.6 2
462.6 3
464.6 2
465.605 3
466.6 3
468.6 3
470.6 3
472.6 4
474.6 3
475.605 2
476.6 4
478.6 4
480.6 2
482.6 4
484.6 3
485.605 3
486.6 4
488.6 3
490.6 3
492.6 3
494.6 2
495.605 3
496.6 4
498.6 1
500.6 1
502.6 5
504.6 2
505.605 1
506.6 7
508.6 3
510.6 1
512.6 7
514.6 1
515.605 1
516.6 5
518.6 1
520.6 1
522.6 7
524.6 2
525.605 3
526.6 4
528.6 3
530.6 2
532.6 6
534.6 1
535.605 1
536.6 3
538.6 5
540.6 2
542.6 6
544.6 3
545.605 3
546.6 2
548.6 2
550.6 3
552.6 4
554.6 2
555.605 2
556.6 3
558.6 3
560.6 2
562.6 3
564.6 2
565.605 3
566.6 1
568.6 4
570.6 3
572.6 4
574.6 2
575.605 3
576.6 5
578.6 3
580.6 2
582.6 4
584.6 3
585.605 3
586.6 3
588.6 4
590.6 2
592.6 2
594.6 4
595.605 3
596.6 3
598.6 3
