5.655 7
6.65 3
8.65 1
10.65 4
12.65 5
14.65 1
15.655 3
16.65 4
20.65 3
22.65 7
25.655 4
26.65 6
30.65 5
32.65 5
35.655 4
36.65 6
40.65 4
42.65 5
45.655 3
46.65 5
48.65 1
50.65 4
52.65 3
54.65 2
55.655 3
56.65 6
58.65 1
60.65 3
62.65 4
64.65 2
65.655 4
66.65 4
68.65 1
70.65 4
72.65 3
74.65 1
75.655 3
76.65 3
78.65 1
80.65 3
82.65 5
85.655 2
86.65 6
90.65 5
92.65 5
95.655 5
96.65 2
100.65 5
102.65 5
105.655 2
106.65 7
110.65 5
112.65 5
115.655 3
116.65 7
120.65 3
122.65 6
124.65 1
125.655 5
126.65 7
130.65 5
132.65 5
135.655 3
136.65 7
138.65 1
140.65 5
142.65 5
145.655 5
146.65 4
150.65 5
152.65 5
155.655 5
156.65 4
160.65 4
162.65 4
164.65 1
165.655 4
166.65 4
168.65 2
170.65 3
172.65 5
175.655 4
176.65 3
178.65 2
180.65 3
182.65 4
185.655 4
186.65 5
190.65 5
192.65 5
195.655 4
196.65 5
198.65 1
200.65 3
202.65 6
204.65 1
205.655 3
206.65 6
208.65 1
210.65 3
212.65 6
214.65 1
215.655 1
216.65 5
218.65 1
220.65 4
222.65 6
225.655 4
226.65 4
230.65 2
232.65 5
234.65 1
235.655 4
236.65 6
238.65 1
240.65 5
242.65 6
245.655 5
246.65 6
250.65 3
252.65 5
254.65 1
255.655 4
256.65 5
258.65 1
260.65 3
262.65 6
264.65 1
265.655 4
266.65 6
268.65 1
270.65 4
272.65 5
275.655 5
276.65 4
280.65 5
282.65 4
285.655 5
286.65 3
290.65 5
292.65 4
295.655 2
296.65 6
298.65 1
300.65 3
302.65 6
304.65 1
305.655 3
306.65 6
308.65 1
310.65 3
312.65 6
314.65 1
315.655 4
316.65 7
318.65 1
320.65 3
322.65 7
325.655 5
326.65 4
330.65 4
332.65 4
335.655 4
336.65 5
340.65 3
342.65 6
344.65 1
345.655 3
346.65 6
348.65 1
350.65 3
352.65 6
354.65 1
355.655 3
356.65 6
358.65 1
360.65 5
362.65 6
365.655 2
366.65 7
370.65 5
372.65 5
375.655 2
376.65 7
380.65 5
382.65 4
385.655 4
386.65 5
390.65 5
392.65 5
395.655 5
396.65 5
400.65 5
402.65 4
405.655 4
406.65 6
410.65 5
412.65 4
415.655 5
416.65 3
420.65 4
422.65 5
425.655 5
426.65 3
430.65 3
432.65 7
435.655 5
436.65 4
440.65 5
442.65 4
445.655 4
446.65 6
450.65 5
452.65 4
455.655 5
456.65 6
460.65 4
462.65 4
465.655 5
466.65 4
470.65 5
472.65 5
475.655 4
476.65 6
480.65 5
482.65 3
484.65 2
485.655 5
486.65 3
488.65 2
490.65 3
492.65 3
494.65 1
495.655 4
496.65 4
500.65 3
502.65 5
505.655 5
506.65 5
508.65 1
510.65 4
512.65 5
515.655 3
516.65 5
520.65 4
522.65 5
524.65 1
525.655 4
526.65 6
530.65 5
532.65 4
534.65 1
535.655 4
536.65 6
540.65 5
542.65 6
545.655 5
546.65 2
548.65 1
550.65 4
552.65 5
555.655 3
556.65 6
560.65 4
562.65 3
565.655 5
566.65 5
570.65 5
572.65 4
575.655 5
576.65 5
578.65 1
580.65 3
582.65 5
584.65 1
585.655 5
586.65 5
590.65 4
592.65 4
595.655 5
596.65 4
