5.705 3
6.7 6
8.7 2
10.7 1
12.7 7
14.7 2
15.705 5
16.7 3
20.7 5
22.7 3
24.7 2
25.705 5
26.7 5
30.7 6
32.7 2
34.7 2
35.705 2
36.7 8
40.7 5
42.7 3
44.7 1
45.705 5
46.7 4
50.7 5
52.7 4
55.705 1
56.7 7
58.7 2
62.7 7
64.7 2
65.705 2
66.7 6
68.7 1
70.7 3
72.7 4
74.7 1
75.705 1
76.7 6
80.7 3
82.7 5
85.705 4
86.7 4
90.7 2
92.7 7
95.705 6
96.7 2
100.7 2
102.7 8
105.705 4
106.7 5
110.7 6
112.7 4
115.705 4
116.7 3
120.7 5
122.7 3
124.7 2
125.705 2
126.7 9
128.7 1
130.7 2
132.7 7
134.7 1
135.705 2
136.7 9
140.7 6
142.7 2
144.7 2
145.705 2
146.7 7
150.7 3
152.7 7
155.705 6
156.7 4
160.7 1
162.7 7
164.7 1
165.705 2
166.7 8
170.7 3
172.7 5
175.705 2
176.7 4
178.7 1
180.7 6
182.7 4
185.705 2
186.7 3
188.7 3
190.7 4
192.7 4
194.7 2
195.705 6
196.7 4
200.7 2
202.7 6
204.7 2
205.705 1
206.7 7
208.7 2
210.7 3
212.7 7
215.705 3
216.7 4
220.7 2
222.7 5
224.7 3
225.705 1
226.7 7
230.7 1
232.7 5
234.7 2
235.705 2
236.7 7
238.7 2
240.7 2
242.7 6
244.7 3
245.705 4
246.7 7
250.7 5
252.7 4
255.705 6
256.7 3
258.7 2
260.7 1
262.7 7
264.7 2
265.705 2
266.7 7
268.7 2
270.7 1
272.7 7
274.7 1
275.705 2
276.7 7
280.7 5
282.7 2
285.705 6
286.7 1
288.7 1
290.7 6
292.7 3
295.705 4
296.7 3
298.7 2
300.7 5
302.7 5
305.705 4
306.7 4
308.7 3
310.7 1
312.7 5
314.7 3
315.705 2
316.7 8
318.7 2
320.7 2
322.7 7
324.7 1
325.705 2
326.7 7
328.7 1
330.7 6
332.7 3
335.705 4
336.7 5
340.7 1
342.7 9
345.705 3
346.7 7
350.7 5
352.7 5
355.705 5
356.7 5
360.7 3
362.7 6
364.7 2
365.705 4
366.7 2
368.7 3
370.7 2
372.7 3
375.705 1
376.7 7
380.7 6
382.7 2
384.7 1
385.705 2
386.7 6
388.7 1
390.7 2
392.7 6
395.705 2
396.7 6
398.7 2
400.7 2
402.7 5
404.7 2
405.705 2
406.7 8
410.7 6
412.7 2
414.7 1
415.705 2
416.7 5
418.7 1
420.7 2
422.7 5
424.7 2
425.705 2
426.7 6
428.7 1
430.7 5
432.7 5
435.705 6
436.7 4
440.7 6
442.7 2
444.7 1
445.705 2
446.7 6
448.7 2
450.7 2
452.7 7
455.705 2
456.7 9
460.7 5
462.7 3
465.705 2
466.7 6
468.7 1
470.7 5
472.7 5
475.705 6
476.7 4
480.7 2
482.7 7
484.7 1
485.705 6
486.7 4
490.7 1
492.7 5
494.7 1
495.705 4
496.7 5
500.7 5
502.7 4
505.705 6
506.7 5
510.7 2
512.7 8
515.705 6
516.7 4
520.7 2
522.7 7
524.7 1
525.705 2
526.7 8
530.7 3
532.7 7
534.7 1
535.705 2
536.7 7
538.7 1
540.7 7
542.7 2
544.7 2
545.705 6
546.7 2
550.7 5
552.7 4
555.705 1
556.7 8
560.7 3
562.7 2
564.7 1
565.705 2
566.7 6
570.7 6
572.7 3
575.705 6
576.7 3
578.7 2
580.7 2
582.7 7
585.705 2
586.7 8
590.7 6
592.7 2
595.705 2
596.7 6
598.7 1
