5.755 2
6.75 6
8.75 2
10.75 4
14.75 5
15.755 3
20.75 2
22.75 3
24.75 5
25.755 3
26.75 3
28.75 4
30.75 3
32.75 4
35.755 5
36.75 4
38.75 4
40.75 2
42.75 3
44.75 4
45.755 2
46.75 2
48.75 5
50.75 2
52.75 5
54.75 2
55.755 2
56.75 1
58.75 2
60.75 3
62.75 3
64.75 2
65.755 5
66.75 2
68.75 4
70.75 3
72.75 3
74.75 2
75.755 2
76.75 2
78.75 2
80.75 3
82.75 3
85.755 3
86.75 3
88.75 4
90.75 3
92.75 4
94.75 3
95.755 3
96.75 3
98.75 1
100.75 3
102.75 4
104.75 3
105.755 2
106.75 3
108.75 4
110.75 3
112.75 3
114.75 4
115.755 3
116.75 4
118.75 3
120.75 2
122.75 3
124.75 4
125.755 4
126.75 4
130.75 3
132.75 3
134.75 4
135.755 2
136.75 3
140.75 4
142.75 6
144.75 3
145.755 3
148.75 4
150.75 3
152.75 3
154.75 4
155.755 2
156.75 4
158.75 3
160.75 2
162.75 4
164.75 2
165.755 4
166.75 2
168.75 3
170.75 3
172.75 3
174.75 3
175.755 3
176.75 4
178.75 2
180.75 3
182.75 5
184.75 1
185.755 3
186.75 5
188.75 1
190.75 3
192.75 4
194.75 1
195.755 2
196.75 3
198.75 4
200.75 3
202.75 5
204.75 2
205.755 3
206.75 5
208.75 2
210.75 3
212.75 5
214.75 2
215.755 2
216.75 4
218.75 2
220.75 3
222.75 4
224.75 1
225.755 3
226.75 3
228.75 3
230.75 3
232.75 5
234.75 2
235.755 4
236.75 3
238.75 4
240.75 4
242.75 4
244.75 4
245.755 3
246.75 5
250.75 2
252.75 4
254.75 2
255.755 4
256.75 3
258.75 4
260.75 2
262.75 4
264.75 3
265.755 4
266.75 5
268.75 2
270.75 3
272.75 3
274.75 4
275.755 3
276.75 3
278.75 3
280.75 3
282.75 3
284.75 3
285.755 3
286.75 3
288.75 2
290.75 3
292.75 3
294.75 3
295.755 2
296.75 3
298.75 4
300.75 2
302.75 3
304.75 5
305.755 3
306.75 3
308.75 3
310.75 3
312.75 2
314.75 5
315.755 3
316.75 4
318.75 5
320.75 3
322.75 2
324.75 6
325.755 3
328.75 3
330.75 2
332.75 3
334.75 3
335.755 2
336.75 3
338.75 5
340.75 2
342.75 4
344.75 3
345.755 3
346.75 5
348.75 2
350.75 3
352.75 5
354.75 2
355.755 3
356.75 3
358.75 4
360.75 4
362.75 4
364.75 4
365.755 3
368.75 8
370.75 3
374.75 3
375.755 3
376.75 3
378.75 3
380.75 2
382.75 4
384.75 3
385.755 2
386.75 3
388.75 4
390.75 2
392.75 5
394.75 3
395.755 3
396.75 4
398.75 3
400.75 3
402.75 4
404.75 2
405.755 2
408.75 4
410.75 3
412.75 3
415.755 3
418.75 2
420.75 2
422.75 5
426.75 4
428.75 2
430.75 2
432.75 3
434.75 5
435.755 3
436.75 3
438.75 3
440.75 3
442.75 3
444.75 3
445.755 2
446.75 1
448.75 4
450.75 3
454.75 5
455.755 3
458.75 4
460.75 3
462.75 3
465.755 3
466.75 3
468.75 3
470.75 2
472.75 5
474.75 3
475.755 2
476.75 4
478.75 4
480.75 3
482.75 3
484.75 2
485.755 5
486.75 3
488.75 2
490.75 4
492.75 2
494.75 2
495.755 4
496.75 4
500.75 2
502.75 3
504.75 3
505.755 3
506.75 4
508.75 3
510.75 4
512.75 3
514.75 3
515.755 2
516.75 3
518.75 3
520.75 1
522.75 3
525.755 4
526.75 2
528.75 5
530.75 3
532.75 1
534.75 2
535.755 3
536.75 3
538.75 6
540.75 2
542.75 4
544.75 5
546.75 3
548.75 2
550.75 2
552.75 3
554.75 4
555.755 2
556.75 3
558.75 4
560.75 2
564.75 2
565.755 3
568.75 3
570.75 3
572.75 4
574.75 2
575.755 3
576.75 4
578.75 3
580.75 3
582.75 2
584.75 4
585.755 4
590.75 1
592.75 3
594.75 3
595.755 3
598.75 3
