6.85 7
8.85 2
10.85 1
12.85 2
15.855 1
20.85 4
22.85 4
25.855 3
26.85 4
28.85 4
38.85 4
40.85 3
42.85 4
44.85 2
45.855 4
46.85 3
48.85 2
50.85 1
52.85 1
55.855 1
56.85 1
62.85 1
65.855 1
72.85 1
75.855 1
78.85 2
80.85 5
82.85 2
84.85 2
85.855 3
100.85 1
102.85 1
106.85 3
108.85 4
110.85 3
116.85 1
120.85 1
122.85 4
124.85 2
125.855 4
126.85 4
128.85 4
130.85 5
132.85 1
135.855 1
136.85 1
138.85 4
140.85 1
142.85 1
144.85 1
145.855 4
146.85 2
148.85 3
150.85 5
152.85 2
156.85 1
160.85 1
162.85 1
165.855 1
166.85 1
170.85 1
172.85 2
174.85 2
175.855 4
176.85 5
180.85 3
182.85 3
184.85 1
185.855 4
186.85 5
188.85 1
190.85 5
192.85 3
194.85 2
195.855 3
196.85 1
200.85 1
202.85 1
205.855 1
206.85 1
210.85 1
212.85 1
215.855 1
216.85 1
218.85 2
220.85 4
222.85 5
226.85 1
230.85 1
232.85 1
235.855 1
236.85 1
240.85 1
242.85 1
244.85 2
245.855 4
246.85 6
248.85 1
250.85 1
252.85 1
255.855 1
256.85 1
260.85 1
262.85 1
266.85 1
268.85 4
270.85 3
272.85 4
290.85 5
292.85 1
294.85 3
295.855 3
296.85 4
298.85 2
300.85 3
302.85 1
305.855 1
306.85 1
310.85 1
312.85 5
314.85 2
315.855 4
316.85 5
320.85 1
322.85 1
325.855 1
336.85 6
338.85 3
340.85 1
342.85 1
345.855 1
346.85 1
350.85 1
352.85 1
355.855 1
356.85 1
360.85 7
362.85 3
364.85 3
365.855 6
366.85 1
374.85 3
375.855 2
376.85 5
378.85 2
380.85 1
385.855 1
402.85 6
404.85 2
405.855 3
406.85 3
410.85 2
430.85 1
432.85 1
435.855 1
456.85 1
480.85 1
482.85 3
484.85 5
485.855 4
486.85 5
488.85 1
492.85 1
494.85 1
495.855 5
496.85 2
498.85 1
500.85 3
505.855 1
506.85 1
510.85 1
515.855 1
520.85 1
522.85 1
525.855 1
526.85 1
528.85 2
530.85 3
532.85 1
535.855 3
536.85 2
538.85 4
540.85 4
550.85 1
555.855 1
575.855 1
576.85 7
578.85 1
580.85 1
582.85 1
585.855 1
