5.955 8
6.95 3
10.95 5
12.95 4
14.95 1
15.955 4
16.95 3
20.95 6
22.95 4
25.955 5
26.95 5
30.95 6
32.95 4
35.955 5
36.95 5
40.95 5
42.95 4
46.95 4
52.95 3
54.95 2
55.955 4
56.95 5
58.95 1
60.95 4
62.95 5
65.955 5
66.95 4
70.95 6
72.95 2
75.955 6
76.95 1
80.95 4
82.95 4
85.955 3
86.95 5
90.95 1
92.95 4
96.95 2
100.95 7
102.95 3
105.955 3
120.95 1
122.95 4
124.95 1
125.955 6
126.95 6
130.95 6
132.95 4
135.955 4
136.95 6
138.95 1
140.95 6
142.95 4
145.955 6
146.95 3
150.95 6
152.95 4
155.955 6
156.95 3
160.95 5
162.95 3
164.95 1
165.955 5
166.95 4
168.95 1
170.95 4
172.95 4
175.955 3
176.95 3
178.95 1
180.95 4
182.95 4
185.955 3
186.95 4
188.95 1
190.95 6
192.95 4
195.955 5
196.95 5
200.95 4
202.95 5
204.95 1
205.955 4
206.95 5
208.95 1
210.95 4
218.95 1
220.95 5
222.95 5
225.955 5
226.95 3
230.95 3
232.95 4
234.95 1
235.955 5
236.95 5
238.95 1
240.95 6
242.95 5
245.955 6
246.95 5
254.95 1
255.955 5
256.95 4
258.95 1
260.95 4
262.95 5
264.95 1
265.955 5
266.95 5
268.95 1
270.95 5
272.95 4
275.955 6
276.95 3
285.955 6
286.95 2
290.95 1
292.95 3
295.955 3
296.95 5
300.95 4
302.95 5
305.955 4
306.95 6
308.95 1
310.95 1
312.95 5
314.95 1
315.955 5
316.95 6
318.95 1
320.95 4
322.95 6
325.955 6
326.95 4
330.95 1
332.95 3
335.955 5
336.95 4
340.95 4
342.95 5
344.95 1
345.955 6
346.95 4
350.95 4
352.95 5
354.95 1
355.955 4
356.95 5
358.95 1
360.95 6
362.95 5
365.955 3
366.95 6
370.95 1
380.95 6
382.95 3
385.955 5
386.95 4
390.95 6
395.955 6
396.95 4
400.95 6
402.95 3
405.955 5
406.95 5
410.95 6
415.955 6
418.95 1
420.95 7
422.95 2
425.955 6
426.95 2
430.95 4
432.95 6
435.955 6
436.95 3
440.95 6
442.95 3
445.955 5
446.95 5
450.95 6
452.95 3
455.955 6
456.95 5
465.955 6
466.95 3
470.95 6
472.95 4
475.955 5
476.95 5
480.95 6
482.95 2
484.95 2
485.955 6
486.95 3
488.95 1
490.95 4
492.95 3
495.955 5
496.95 4
505.955 6
506.95 4
508.95 1
510.95 5
512.95 5
515.955 4
516.95 4
520.95 5
522.95 4
524.95 1
525.955 5
526.95 1
528.95 1
530.95 6
532.95 4
534.95 1
535.955 5
536.95 5
540.95 6
542.95 5
545.955 6
546.95 1
548.95 1
550.95 5
555.955 4
556.95 5
562.95 3
565.955 6
570.95 6
572.95 3
575.955 6
576.95 4
578.95 1
580.95 4
582.95 4
584.95 1
585.955 6
586.95 4
590.95 5
595.955 6
596.95 3
