6.2 1
8.2 7
22.2 2
26.2 2
28.2 4
32.2 2
36.2 5
38.2 5
40.2 3
62.2 3
64.2 4
65.205 2
68.2 3
72.2 2
88.2 4
90.2 4
92.2 2
96.2 2
98.2 4
102.2 1
125.205 4
126.2 2
130.2 5
132.2 2
135.205 4
136.2 2
142.2 3
144.2 6
148.2 3
162.2 2
164.2 5
165.205 2
176.2 2
178.2 4
180.2 1
184.2 6
185.205 1
186.2 4
188.2 1
190.2 3
234.2 6
235.205 2
236.2 3
255.205 2
256.2 3
258.2 4
260.2 4
262.2 2
264.2 5
272.2 3
276.2 2
302.2 2
304.2 4
305.205 5
308.2 4
312.2 3
315.205 5
318.2 5
322.2 1
324.2 3
325.205 5
382.2 2
384.2 4
386.2 2
412.2 2
414.2 4
416.2 2
418.2 5
422.2 4
425.205 1
440.2 3
442.2 2
445.205 3
446.2 2
448.2 7
450.2 1
452.2 4
460.2 4
462.2 1
465.205 2
466.2 2
475.205 3
476.2 2
485.205 2
492.2 4
496.2 3
504.2 4
506.2 2
510.2 3
512.2 3
515.205 3
516.2 2
520.2 3
525.205 3
530.2 5
532.2 2
535.205 2
536.2 3
564.2 4
565.205 2
566.2 2
592.2 1
596.2 2
598.2 4
