6.3 2
8.3 6
10.3 3
12.3 4
14.3 3
15.305 3
16.3 3
22.3 2
24.3 2
26.3 1
28.3 5
30.3 4
32.3 4
34.3 3
36.3 6
42.3 3
44.3 3
45.305 4
46.3 2
48.3 2
50.3 5
52.3 2
55.305 2
56.3 3
60.3 2
62.3 4
64.3 2
65.305 2
66.3 4
68.3 4
70.3 2
72.3 4
74.3 3
75.305 1
76.3 2
78.3 3
80.3 1
82.3 4
85.305 2
86.3 2
88.3 3
90.3 3
92.3 5
94.3 2
95.305 3
96.3 3
98.3 2
100.3 1
102.3 4
104.3 3
105.305 3
106.3 3
108.3 3
110.3 3
112.3 3
114.3 4
115.305 3
116.3 5
118.3 3
120.3 2
122.3 3
124.3 4
125.305 3
126.3 4
128.3 3
130.3 5
132.3 3
134.3 4
136.3 3
138.3 2
140.3 1
142.3 7
144.3 3
152.3 4
154.3 3
155.305 3
156.3 4
158.3 3
160.3 2
162.3 3
164.3 4
165.305 2
166.3 4
168.3 3
170.3 2
172.3 4
174.3 2
175.305 3
176.3 3
178.3 4
180.3 2
182.3 3
184.3 4
186.3 5
188.3 3
190.3 1
192.3 5
194.3 3
196.3 2
198.3 3
200.3 4
202.3 5
204.3 4
205.305 2
206.3 4
208.3 4
212.3 1
218.3 7
220.3 1
222.3 4
226.3 1
230.3 3
232.3 3
234.3 4
235.305 3
236.3 5
238.3 3
240.3 3
242.3 5
244.3 3
246.3 1
250.3 2
252.3 4
254.3 4
255.305 1
256.3 4
260.3 4
262.3 2
264.3 3
265.305 3
266.3 1
268.3 4
270.3 5
272.3 3
274.3 3
275.305 3
276.3 4
278.3 2
280.3 3
282.3 3
284.3 2
288.3 4
290.3 2
292.3 4
294.3 2
295.305 3
296.3 3
298.3 2
302.3 3
304.3 2
305.305 3
306.3 5
308.3 3
310.3 2
312.3 3
314.3 2
315.305 4
316.3 1
318.3 3
322.3 1
330.3 3
332.3 1
342.3 1
346.3 1
348.3 4
350.3 3
352.3 3
354.3 5
355.305 2
356.3 3
358.3 4
360.3 3
362.3 4
364.3 3
368.3 5
370.3 4
372.3 4
376.3 4
378.3 3
380.3 2
382.3 4
384.3 3
385.305 2
386.3 2
388.3 3
390.3 4
392.3 5
394.3 2
395.305 3
396.3 5
398.3 2
400.3 3
402.3 4
404.3 3
405.305 2
406.3 3
412.3 4
414.3 3
415.305 2
416.3 2
418.3 2
420.3 3
422.3 3
424.3 3
426.3 1
428.3 3
430.3 2
432.3 4
434.3 3
435.305 3
436.3 4
438.3 3
442.3 1
446.3 1
448.3 5
450.3 4
452.3 3
454.3 3
455.305 3
456.3 5
460.3 4
462.3 2
470.3 3
472.3 4
474.3 3
475.305 3
476.3 4
478.3 2
480.3 4
482.3 1
484.3 3
485.305 4
486.3 4
488.3 3
490.3 1
492.3 4
494.3 2
495.305 2
496.3 4
500.3 1
502.3 3
504.3 4
505.305 1
506.3 5
508.3 3
510.3 3
512.3 3
514.3 5
515.305 1
516.3 2
518.3 4
532.3 4
536.3 1
538.3 4
540.3 4
542.3 4
544.3 3
554.3 3
555.305 4
556.3 1
565.305 2
566.3 4
570.3 4
572.3 5
574.3 2
576.3 1
594.3 3
595.305 3
596.3 3
