5.355 1
6.35 7
8.35 2
10.35 3
12.35 3
14.35 4
15.355 2
16.35 3
18.35 3
20.35 1
22.35 4
24.35 5
25.355 2
26.35 4
28.35 4
30.35 2
32.35 5
35.355 4
36.35 5
38.35 4
40.35 1
42.35 4
44.35 4
45.355 1
46.35 3
48.35 5
50.35 1
52.35 6
54.35 2
55.355 1
56.35 6
58.35 2
60.35 2
62.35 4
64.35 2
65.355 4
66.35 3
68.35 4
70.35 2
72.35 4
74.35 2
75.355 1
76.35 3
78.35 3
80.35 2
82.35 4
84.35 3
85.355 1
86.35 4
88.35 4
90.35 2
92.35 5
94.35 3
95.355 2
96.35 4
98.35 1
100.35 2
102.35 5
104.35 3
105.355 1
106.35 4
108.35 4
110.35 1
112.35 5
114.35 4
115.355 2
116.35 5
118.35 3
120.35 1
122.35 4
124.35 4
125.355 2
126.35 6
128.35 5
130.35 2
132.35 4
134.35 4
135.355 1
136.35 4
140.35 3
142.35 7
144.35 3
145.355 2
146.35 3
148.35 4
150.35 2
152.35 4
154.35 4
155.355 1
156.35 5
158.35 3
160.35 1
162.35 5
164.35 2
165.355 3
166.35 3
168.35 3
170.35 3
172.35 4
174.35 3
175.355 2
176.35 5
178.35 2
180.35 2
182.35 6
184.35 1
185.355 2
186.35 6
188.35 1
190.35 2
192.35 5
194.35 3
195.355 1
196.35 4
198.35 4
200.35 2
202.35 6
204.35 2
205.355 2
206.35 6
208.35 2
210.35 2
212.35 6
214.35 2
215.355 1
216.35 5
218.35 2
220.35 2
222.35 5
224.35 1
225.355 2
226.35 4
228.35 3
230.35 2
232.35 6
234.35 2
235.355 3
236.35 4
238.35 4
240.35 3
242.35 5
244.35 4
245.355 2
246.35 6
248.35 3
250.35 1
252.35 5
254.35 2
255.355 3
256.35 4
258.35 4
260.35 1
262.35 5
264.35 3
265.355 3
266.35 6
268.35 2
270.35 2
272.35 4
274.35 4
275.355 2
276.35 4
278.35 3
280.35 2
282.35 4
284.35 3
285.355 2
286.35 4
288.35 2
290.35 2
292.35 4
294.35 3
295.355 1
296.35 4
298.35 4
300.35 1
302.35 4
304.35 5
305.355 2
306.35 4
308.35 3
310.35 2
312.35 3
314.35 5
315.355 2
316.35 5
318.35 5
320.35 2
322.35 3
324.35 6
325.355 2
326.35 4
328.35 3
330.35 1
332.35 4
334.35 3
335.355 1
336.35 4
338.35 5
340.35 1
342.35 5
344.35 3
345.355 2
346.35 6
348.35 2
350.35 2
352.35 6
354.35 2
355.355 2
356.35 4
358.35 4
360.35 3
362.35 5
364.35 4
365.355 2
366.35 5
368.35 4
370.35 2
372.35 5
374.35 3
375.355 2
376.35 4
378.35 3
380.35 2
382.35 4
384.35 3
385.355 1
386.35 4
388.35 4
390.35 2
392.35 5
394.35 3
395.355 2
396.35 5
398.35 3
400.35 2
402.35 5
404.35 2
405.355 1
406.35 5
408.35 4
410.35 2
412.35 4
414.35 3
415.355 2
416.35 4
418.35 2
420.35 1
422.35 6
424.35 2
425.355 2
426.35 4
428.35 2
430.35 1
432.35 4
434.35 5
435.355 2
436.35 4
438.35 3
440.35 2
442.35 4
444.35 3
445.355 1
446.35 5
448.35 4
450.35 2
452.35 4
454.35 3
455.355 2
456.35 5
458.35 4
460.35 2
462.35 4
464.35 2
465.355 2
466.35 4
468.35 3
470.35 2
472.35 5
474.35 3
475.355 1
476.35 5
478.35 4
480.35 2
482.35 4
484.35 2
485.355 4
486.35 4
488.35 2
490.35 3
492.35 3
494.35 2
495.355 3
496.35 5
498.35 1
500.35 1
502.35 4
504.35 3
505.355 2
506.35 5
508.35 3
510.35 3
512.35 4
514.35 3
515.355 1
516.35 4
518.35 3
520.35 2
522.35 4
524.35 3
525.355 3
526.35 3
528.35 5
530.35 2
532.35 5
534.35 2
535.355 2
536.35 3
538.35 6
540.35 1
542.35 5
544.35 5
545.355 2
546.35 4
548.35 2
550.35 1
552.35 4
554.35 4
555.355 1
556.35 4
558.35 4
560.35 1
562.35 4
564.35 2
565.355 2
566.35 5
568.35 3
570.35 2
572.35 5
574.35 2
575.355 2
576.35 5
578.35 3
580.35 2
582.35 3
584.35 4
585.355 3
586.35 4
588.35 4
590.35 1
592.35 4
594.35 3
595.355 2
596.35 4
598.35 3
