6.4 7
8.4 3
16.4 1
28.4 4
30.4 4
40.4 4
42.4 1
66.4 1
76.4 1
80.4 2
82.4 5
86.4 3
104.4 1
106.4 1
110.4 3
124.4 4
125.405 2
128.4 4
132.4 5
136.4 1
138.4 1
140.4 4
142.4 1
145.405 1
148.4 1
150.4 3
152.4 5
154.4 2
156.4 1
158.4 1
162.4 1
164.4 1
166.4 1
168.4 1
172.4 1
174.4 2
175.405 2
178.4 4
180.4 1
182.4 4
184.4 2
185.405 1
188.4 4
190.4 1
192.4 1
194.4 3
195.405 2
196.4 4
202.4 1
204.4 1
206.4 1
208.4 1
212.4 1
214.4 1
216.4 1
234.4 1
236.4 1
244.4 1
245.405 2
246.4 5
248.4 5
250.4 1
252.4 1
254.4 1
256.4 1
258.4 1
262.4 1
270.4 3
272.4 4
274.4 3
294.4 1
295.405 3
296.4 3
298.4 4
300.4 2
302.4 1
304.4 1
306.4 1
308.4 1
314.4 5
315.405 2
316.4 4
318.4 5
322.4 1
324.4 1
326.4 1
336.4 1
340.4 3
342.4 1
344.4 1
346.4 1
348.4 1
352.4 1
354.4 1
356.4 1
358.4 1
362.4 1
364.4 3
380.4 2
382.4 1
386.4 1
404.4 5
405.405 2
406.4 4
408.4 2
412.4 3
426.4 1
432.4 1
434.4 1
436.4 1
495.405 1
496.4 5
498.4 2
502.4 1
508.4 1
512.4 1
516.4 1
522.4 1
524.4 1
526.4 1
536.4 3
538.4 2
540.4 4
542.4 4
552.4 1
556.4 1
576.4 1
582.4 1
584.4 1
586.4 1
