0.200047 3.87261e-005
0.20504 3.87074e-005
0.250039 3.11345e-005
0.255032 3.11381e-005
0.450039 2.96986e-005
0.455031 2.96969e-005
0.700058 4.81047e-005
0.705049 4.81009e-005
0.750036 2.62879e-005
0.755028 2.62558e-005
2.20005 3.16432e-005
2.25005 3.5198e-005
2.40006 5.02982e-005
2.45005 2.90972e-005
2.70006 4.66887e-005
2.75003 1.34652e-005
4.20004 2.57387e-005
4.25006 4.32349e-005
4.40006 4.71058e-005
4.45005 2.87257e-005
4.70006 4.54581e-005
4.75002 1.46151e-006
5.20503 2.35049e-005
5.40505 4.56285e-005
5.45503 2.8629e-005
5.70505 4.49146e-005
5.75501 6.07369e-006
6.20007 2.19835e-005
6.40008 4.42608e-005
6.45005 2.85933e-005
6.70007 4.44283e-005
6.75003 1.23906e-005
8.20006 2.15332e-005
8.45009 2.87032e-005
8.75004 2.52089e-005
10.2 2.37552e-005
10.205 2.37458e-005
10.4001 4.0411e-005
10.405 4.04132e-005
10.45 2.68788e-005
10.455 2.68559e-005
10.7001 4.18209e-005
10.705 4.18113e-005
10.7501 2.94861e-005
10.755 2.9463e-005
12.2001 2.0665e-005
12.4001 4.16072e-005
12.4501 1.79128e-005
12.7001 3.81857e-005
12.75 2.31166e-005
14.2001 1.92614e-005
14.4001 4.33812e-005
14.4501 1.02034e-005
14.7 3.51356e-005
14.75 2.49794e-005
15.205 1.93262e-005
15.4051 4.44699e-005
15.455 8.06006e-006
15.705 3.38749e-005
15.755 2.87975e-005
16.2001 1.99043e-005
16.4001 4.56658e-005
16.4501 8.49624e-006
16.7001 3.28342e-005
16.75 3.37375e-005
18.2001 2.24183e-005
18.4001 4.83886e-005
18.4501 1.50033e-005
18.7 3.14463e-005
18.7501 4.55757e-005
20.2 2.71467e-005
20.205 2.71794e-005
20.45 1.92722e-005
20.455 1.92454e-005
20.7001 2.96595e-005
20.705 2.96499e-005
20.7501 4.88216e-005
20.7551 4.87895e-005
22.2001 4.07467e-005
22.45 8.50372e-006
22.7 2.63409e-005
22.7501 3.60954e-005
24.4001 4.88762e-005
24.4501 2.33631e-006
24.7 2.45323e-005
24.75 2.39644e-005
25.4051 4.9757e-005
25.455 7.71591e-006
25.705 2.43111e-005
25.755 1.8468e-005
26.45 1.30709e-005
26.7001 2.45698e-005
26.75 1.40618e-005
28.4501 2.38433e-005
28.7001 2.64454e-005
28.7501 1.31615e-005
28.9501 4.53148e-005
30.2501 4.79546e-005
30.2551 4.79564e-005
30.4501 3.33694e-005
30.455 3.33824e-005
30.7001 2.65666e-005
30.705 2.65542e-005
30.75 1.96152e-005
30.755 1.9625e-005
30.9501 4.55431e-005
30.9551 4.55669e-005
32.2501 4.94991e-005
32.4501 3.86392e-005
32.7001 2.32868e-005
32.75 2.46985e-005
34.2501 5.25229e-005
34.4501 4.39591e-005
34.7 2.41983e-005
34.75 3.1248e-005
35.4551 4.66461e-005
35.7051 2.61797e-005
35.755 3.48403e-005
36.4501 4.93135e-005
36.7 2.89075e-005
36.7501 3.85229e-005
38.7001 3.59517e-005
38.7501 4.61818e-005
40.2051 5.13635e-005
40.7001 3.98249e-005
40.705 3.9816e-005
40.7501 4.63136e-005
40.7551 4.6282e-005
42.7001 3.76358e-005
42.7501 3.40688e-005
44.7001 3.84671e-005
44.75 2.34142e-005
45.705 3.99925e-005
45.7551 1.95141e-005
46.7001 4.21404e-005
46.75 1.75364e-005
48.75 2.09429e-005
50.7051 5.07798e-005
50.7501 1.87226e-005
50.755 1.86734e-005
52.7001 4.91489e-005
52.75 1.28363e-005
54.1501 4.34268e-005
54.2501 3.83273e-005
54.75 3.31704e-005
55.155 3.75178e-005
55.2051 4.30085e-005
55.255 3.07146e-005
55.755 4.46503e-005
56.15 3.27725e-005
56.2001 3.59705e-005
56.25 2.48861e-005
58.1001 5.27954e-005
58.15 2.87226e-005
58.2001 2.3517e-005
58.25 2.36406e-005
58.4501 4.66416e-005
60.1001 4.01258e-005
60.105 4.0151e-005
60.15 3.31043e-005
60.155 3.3105e-005
60.2 1.73432e-005
60.205 1.73338e-005
60.2501 3.29923e-005
60.255 3.29741e-005
60.4501 4.64727e-005
60.4551 4.64765e-005
62.1501 3.5965e-005
62.2001 1.96685e-005
62.2501 2.96701e-005
64.1501 4.30542e-005
64.2001 3.01297e-005
64.2501 3.50027e-005
65.1551 4.76657e-005
65.2051 3.65205e-005
65.2551 4.00908e-005
65.4551 5.21233e-005
65.7551 5.01811e-005
66.2501 4.60773e-005
66.7501 4.37744e-005
68.75 3.39418e-005
70.75 2.78031e-005
70.755 2.77803e-005
72.75 1.89584e-005
74.4501 3.90809e-005
74.75 1.16048e-005
75.255 4.48125e-005
75.4051 5.32215e-005
75.455 3.51015e-005
75.7051 4.77254e-005
75.755 9.64495e-006
76.2501 3.95375e-005
76.4001 5.21912e-005
76.4501 3.16232e-005
76.7001 4.0744e-005
76.75 9.93821e-006
78.2501 2.89856e-005
78.4501 2.6734e-005
78.7 2.74011e-005
78.75 1.58654e-005
80.2001 4.84555e-005
80.2051 4.84575e-005
80.2501 1.87879e-005
80.255 1.87663e-005
80.4501 2.4656e-005
80.455 2.46475e-005
80.7001 2.11021e-005
80.705 2.11166e-005
80.75 2.395e-005
80.755 2.39693e-005
82.2501 1.05684e-005
82.4501 2.67055e-005
82.7001 3.18252e-005
82.75 3.1693e-005
84.25 6.44706e-006
84.4501 3.69883e-005
84.7001 4.71159e-005
84.7501 3.9448e-005
85.255 8.42251e-006
85.4551 4.36437e-005
85.755 4.33473e-005
86.25 1.19415e-005
86.7501 4.7209e-005
88.25 2.03666e-005
90.25 2.71656e-005
90.255 2.71457e-005
92.25 1.97397e-005
92.7501 4.19961e-005
94.25 1.44933e-005
94.75 3.18726e-005
95.255 1.35461e-005
95.4051 4.33653e-005
95.755 2.86729e-005
96.25 1.41128e-005
96.4001 3.78414e-005
96.75 2.73914e-005
98.25 1.88945e-005
98.4 2.67665e-005
98.4501 4.95807e-005
98.75 3.10957e-005
100.25 2.40621e-005
100.255 2.404e-005
100.4 1.89071e-005
100.405 1.89187e-005
100.45 4.50299e-005
100.455 4.50246e-005
100.75 3.23706e-005
100.755 3.2344e-005
102.25 1.52802e-005
102.4 2.36449e-005
102.45 4.29334e-005
102.75 2.53039e-005
104.25 7.00359e-006
104.4 2.84511e-005
104.45 4.09165e-005
104.75 2.8303e-005
105.255 4.14419e-006
105.405 3.0882e-005
105.455 3.9937e-005
105.755 3.3112e-005
106.25 5.06759e-006
106.4 3.32963e-005
106.45 3.89917e-005
106.75 3.91176e-005
108.25 1.27819e-005
108.4 3.81653e-005
108.45 3.71731e-005
110.25 1.98828e-005
110.255 1.98725e-005
110.4 4.32812e-005
110.405 4.32963e-005
110.45 3.543e-005
110.455 3.54265e-005
112.25 1.57844e-005
112.4 4.93286e-005
112.45 3.61367e-005
114.25 1.16995e-005
114.45 4.06794e-005
115.155 5.10811e-005
115.205 5.30257e-005
115.255 9.65746e-006
116.25 7.64995e-006
118.15 4.07469e-005
118.25 3.75153e-006
120.15 3.80773e-005
120.155 3.8078e-005
120.2 4.70778e-005
120.205 4.70927e-005
120.25 4.16457e-006
120.255 4.21312e-006
120.755 5.04038e-005
122.25 2.36455e-005
122.75 3.69851e-005
124.15 4.75984e-005
124.25 4.31279e-005
124.45 4.63846e-005
124.75 2.36932e-005
125.455 4.23907e-005
125.755 1.71913e-005
126.45 3.85225e-005
126.7 4.95423e-005
126.75 1.11473e-005
128.45 3.11359e-005
128.7 3.98475e-005
128.75 7.52421e-006
130.45 2.64478e-005
130.455 2.64531e-005
130.7 3.71221e-005
130.705 3.71472e-005
130.75 9.21773e-006
130.755 9.18576e-006
132.45 2.90316e-005
132.75 6.9731e-006
134.45 3.23927e-005
134.75 2.03254e-005
135.455 3.43054e-005
135.755 2.73424e-005
136.2 5.11689e-005
136.25 4.62888e-005
136.45 3.63161e-005
136.75 3.43289e-005
138.15 4.22326e-005
138.2 4.03099e-005
138.25 2.95994e-005
138.45 4.06392e-005
138.75 4.84217e-005
140.15 3.60716e-005
140.155 3.60974e-005
140.2 3.07789e-005
140.205 3.07817e-005
140.25 1.56419e-005
140.255 1.56436e-005
140.45 4.51879e-005
140.455 4.51996e-005
142.15 4.83307e-005
142.2 3.19301e-005
142.25 1.7186e-005
142.45 5.08946e-005
142.75 4.5666e-005
144.2 3.30979e-005
144.25 2.01003e-005
144.75 3.94169e-005
145.205 3.36903e-005
145.255 2.19206e-005
145.755 3.7323e-005
146.2 3.42804e-005
146.25 2.38886e-005
146.75 3.61121e-005
148.2 3.54763e-005
148.25 2.82008e-005
148.75 3.65591e-005
150.2 3.64967e-005
150.205 3.64952e-005
150.25 3.10309e-005
150.255 3.10068e-005
150.75 3.66534e-005
150.755 3.66397e-005
152.2 3.61034e-005
152.25 2.15649e-005
152.75 3.13461e-005
154.2 3.62052e-005
154.25 1.3023e-005
154.75 2.65385e-005
155.205 3.64429e-005
155.255 9.87694e-006
155.405 5.28289e-005
155.455 3.90697e-005
155.755 2.44057e-005
156.25 8.75084e-006
156.4 4.57686e-005
156.45 3.10471e-005
156.75 2.25525e-005
158.2 3.78592e-005
158.25 1.36373e-005
158.4 3.16282e-005
158.45 1.49237e-005
158.75 1.98885e-005
160.2 3.99177e-005
160.205 3.99362e-005
160.25 1.9087e-005
160.255 1.90461e-005
160.4 2.37332e-005
160.405 2.37746e-005
160.45 4.57484e-006
160.455 4.60238e-006
160.75 1.95532e-005
160.755 1.95558e-005
162.25 7.2177e-006
162.4 4.08548e-005
162.45 1.66627e-005
162.75 2.06208e-005
164.25 1.92677e-005
164.45 2.90674e-005
164.7 4.16494e-005
164.75 2.16894e-005
165.255 2.77482e-005
165.455 3.53157e-005
165.705 3.8059e-005
165.755 2.22267e-005
166.25 3.63562e-005
166.45 4.15059e-005
166.7 3.49904e-005
166.75 2.27589e-005
168.7 3.08533e-005
168.75 2.38291e-005
170.7 2.72992e-005
170.705 2.728e-005
170.75 2.52308e-005
170.755 2.52357e-005
172.7 2.01919e-005
172.75 2.72253e-005
174.7 1.53493e-005
174.75 2.92704e-005
175.205 5.05235e-005
175.705 1.45452e-005
175.755 3.03138e-005
176.7 1.51298e-005
176.75 3.1356e-005
178.2 4.25589e-005
178.7 1.96886e-005
178.75 3.34747e-005
180.2 4.56771e-005
180.205 4.56837e-005
180.4 4.17847e-005
180.405 4.17974e-005
180.455 5.08536e-005
180.7 1.96588e-005
180.705 1.96273e-005
180.75 3.0539e-005
180.755 3.05108e-005
182.4 4.69148e-005
182.45 4.38667e-005
182.7 7.21814e-006
182.75 1.92027e-005
184.4 5.20648e-005
184.45 3.691e-005
184.7 6.28662e-006
184.75 8.24449e-006
185.455 3.34415e-005
185.705 1.24368e-005
185.755 4.0201e-006
186.45 3.00334e-005
186.7 1.86743e-005
186.75 5.5061e-006
188.45 2.33086e-005
188.7 3.13005e-005
188.75 1.59931e-005
190.45 1.83079e-005
190.455 1.83079e-005
190.7 3.95274e-005
190.705 3.95274e-005
190.75 2.30284e-005
190.755 2.30284e-005
192.45 1.83079e-005
192.7 3.95274e-005
192.75 2.30284e-005
194.45 1.83079e-005
194.7 3.95274e-005
194.75 2.30284e-005
195.455 1.83079e-005
195.705 3.95274e-005
195.755 2.30284e-005
196.45 1.83079e-005
196.7 3.95274e-005
196.75 2.30284e-005
198.45 1.83079e-005
198.7 3.95274e-005
198.75 2.30284e-005
200.45 1.83079e-005
200.455 1.83079e-005
200.7 3.95274e-005
200.705 3.95274e-005
200.75 2.30284e-005
200.755 2.30284e-005
202.45 1.83079e-005
202.7 3.95274e-005
202.75 2.30284e-005
204.45 1.83079e-005
204.7 3.95274e-005
204.75 2.30284e-005
205.455 1.83079e-005
205.705 3.95274e-005
205.755 2.30284e-005
206.45 1.83079e-005
206.7 3.95274e-005
206.75 2.30284e-005
208.45 1.83079e-005
208.7 3.95274e-005
208.75 2.30284e-005
210.45 1.83079e-005
210.455 1.83079e-005
210.7 3.95274e-005
210.705 3.95274e-005
210.75 2.30284e-005
210.755 2.30284e-005
212.45 1.83079e-005
212.7 3.95274e-005
212.75 2.30284e-005
214.45 1.83079e-005
214.7 3.95274e-005
214.75 2.30284e-005
215.455 1.83079e-005
215.705 3.95274e-005
215.755 2.30284e-005
216.45 1.83079e-005
216.7 3.95274e-005
216.75 2.30284e-005
218.45 1.83079e-005
218.7 3.95274e-005
218.75 2.30284e-005
220.45 1.83079e-005
220.455 1.83079e-005
220.7 3.95274e-005
220.705 3.95274e-005
220.75 2.30284e-005
220.755 2.30284e-005
222.45 1.83079e-005
222.7 3.95274e-005
222.75 2.30284e-005
224.45 1.83079e-005
224.7 3.95274e-005
224.75 2.30284e-005
225.455 1.83079e-005
225.705 3.95274e-005
225.755 2.30284e-005
226.45 1.83079e-005
226.7 3.95274e-005
226.75 2.30284e-005
228.45 1.83079e-005
228.7 3.95274e-005
228.75 2.30284e-005
230.45 1.83079e-005
230.455 1.83079e-005
230.7 3.95274e-005
230.705 3.95274e-005
230.75 2.30284e-005
230.755 2.30284e-005
232.45 1.83079e-005
232.7 3.95274e-005
232.75 2.30284e-005
234.45 1.83079e-005
234.7 3.95274e-005
234.75 2.30284e-005
235.455 1.83079e-005
235.705 3.95274e-005
235.755 2.30284e-005
236.45 1.83079e-005
236.7 3.95274e-005
236.75 2.30284e-005
238.45 1.83079e-005
238.7 3.95274e-005
238.75 2.30284e-005
240.45 1.83079e-005
240.455 1.83079e-005
240.7 3.95274e-005
240.705 3.95274e-005
240.75 2.30284e-005
240.755 2.30284e-005
242.45 1.83079e-005
242.7 3.95274e-005
242.75 2.30284e-005
244.45 1.83079e-005
244.7 3.95274e-005
244.75 2.30284e-005
245.455 1.83079e-005
245.705 3.95274e-005
245.755 2.30284e-005
246.45 1.83079e-005
246.7 3.95274e-005
246.75 2.30284e-005
248.45 1.83079e-005
248.7 3.95274e-005
248.75 2.30284e-005
250.45 1.83079e-005
250.455 1.83079e-005
250.7 3.95274e-005
250.705 3.95274e-005
250.75 2.30284e-005
250.755 2.30284e-005
252.45 1.83079e-005
252.7 3.95274e-005
252.75 2.30284e-005
254.45 1.83079e-005
254.7 3.95274e-005
254.75 2.30284e-005
255.455 1.83079e-005
255.705 3.95274e-005
255.755 2.30284e-005
256.45 1.83079e-005
256.7 3.95274e-005
256.75 2.30284e-005
258.45 1.83079e-005
258.7 3.95274e-005
258.75 2.30284e-005
260.45 1.83079e-005
260.455 1.83079e-005
260.7 3.95274e-005
260.705 3.95274e-005
260.75 2.30284e-005
260.755 2.30284e-005
262.45 1.83079e-005
262.7 3.95274e-005
262.75 2.30284e-005
264.45 1.83079e-005
264.7 3.95274e-005
264.75 2.30284e-005
265.455 1.83079e-005
265.705 3.95274e-005
265.755 2.30284e-005
266.45 1.83079e-005
266.7 3.95274e-005
266.75 2.30284e-005
268.45 1.83079e-005
268.7 3.95274e-005
268.75 2.30284e-005
270.45 1.83079e-005
270.455 1.83079e-005
270.7 3.95274e-005
270.705 3.95274e-005
270.75 2.30284e-005
270.755 2.30284e-005
272.45 1.83079e-005
272.7 3.95274e-005
272.75 2.30284e-005
274.45 1.83079e-005
274.7 3.95274e-005
274.75 2.30284e-005
275.455 1.83079e-005
275.705 3.95274e-005
275.755 2.30284e-005
276.45 1.83079e-005
276.7 3.95274e-005
276.75 2.30284e-005
278.45 1.83079e-005
278.7 3.95274e-005
278.75 2.30284e-005
280.45 1.83079e-005
280.455 1.83079e-005
280.7 3.95274e-005
280.705 3.95274e-005
280.75 2.30284e-005
280.755 2.30284e-005
282.45 1.83079e-005
282.7 3.95274e-005
282.75 2.30284e-005
284.45 1.83079e-005
284.7 3.95274e-005
284.75 2.30284e-005
285.455 1.83079e-005
285.705 3.95274e-005
285.755 2.30284e-005
286.45 1.83079e-005
286.7 3.95274e-005
286.75 2.30284e-005
288.45 1.83079e-005
288.7 3.95274e-005
288.75 2.30284e-005
290.45 1.83079e-005
290.455 1.83079e-005
290.7 3.95274e-005
290.705 3.95274e-005
290.75 2.30284e-005
290.755 2.30284e-005
292.45 1.83079e-005
292.7 3.95274e-005
292.75 2.30284e-005
294.45 1.83079e-005
294.7 3.95274e-005
294.75 2.30284e-005
295.455 1.83079e-005
295.705 3.95274e-005
295.755 2.30284e-005
296.45 1.83079e-005
296.7 3.95274e-005
296.75 2.30284e-005
298.45 1.83079e-005
298.7 3.95274e-005
298.75 2.30284e-005
300.45 1.83079e-005
300.455 1.83079e-005
300.7 3.95274e-005
300.705 3.95274e-005
300.75 2.30284e-005
300.755 2.30284e-005
302.45 1.83079e-005
302.7 3.95274e-005
302.75 2.30284e-005
304.45 1.83079e-005
304.7 3.95274e-005
304.75 2.30284e-005
305.455 1.83079e-005
305.705 3.95274e-005
305.755 2.30284e-005
306.45 1.83079e-005
306.7 3.95274e-005
306.75 2.30284e-005
308.45 1.83079e-005
308.7 3.95274e-005
308.75 2.30284e-005
310.45 1.83079e-005
310.455 1.83079e-005
310.7 3.95274e-005
310.705 3.95274e-005
310.75 2.30284e-005
310.755 2.30284e-005
312.45 1.83079e-005
312.7 3.95274e-005
312.75 2.30284e-005
314.45 1.83079e-005
314.7 3.95274e-005
314.75 2.30284e-005
315.455 1.83079e-005
315.705 3.95274e-005
315.755 2.30284e-005
316.45 1.83079e-005
316.7 3.95274e-005
316.75 2.30284e-005
318.45 1.83079e-005
318.7 3.95274e-005
318.75 2.30284e-005
320.45 1.83079e-005
320.455 1.83079e-005
320.7 3.95274e-005
320.705 3.95274e-005
320.75 2.30284e-005
320.755 2.30284e-005
322.45 1.83079e-005
322.75 2.30284e-005
324.45 1.83079e-005
324.7 3.95274e-005
324.75 2.30284e-005
325.455 1.83079e-005
325.705 3.95274e-005
325.755 2.30284e-005
326.45 1.83079e-005
326.7 3.95274e-005
326.75 2.30284e-005
328.45 1.83079e-005
328.7 3.95274e-005
328.75 2.30284e-005
330.45 1.83079e-005
330.455 1.83079e-005
330.7 3.95274e-005
330.705 3.95274e-005
330.75 2.30284e-005
330.755 2.30284e-005
332.45 1.83079e-005
332.7 3.95274e-005
332.75 2.30284e-005
334.45 1.83079e-005
334.7 3.95274e-005
334.75 2.30284e-005
335.455 1.83079e-005
335.705 3.95274e-005
335.755 2.30284e-005
336.45 1.83079e-005
336.7 3.95274e-005
336.75 2.30284e-005
338.45 1.83079e-005
338.7 3.95274e-005
338.75 2.30284e-005
340.45 1.83079e-005
340.455 1.83079e-005
340.7 3.95274e-005
340.705 3.95274e-005
340.75 2.30284e-005
340.755 2.30284e-005
342.45 1.83079e-005
342.7 3.95274e-005
342.75 2.30284e-005
344.45 1.83079e-005
344.7 3.95274e-005
344.75 2.30284e-005
345.455 1.83079e-005
345.705 3.95274e-005
345.755 2.30284e-005
346.45 1.83079e-005
346.7 3.95274e-005
346.75 2.30284e-005
348.45 1.83079e-005
348.7 3.95274e-005
348.75 2.30284e-005
350.45 1.83079e-005
350.455 1.83079e-005
350.7 3.95274e-005
350.705 3.95274e-005
350.75 2.30284e-005
350.755 2.30284e-005
352.45 1.83079e-005
352.7 3.95274e-005
352.75 2.30284e-005
354.45 1.83079e-005
354.7 3.95274e-005
354.75 2.30284e-005
355.455 1.83079e-005
355.705 3.95274e-005
355.755 2.30284e-005
356.45 1.83079e-005
356.7 3.95274e-005
356.75 2.30284e-005
358.45 1.83079e-005
358.7 3.95274e-005
358.75 2.30284e-005
360.45 1.83079e-005
360.455 1.83079e-005
360.7 3.95274e-005
360.705 3.95274e-005
360.75 2.30284e-005
360.755 2.30284e-005
362.45 1.83079e-005
362.7 3.95274e-005
362.75 2.30284e-005
364.45 1.83079e-005
364.7 3.95274e-005
364.75 2.30284e-005
365.455 1.83079e-005
365.705 3.95274e-005
365.755 2.30284e-005
366.45 1.83079e-005
366.7 3.95274e-005
366.75 2.30284e-005
368.45 1.83079e-005
368.7 3.95274e-005
368.75 2.30284e-005
370.45 1.83079e-005
370.455 1.83079e-005
370.7 3.95274e-005
370.705 3.95274e-005
370.75 2.30284e-005
370.755 2.30284e-005
372.45 1.83079e-005
372.7 3.95274e-005
372.75 2.30284e-005
374.45 1.83079e-005
374.7 3.95274e-005
374.75 2.30284e-005
375.455 1.83079e-005
375.755 2.30284e-005
376.45 1.83079e-005
376.7 3.95274e-005
376.75 2.30284e-005
378.45 1.83079e-005
378.7 3.95274e-005
378.75 2.30284e-005
380.45 1.83079e-005
380.455 1.83079e-005
380.7 3.95274e-005
380.705 3.95274e-005
380.75 2.30284e-005
380.755 2.30284e-005
382.45 1.83079e-005
382.7 3.95274e-005
382.75 2.30284e-005
384.45 1.83079e-005
384.7 3.95274e-005
384.75 2.30284e-005
385.455 1.83079e-005
385.705 3.95274e-005
385.755 2.30284e-005
386.45 1.83079e-005
386.7 3.95274e-005
386.75 2.30284e-005
388.45 1.83079e-005
388.7 3.95274e-005
388.75 2.30284e-005
390.45 1.83079e-005
390.455 1.83079e-005
390.7 3.95274e-005
390.705 3.95274e-005
390.75 2.30284e-005
390.755 2.30284e-005
392.45 1.83079e-005
392.7 3.95274e-005
392.75 2.30284e-005
394.45 1.83079e-005
394.7 3.95274e-005
394.75 2.30284e-005
395.455 1.83079e-005
395.705 3.95274e-005
395.755 2.30284e-005
396.45 1.83079e-005
396.7 3.95274e-005
396.75 2.30284e-005
398.45 1.83079e-005
398.7 3.95274e-005
398.75 2.30284e-005
400.45 1.83079e-005
400.455 1.83079e-005
400.7 3.95274e-005
400.705 3.95274e-005
400.75 2.30284e-005
400.755 2.30284e-005
402.45 1.83079e-005
402.7 3.95274e-005
402.75 2.30284e-005
404.45 1.83079e-005
404.7 3.95274e-005
404.75 2.30284e-005
405.455 1.83079e-005
405.705 3.95274e-005
405.755 2.30284e-005
406.45 1.83079e-005
406.7 3.95274e-005
406.75 2.30284e-005
408.45 1.83079e-005
408.7 3.95274e-005
408.75 2.30284e-005
410.45 1.83079e-005
410.455 1.83079e-005
410.7 3.95274e-005
410.705 3.95274e-005
410.75 2.30284e-005
410.755 2.30284e-005
412.45 1.83079e-005
412.7 3.95274e-005
412.75 2.30284e-005
414.45 1.83079e-005
414.7 3.95274e-005
414.75 2.30284e-005
415.455 1.83079e-005
415.705 3.95274e-005
415.755 2.30284e-005
416.45 1.83079e-005
416.7 3.95274e-005
416.75 2.30284e-005
418.45 1.83079e-005
418.7 3.95274e-005
418.75 2.30284e-005
420.45 1.83079e-005
420.455 1.83079e-005
420.7 3.95274e-005
420.705 3.95274e-005
420.75 2.30284e-005
420.755 2.30284e-005
422.45 1.83079e-005
422.7 3.95274e-005
422.75 2.30284e-005
424.45 1.83079e-005
424.7 3.95274e-005
424.75 2.30284e-005
425.455 1.83079e-005
425.705 3.95274e-005
425.755 2.30284e-005
426.45 1.83079e-005
426.7 3.95274e-005
426.75 2.30284e-005
428.45 1.83079e-005
428.7 3.95274e-005
428.75 2.30284e-005
430.45 1.83079e-005
430.455 1.83079e-005
430.7 3.95274e-005
430.705 3.95274e-005
430.75 2.30284e-005
430.755 2.30284e-005
432.45 1.83079e-005
432.7 3.95274e-005
432.75 2.30284e-005
434.45 1.83079e-005
434.7 3.95274e-005
434.75 2.30284e-005
435.455 1.83079e-005
435.705 3.95274e-005
435.755 2.30284e-005
436.45 1.83079e-005
436.7 3.95274e-005
436.75 2.30284e-005
438.45 1.83079e-005
438.7 3.95274e-005
438.75 2.30284e-005
440.45 1.83079e-005
440.455 1.83079e-005
440.7 3.95274e-005
440.705 3.95274e-005
440.75 2.30284e-005
440.755 2.30284e-005
442.45 1.83079e-005
442.7 3.95274e-005
442.75 2.30284e-005
444.45 1.83079e-005
444.7 3.95274e-005
444.75 2.30284e-005
445.455 1.83079e-005
445.705 3.95274e-005
445.755 2.30284e-005
446.45 1.83079e-005
446.7 3.95274e-005
446.75 2.30284e-005
448.45 1.83079e-005
448.7 3.95274e-005
448.75 2.30284e-005
450.45 1.83079e-005
450.455 1.83079e-005
450.7 3.95274e-005
450.705 3.95274e-005
450.75 2.30284e-005
450.755 2.30284e-005
452.45 1.83079e-005
452.75 2.30284e-005
454.45 1.83079e-005
454.7 3.95274e-005
454.75 2.30284e-005
455.455 1.83079e-005
455.705 3.95274e-005
455.755 2.30284e-005
456.45 1.83079e-005
456.7 3.95274e-005
456.75 2.30284e-005
458.45 1.83079e-005
458.7 3.95274e-005
458.75 2.30284e-005
460.45 1.83079e-005
460.455 1.83079e-005
460.7 3.95274e-005
460.705 3.95274e-005
460.75 2.30284e-005
460.755 2.30284e-005
462.45 1.83079e-005
462.7 3.95274e-005
462.75 2.30284e-005
464.45 1.83079e-005
464.7 3.95274e-005
464.75 2.30284e-005
465.455 1.83079e-005
465.705 3.95274e-005
465.755 2.30284e-005
466.45 1.83079e-005
466.7 3.95274e-005
466.75 2.30284e-005
468.45 1.83079e-005
468.7 3.95274e-005
468.75 2.30284e-005
470.45 1.83079e-005
470.455 1.83079e-005
470.7 3.95274e-005
470.705 3.95274e-005
470.75 2.30284e-005
470.755 2.30284e-005
472.45 1.83079e-005
472.7 3.95274e-005
472.75 2.30284e-005
474.45 1.83079e-005
474.7 3.95274e-005
474.75 2.30284e-005
475.455 1.83079e-005
475.705 3.95274e-005
475.755 2.30284e-005
476.45 1.83079e-005
476.7 3.95274e-005
476.75 2.30284e-005
478.45 1.83079e-005
478.7 3.95274e-005
478.75 2.30284e-005
480.45 1.83079e-005
480.455 1.83079e-005
480.7 3.95274e-005
480.705 3.95274e-005
480.75 2.30284e-005
480.755 2.30284e-005
482.45 1.83079e-005
482.7 3.95274e-005
482.75 2.30284e-005
484.45 1.83079e-005
484.7 3.95274e-005
484.75 2.30284e-005
485.455 1.83079e-005
485.705 3.95274e-005
485.755 2.30284e-005
486.45 1.83079e-005
486.7 3.95274e-005
486.75 2.30284e-005
488.45 1.83079e-005
488.7 3.95274e-005
488.75 2.30284e-005
490.45 1.83079e-005
490.455 1.83079e-005
490.7 3.95274e-005
490.705 3.95274e-005
490.75 2.30284e-005
490.755 2.30284e-005
492.45 1.83079e-005
492.7 3.95274e-005
492.75 2.30284e-005
494.45 1.83079e-005
494.7 3.95274e-005
494.75 2.30284e-005
495.455 1.83079e-005
495.705 3.95274e-005
495.755 2.30284e-005
496.45 1.83079e-005
496.7 3.95274e-005
496.75 2.30284e-005
498.45 1.83079e-005
498.7 3.95274e-005
498.75 2.30284e-005
500.45 1.83079e-005
500.455 1.83079e-005
500.7 3.95274e-005
500.705 3.95274e-005
500.75 2.30284e-005
500.755 2.30284e-005
502.45 1.83079e-005
502.7 3.95274e-005
502.75 2.30284e-005
504.45 1.83079e-005
504.7 3.95274e-005
504.75 2.30284e-005
505.455 1.83079e-005
505.705 3.95274e-005
505.755 2.30284e-005
506.45 1.83079e-005
506.7 3.95274e-005
506.75 2.30284e-005
508.45 1.83079e-005
508.7 3.95274e-005
508.75 2.30284e-005
510.45 1.83079e-005
510.455 1.83079e-005
510.7 3.95274e-005
510.705 3.95274e-005
510.75 2.30284e-005
510.755 2.30284e-005
512.45 1.83079e-005
512.7 3.95274e-005
512.75 2.30284e-005
514.45 1.83079e-005
514.7 3.95274e-005
514.75 2.30284e-005
515.455 1.83079e-005
515.705 3.95274e-005
515.755 2.30284e-005
516.45 1.83079e-005
516.7 3.95274e-005
516.75 2.30284e-005
518.45 1.83079e-005
518.7 3.95274e-005
518.75 2.30284e-005
520.45 1.83079e-005
520.455 1.83079e-005
520.7 3.95274e-005
520.705 3.95274e-005
520.75 2.30284e-005
520.755 2.30284e-005
522.45 1.83079e-005
522.7 3.95274e-005
522.75 2.30284e-005
524.45 1.83079e-005
524.7 3.95274e-005
524.75 2.30284e-005
525.455 1.83079e-005
525.705 3.95274e-005
525.755 2.30284e-005
526.45 1.83079e-005
526.7 3.95274e-005
526.75 2.30284e-005
528.45 1.83079e-005
528.7 3.95274e-005
528.75 2.30284e-005
530.45 1.83079e-005
530.455 1.83079e-005
530.7 3.95274e-005
530.705 3.95274e-005
530.75 2.30284e-005
530.755 2.30284e-005
532.45 1.83079e-005
532.7 3.95274e-005
532.75 2.30284e-005
534.45 1.83079e-005
534.7 3.95274e-005
534.75 2.30284e-005
535.455 1.83079e-005
535.705 3.95274e-005
535.755 2.30284e-005
536.45 1.83079e-005
536.7 3.95274e-005
536.75 2.30284e-005
538.45 1.83079e-005
538.7 3.95274e-005
538.75 2.30284e-005
540.45 1.83079e-005
540.455 1.83079e-005
540.7 3.95274e-005
540.705 3.95274e-005
540.75 2.30284e-005
540.755 2.30284e-005
542.45 1.83079e-005
542.7 3.95274e-005
542.75 2.30284e-005
544.45 1.83079e-005
544.7 3.95274e-005
544.75 2.30284e-005
545.455 1.83079e-005
545.705 3.95274e-005
545.755 2.30284e-005
546.45 1.83079e-005
546.7 3.95274e-005
546.75 2.30284e-005
548.45 1.83079e-005
548.7 3.95274e-005
548.75 2.30284e-005
550.45 1.83079e-005
550.455 1.83079e-005
550.7 3.95274e-005
550.705 3.95274e-005
550.75 2.30284e-005
550.755 2.30284e-005
552.45 1.83079e-005
552.7 3.95274e-005
552.75 2.30284e-005
554.45 1.83079e-005
554.7 3.95274e-005
554.75 2.30284e-005
555.455 1.83079e-005
555.755 2.30284e-005
556.45 1.83079e-005
556.7 3.95274e-005
556.75 2.30284e-005
558.45 1.83079e-005
558.7 3.95274e-005
558.75 2.30284e-005
560.45 1.83079e-005
560.455 1.83079e-005
560.7 3.95274e-005
560.705 3.95274e-005
560.75 2.30284e-005
560.755 2.30284e-005
562.45 1.83079e-005
562.7 3.95274e-005
562.75 2.30284e-005
564.45 1.83079e-005
564.7 3.95274e-005
564.75 2.30284e-005
565.455 1.83079e-005
565.705 3.95274e-005
565.755 2.30284e-005
566.45 1.83079e-005
566.7 3.95274e-005
566.75 2.30284e-005
568.45 1.83079e-005
568.7 3.95274e-005
568.75 2.30284e-005
570.45 1.83079e-005
570.455 1.83079e-005
570.7 3.95274e-005
570.705 3.95274e-005
570.75 2.30284e-005
570.755 2.30284e-005
572.45 1.83079e-005
572.7 3.95274e-005
572.75 2.30284e-005
574.45 1.83079e-005
574.7 3.95274e-005
574.75 2.30284e-005
575.455 1.83079e-005
575.705 3.95274e-005
575.755 2.30284e-005
576.45 1.83079e-005
576.7 3.95274e-005
576.75 2.30284e-005
578.45 1.83079e-005
578.7 3.95274e-005
578.75 2.30284e-005
580.45 1.83079e-005
580.455 1.83079e-005
580.7 3.95274e-005
580.705 3.95274e-005
580.75 2.30284e-005
580.755 2.30284e-005
582.45 1.83079e-005
582.75 2.30284e-005
584.45 1.83079e-005
584.7 3.95274e-005
584.75 2.30284e-005
585.455 1.83079e-005
585.705 3.95274e-005
585.755 2.30284e-005
586.45 1.83079e-005
586.7 3.95274e-005
586.75 2.30284e-005
588.45 1.83079e-005
588.7 3.95274e-005
588.75 2.30284e-005
590.45 1.83079e-005
590.455 1.83079e-005
590.7 3.95274e-005
590.705 3.95274e-005
590.75 2.30284e-005
590.755 2.30284e-005
592.45 1.83079e-005
592.7 3.95274e-005
592.75 2.30284e-005
594.45 1.83079e-005
594.7 3.95274e-005
594.75 2.30284e-005
595.455 1.83079e-005
595.755 2.30284e-005
596.45 1.83079e-005
596.7 3.95274e-005
596.75 2.30284e-005
598.45 1.83079e-005
598.7 3.95274e-005
598.75 2.30284e-005
600.45 1.83079e-005
600.455 1.83079e-005
600.7 3.95274e-005
600.705 3.95274e-005
600.75 2.30284e-005
600.755 2.30284e-005
602.45 1.83079e-005
602.7 3.95274e-005
602.75 2.30284e-005
604.45 1.83079e-005
604.7 3.95274e-005
604.75 2.30284e-005
605.455 1.83079e-005
605.705 3.95274e-005
605.755 2.30284e-005
606.45 1.83079e-005
606.7 3.95274e-005
606.75 2.30284e-005
608.45 1.83079e-005
608.7 3.95274e-005
608.75 2.30284e-005
610.45 1.83079e-005
610.455 1.83079e-005
610.7 3.95274e-005
610.705 3.95274e-005
610.75 2.30284e-005
610.755 2.30284e-005
612.45 1.83079e-005
612.7 3.95274e-005
612.75 2.30284e-005
614.45 1.83079e-005
614.7 3.95274e-005
614.75 2.30284e-005
615.455 1.83079e-005
615.705 3.95274e-005
615.755 2.30284e-005
616.45 1.83079e-005
616.7 3.95274e-005
616.75 2.30284e-005
618.45 1.83079e-005
618.7 3.95274e-005
618.75 2.30284e-005
620.45 1.83079e-005
620.455 1.83079e-005
620.7 3.95274e-005
620.705 3.95274e-005
620.75 2.30284e-005
620.755 2.30284e-005
622.45 1.83079e-005
622.7 3.95274e-005
622.75 2.30284e-005
624.45 1.83079e-005
624.7 3.95274e-005
624.75 2.30284e-005
625.455 1.83079e-005
625.705 3.95274e-005
625.755 2.30284e-005
626.45 1.83079e-005
626.7 3.95274e-005
626.75 2.30284e-005
628.45 1.83079e-005
628.7 3.95274e-005
628.75 2.30284e-005
630.45 1.83079e-005
630.455 1.83079e-005
630.7 3.95274e-005
630.705 3.95274e-005
630.75 2.30284e-005
630.755 2.30284e-005
632.45 1.83079e-005
632.7 3.95274e-005
632.75 2.30284e-005
634.45 1.83079e-005
634.7 3.95274e-005
634.75 2.30284e-005
635.455 1.83079e-005
635.705 3.95274e-005
635.755 2.30284e-005
636.45 1.83079e-005
636.7 3.95274e-005
636.75 2.30284e-005
638.45 1.83079e-005
638.7 3.95274e-005
638.75 2.30284e-005
640.45 1.83079e-005
640.455 1.83079e-005
640.7 3.95274e-005
640.705 3.95274e-005
640.75 2.30284e-005
640.755 2.30284e-005
642.45 1.83079e-005
642.7 3.95274e-005
642.75 2.30284e-005
644.45 1.83079e-005
644.7 3.95274e-005
644.75 2.30284e-005
645.455 1.83079e-005
645.705 3.95274e-005
645.755 2.30284e-005
646.45 1.83079e-005
646.7 3.95274e-005
646.75 2.30284e-005
648.45 1.83079e-005
648.7 3.95274e-005
648.75 2.30284e-005
650.45 1.83079e-005
650.455 1.83079e-005
650.7 3.95274e-005
650.705 3.95274e-005
650.75 2.30284e-005
650.755 2.30284e-005
652.45 1.83079e-005
652.7 3.95274e-005
652.75 2.30284e-005
654.45 1.83079e-005
654.7 3.95274e-005
654.75 2.30284e-005
655.455 1.83079e-005
655.705 3.95274e-005
655.755 2.30284e-005
656.45 1.83079e-005
656.7 3.95274e-005
656.75 2.30284e-005
658.45 1.83079e-005
658.7 3.95274e-005
658.75 2.30284e-005
660.45 1.83079e-005
660.455 1.83079e-005
660.7 3.95274e-005
660.705 3.95274e-005
660.75 2.30284e-005
660.755 2.30284e-005
662.45 1.83079e-005
662.7 3.95274e-005
662.75 2.30284e-005
664.45 1.83079e-005
664.7 3.95274e-005
664.75 2.30284e-005
665.455 1.83079e-005
665.705 3.95274e-005
665.755 2.30284e-005
666.45 1.83079e-005
666.7 3.95274e-005
666.75 2.30284e-005
668.45 1.83079e-005
668.7 3.95274e-005
668.75 2.30284e-005
670.45 1.83079e-005
670.455 1.83079e-005
670.7 3.95274e-005
670.705 3.95274e-005
670.75 2.30284e-005
670.755 2.30284e-005
672.45 1.83079e-005
672.7 3.95274e-005
672.75 2.30284e-005
674.45 1.83079e-005
674.7 3.95274e-005
674.75 2.30284e-005
675.455 1.83079e-005
675.705 3.95274e-005
675.755 2.30284e-005
676.45 1.83079e-005
676.7 3.95274e-005
676.75 2.30284e-005
678.45 1.83079e-005
678.7 3.95274e-005
678.75 2.30284e-005
680.45 1.83079e-005
680.455 1.83079e-005
680.7 3.95274e-005
680.705 3.95274e-005
680.75 2.30284e-005
680.755 2.30284e-005
682.45 1.83079e-005
682.7 3.95274e-005
682.75 2.30284e-005
684.45 1.83079e-005
684.7 3.95274e-005
684.75 2.30284e-005
685.455 1.83079e-005
685.705 3.95274e-005
685.755 2.30284e-005
686.45 1.83079e-005
686.7 3.95274e-005
686.75 2.30284e-005
688.45 1.83079e-005
688.7 3.95274e-005
688.75 2.30284e-005
690.45 1.83079e-005
690.455 1.83079e-005
690.7 3.95274e-005
690.705 3.95274e-005
690.75 2.30284e-005
690.755 2.30284e-005
692.45 1.83079e-005
692.75 2.30284e-005
694.45 1.83079e-005
694.7 3.95274e-005
694.75 2.30284e-005
695.455 1.83079e-005
695.705 3.95274e-005
695.755 2.30284e-005
696.45 1.83079e-005
696.7 3.95274e-005
696.75 2.30284e-005
698.45 1.83079e-005
698.7 3.95274e-005
698.75 2.30284e-005
700.45 1.83079e-005
700.455 1.83079e-005
700.7 3.95274e-005
700.705 3.95274e-005
700.75 2.30284e-005
700.755 2.30284e-005
702.45 1.83079e-005
702.7 3.95274e-005
702.75 2.30284e-005
704.45 1.83079e-005
704.7 3.95274e-005
704.75 2.30284e-005
705.455 1.83079e-005
705.705 3.95274e-005
705.755 2.30284e-005
706.45 1.83079e-005
706.7 3.95274e-005
706.75 2.30284e-005
708.45 1.83079e-005
708.7 3.95274e-005
708.75 2.30284e-005
710.45 1.83079e-005
710.455 1.83079e-005
710.7 3.95274e-005
710.705 3.95274e-005
710.75 2.30284e-005
710.755 2.30284e-005
712.45 1.83079e-005
712.7 3.95274e-005
712.75 2.30284e-005
714.45 1.83079e-005
714.7 3.95274e-005
714.75 2.30284e-005
715.455 1.83079e-005
715.705 3.95274e-005
715.755 2.30284e-005
716.45 1.83079e-005
716.7 3.95274e-005
716.75 2.30284e-005
718.45 1.83079e-005
718.7 3.95274e-005
718.75 2.30284e-005
720.45 1.83079e-005
720.455 1.83079e-005
720.7 3.95274e-005
720.705 3.95274e-005
720.75 2.30284e-005
720.755 2.30284e-005
722.45 1.83079e-005
722.7 3.95274e-005
722.75 2.30284e-005
724.45 1.83079e-005
724.7 3.95274e-005
724.75 2.30284e-005
725.455 1.83079e-005
725.705 3.95274e-005
725.755 2.30284e-005
726.45 1.83079e-005
726.75 2.30284e-005
728.45 1.83079e-005
728.7 3.95274e-005
728.75 2.30284e-005
730.45 1.83079e-005
730.455 1.83079e-005
730.7 3.95274e-005
730.705 3.95274e-005
730.75 2.30284e-005
730.755 2.30284e-005
732.45 1.83079e-005
732.7 3.95274e-005
732.75 2.30284e-005
734.45 1.83079e-005
734.7 3.95274e-005
734.75 2.30284e-005
735.455 1.83079e-005
735.705 3.95274e-005
735.755 2.30284e-005
736.45 1.83079e-005
736.7 3.95274e-005
736.75 2.30284e-005
738.45 1.83079e-005
738.7 3.95274e-005
738.75 2.30284e-005
740.45 1.83079e-005
740.455 1.83079e-005
740.7 3.95274e-005
740.705 3.95274e-005
740.75 2.30284e-005
740.755 2.30284e-005
742.45 1.83079e-005
742.7 3.95274e-005
742.75 2.30284e-005
744.45 1.83079e-005
744.75 2.30284e-005
745.455 1.83079e-005
745.705 3.95274e-005
745.755 2.30284e-005
746.45 1.83079e-005
746.7 3.95274e-005
746.75 2.30284e-005
748.45 1.83079e-005
748.7 3.95274e-005
748.75 2.30284e-005
750.45 1.83079e-005
750.455 1.83079e-005
750.7 3.95274e-005
750.705 3.95274e-005
750.75 2.30284e-005
750.755 2.30284e-005
752.45 1.83079e-005
752.7 3.95274e-005
752.75 2.30284e-005
754.45 1.83079e-005
754.7 3.95274e-005
754.75 2.30284e-005
755.455 1.83079e-005
755.705 3.95274e-005
755.755 2.30284e-005
756.45 1.83079e-005
756.7 3.95274e-005
756.75 2.30284e-005
758.45 1.83079e-005
758.7 3.95274e-005
758.75 2.30284e-005
760.45 1.83079e-005
760.455 1.83079e-005
760.7 3.95274e-005
760.705 3.95274e-005
760.75 2.30284e-005
760.755 2.30284e-005
762.45 1.83079e-005
762.7 3.95274e-005
762.75 2.30284e-005
764.45 1.83079e-005
764.7 3.95274e-005
764.75 2.30284e-005
765.455 1.83079e-005
765.705 3.95274e-005
765.755 2.30284e-005
766.45 1.83079e-005
766.7 3.95274e-005
766.75 2.30284e-005
768.45 1.83079e-005
768.7 3.95274e-005
768.75 2.30284e-005
770.45 1.83079e-005
770.455 1.83079e-005
770.7 3.95274e-005
770.705 3.95274e-005
770.75 2.30284e-005
770.755 2.30284e-005
772.45 1.83079e-005
772.7 3.95274e-005
772.75 2.30284e-005
774.45 1.83079e-005
774.7 3.95274e-005
774.75 2.30284e-005
775.455 1.83079e-005
775.705 3.95274e-005
775.755 2.30284e-005
776.45 1.83079e-005
776.7 3.95274e-005
776.75 2.30284e-005
778.45 1.83079e-005
778.7 3.95274e-005
778.75 2.30284e-005
780.45 1.83079e-005
780.455 1.83079e-005
780.7 3.95274e-005
780.705 3.95274e-005
780.75 2.30284e-005
780.755 2.30284e-005
782.45 1.83079e-005
782.7 3.95274e-005
782.75 2.30284e-005
784.45 1.83079e-005
784.7 3.95274e-005
784.75 2.30284e-005
785.455 1.83079e-005
785.705 3.95274e-005
785.755 2.30284e-005
786.45 1.83079e-005
786.7 3.95274e-005
786.75 2.30284e-005
788.45 1.83079e-005
788.7 3.95274e-005
788.75 2.30284e-005
790.45 1.83079e-005
790.455 1.83079e-005
790.7 3.95274e-005
790.705 3.95274e-005
790.75 2.30284e-005
790.755 2.30284e-005
792.45 1.83079e-005
792.7 3.95274e-005
792.75 2.30284e-005
794.45 1.83079e-005
794.7 3.95274e-005
794.75 2.30284e-005
795.455 1.83079e-005
795.705 3.95274e-005
795.755 2.30284e-005
796.45 1.83079e-005
796.7 3.95274e-005
796.75 2.30284e-005
798.45 1.83079e-005
798.7 3.95274e-005
798.75 2.30284e-005
800.45 1.83079e-005
800.455 1.83079e-005
800.7 3.95274e-005
800.705 3.95274e-005
800.75 2.30284e-005
800.755 2.30284e-005
802.45 1.83079e-005
802.7 3.95274e-005
802.75 2.30284e-005
804.45 1.83079e-005
804.7 3.95274e-005
804.75 2.30284e-005
805.455 1.83079e-005
805.705 3.95274e-005
805.755 2.30284e-005
806.45 1.83079e-005
806.7 3.95274e-005
806.75 2.30284e-005
808.45 1.83079e-005
808.7 3.95274e-005
808.75 2.30284e-005
810.45 1.83079e-005
810.455 1.83079e-005
810.7 3.95274e-005
810.705 3.95274e-005
810.75 2.30284e-005
810.755 2.30284e-005
812.45 1.83079e-005
812.7 3.95274e-005
812.75 2.30284e-005
814.45 1.83079e-005
814.7 3.95274e-005
814.75 2.30284e-005
815.455 1.83079e-005
815.705 3.95274e-005
815.755 2.30284e-005
816.45 1.83079e-005
816.7 3.95274e-005
816.75 2.30284e-005
818.45 1.83079e-005
818.7 3.95274e-005
818.75 2.30284e-005
820.45 1.83079e-005
820.455 1.83079e-005
820.7 3.95274e-005
820.705 3.95274e-005
820.75 2.30284e-005
820.755 2.30284e-005
822.45 1.83079e-005
822.7 3.95274e-005
822.75 2.30284e-005
824.45 1.83079e-005
824.7 3.95274e-005
824.75 2.30284e-005
825.455 1.83079e-005
825.705 3.95274e-005
825.755 2.30284e-005
826.45 1.83079e-005
826.7 3.95274e-005
826.75 2.30284e-005
828.45 1.83079e-005
828.7 3.95274e-005
828.75 2.30284e-005
830.45 1.83079e-005
830.455 1.83079e-005
830.7 3.95274e-005
830.705 3.95274e-005
830.75 2.30284e-005
830.755 2.30284e-005
832.45 1.83079e-005
832.7 3.95274e-005
832.75 2.30284e-005
834.45 1.83079e-005
834.7 3.95274e-005
834.75 2.30284e-005
835.455 1.83079e-005
835.705 3.95274e-005
835.755 2.30284e-005
836.45 1.83079e-005
836.7 3.95274e-005
836.75 2.30284e-005
838.45 1.83079e-005
838.7 3.95274e-005
838.75 2.30284e-005
840.45 1.83079e-005
840.455 1.83079e-005
840.7 3.95274e-005
840.705 3.95274e-005
840.75 2.30284e-005
840.755 2.30284e-005
842.45 1.83079e-005
842.7 3.95274e-005
842.75 2.30284e-005
844.45 1.83079e-005
844.7 3.95274e-005
844.75 2.30284e-005
845.455 1.83079e-005
845.705 3.95274e-005
845.755 2.30284e-005
846.45 1.83079e-005
846.7 3.95274e-005
846.75 2.30284e-005
848.45 1.83079e-005
848.7 3.95274e-005
848.75 2.30284e-005
850.45 1.83079e-005
850.455 1.83079e-005
850.7 3.95274e-005
850.705 3.95274e-005
850.75 2.30284e-005
850.755 2.30284e-005
852.45 1.83079e-005
852.7 3.95274e-005
852.75 2.30284e-005
854.45 1.83079e-005
854.7 3.95274e-005
854.75 2.30284e-005
855.455 1.83079e-005
855.755 2.30284e-005
856.45 1.83079e-005
856.7 3.95274e-005
856.75 2.30284e-005
858.45 1.83079e-005
858.7 3.95274e-005
858.75 2.30284e-005
860.45 1.83079e-005
860.455 1.83079e-005
860.7 3.95274e-005
860.705 3.95274e-005
860.75 2.30284e-005
860.755 2.30284e-005
862.45 1.83079e-005
862.7 3.95274e-005
862.75 2.30284e-005
864.45 1.83079e-005
864.7 3.95274e-005
864.75 2.30284e-005
865.455 1.83079e-005
865.705 3.95274e-005
865.755 2.30284e-005
866.45 1.83079e-005
866.7 3.95274e-005
866.75 2.30284e-005
868.45 1.83079e-005
868.7 3.95274e-005
868.75 2.30284e-005
870.45 1.83079e-005
870.455 1.83079e-005
870.7 3.95274e-005
870.705 3.95274e-005
870.75 2.30284e-005
870.755 2.30284e-005
872.45 1.83079e-005
872.7 3.95274e-005
872.75 2.30284e-005
874.45 1.83079e-005
874.7 3.95274e-005
874.75 2.30284e-005
875.455 1.83079e-005
875.705 3.95274e-005
875.755 2.30284e-005
876.45 1.83079e-005
876.7 3.95274e-005
876.75 2.30284e-005
878.45 1.83079e-005
878.7 3.95274e-005
878.75 2.30284e-005
880.45 1.83079e-005
880.455 1.83079e-005
880.7 3.95274e-005
880.705 3.95274e-005
880.75 2.30284e-005
880.755 2.30284e-005
882.45 1.83079e-005
882.7 3.95274e-005
882.75 2.30284e-005
884.45 1.83079e-005
884.7 3.95274e-005
884.75 2.30284e-005
885.455 1.83079e-005
885.705 3.95274e-005
885.755 2.30284e-005
886.45 1.83079e-005
886.7 3.95274e-005
886.75 2.30284e-005
888.45 1.83079e-005
888.7 3.95274e-005
888.75 2.30284e-005
890.45 1.83079e-005
890.455 1.83079e-005
890.7 3.95274e-005
890.705 3.95274e-005
890.75 2.30284e-005
890.755 2.30284e-005
892.45 1.83079e-005
892.7 3.95274e-005
892.75 2.30284e-005
894.45 1.83079e-005
894.7 3.95274e-005
894.75 2.30284e-005
895.455 1.83079e-005
895.705 3.95274e-005
895.755 2.30284e-005
896.45 1.83079e-005
896.7 3.95274e-005
896.75 2.30284e-005
898.45 1.83079e-005
898.7 3.95274e-005
898.75 2.30284e-005
900.45 1.83079e-005
900.455 1.83079e-005
900.7 3.95274e-005
900.705 3.95274e-005
900.75 2.30284e-005
900.755 2.30284e-005
902.45 1.83079e-005
902.7 3.95274e-005
902.75 2.30284e-005
904.45 1.83079e-005
904.7 3.95274e-005
904.75 2.30284e-005
905.455 1.83079e-005
905.705 3.95274e-005
905.755 2.30284e-005
906.45 1.83079e-005
906.7 3.95274e-005
906.75 2.30284e-005
908.45 1.83079e-005
908.7 3.95274e-005
908.75 2.30284e-005
910.45 1.83079e-005
910.455 1.83079e-005
910.7 3.95274e-005
910.705 3.95274e-005
910.75 2.30284e-005
910.755 2.30284e-005
912.45 1.83079e-005
912.7 3.95274e-005
912.75 2.30284e-005
914.45 1.83079e-005
914.7 3.95274e-005
914.75 2.30284e-005
915.455 1.83079e-005
915.705 3.95274e-005
915.755 2.30284e-005
916.45 1.83079e-005
916.7 3.95274e-005
916.75 2.30284e-005
918.45 1.83079e-005
918.7 3.95274e-005
918.75 2.30284e-005
920.45 1.83079e-005
920.455 1.83079e-005
920.7 3.95274e-005
920.705 3.95274e-005
920.75 2.30284e-005
920.755 2.30284e-005
922.45 1.83079e-005
922.7 3.95274e-005
922.75 2.30284e-005
924.45 1.83079e-005
924.7 3.95274e-005
924.75 2.30284e-005
925.455 1.83079e-005
925.705 3.95274e-005
925.755 2.30284e-005
926.45 1.83079e-005
926.7 3.95274e-005
926.75 2.30284e-005
928.45 1.83079e-005
928.7 3.95274e-005
928.75 2.30284e-005
930.45 1.83079e-005
930.455 1.83079e-005
930.705 3.95274e-005
930.75 2.30284e-005
930.755 2.30284e-005
932.45 1.83079e-005
932.7 3.95274e-005
932.75 2.30284e-005
934.45 1.83079e-005
934.7 3.95274e-005
934.75 2.30284e-005
935.455 1.83079e-005
935.705 3.95274e-005
935.755 2.30284e-005
936.45 1.83079e-005
936.7 3.95274e-005
936.75 2.30284e-005
938.45 1.83079e-005
938.7 3.95274e-005
938.75 2.30284e-005
940.45 1.83079e-005
940.455 1.83079e-005
940.7 3.95274e-005
940.705 3.95274e-005
940.75 2.30284e-005
940.755 2.30284e-005
942.45 1.83079e-005
942.7 3.95274e-005
942.75 2.30284e-005
944.45 1.83079e-005
944.7 3.95274e-005
944.75 2.30284e-005
945.455 1.83079e-005
945.705 3.95274e-005
945.755 2.30284e-005
946.45 1.83079e-005
946.7 3.95274e-005
946.75 2.30284e-005
948.45 1.83079e-005
948.7 3.95274e-005
948.75 2.30284e-005
950.45 1.83079e-005
950.455 1.83079e-005
950.7 3.95274e-005
950.705 3.95274e-005
950.75 2.30284e-005
950.755 2.30284e-005
952.45 1.83079e-005
952.7 3.95274e-005
952.75 2.30284e-005
954.45 1.83079e-005
954.7 3.95274e-005
954.75 2.30284e-005
955.455 1.83079e-005
955.705 3.95274e-005
955.755 2.30284e-005
956.45 1.83079e-005
956.7 3.95274e-005
956.75 2.30284e-005
958.45 1.83079e-005
958.7 3.95274e-005
958.75 2.30284e-005
960.45 1.83079e-005
960.455 1.83079e-005
960.7 3.95274e-005
960.705 3.95274e-005
960.75 2.30284e-005
960.755 2.30284e-005
962.45 1.83079e-005
962.7 3.95274e-005
962.75 2.30284e-005
964.45 1.83079e-005
964.7 3.95274e-005
964.75 2.30284e-005
965.455 1.83079e-005
965.705 3.95274e-005
965.755 2.30284e-005
966.45 1.83079e-005
966.7 3.95274e-005
966.75 2.30284e-005
968.45 1.83079e-005
968.7 3.95274e-005
968.75 2.30284e-005
970.45 1.83079e-005
970.455 1.83079e-005
970.7 3.95274e-005
970.705 3.95274e-005
970.75 2.30284e-005
970.755 2.30284e-005
972.45 1.83079e-005
972.7 3.95274e-005
972.75 2.30284e-005
974.45 1.83079e-005
974.7 3.95274e-005
974.75 2.30284e-005
975.455 1.83079e-005
975.705 3.95274e-005
975.755 2.30284e-005
976.45 1.83079e-005
976.7 3.95274e-005
976.75 2.30284e-005
978.45 1.83079e-005
978.7 3.95274e-005
978.75 2.30284e-005
980.45 1.83079e-005
980.455 1.83079e-005
980.7 3.95274e-005
980.705 3.95274e-005
980.75 2.30284e-005
980.755 2.30284e-005
982.45 1.83079e-005
982.7 3.95274e-005
982.75 2.30284e-005
984.45 1.83079e-005
984.7 3.95274e-005
984.75 2.30284e-005
985.455 1.83079e-005
985.705 3.95274e-005
985.755 2.30284e-005
986.45 1.83079e-005
986.7 3.95274e-005
986.75 2.30284e-005
988.45 1.83079e-005
988.7 3.95274e-005
988.75 2.30284e-005
990.45 1.83079e-005
990.455 1.83079e-005
990.7 3.95274e-005
990.705 3.95274e-005
990.75 2.30284e-005
990.755 2.30284e-005
992.45 1.83079e-005
992.7 3.95274e-005
992.75 2.30284e-005
994.45 1.83079e-005
994.7 3.95274e-005
994.75 2.30284e-005
995.455 1.83079e-005
995.705 3.95274e-005
995.755 2.30284e-005
996.45 1.83079e-005
996.7 3.95274e-005
996.75 2.30284e-005
998.45 1.83079e-005
998.7 3.95274e-005
998.75 2.30284e-005
1000.45 1.83079e-005
1000.46 1.83079e-005
1000.7 3.95274e-005
1000.71 3.95274e-005
1000.75 2.30284e-005
1000.76 2.30284e-005
1002.45 1.83079e-005
1002.7 3.95274e-005
1002.75 2.30284e-005
1004.45 1.83079e-005
1004.7 3.95274e-005
1004.75 2.30284e-005
1005.46 1.83079e-005
1005.71 3.95274e-005
1005.76 2.30284e-005
1006.45 1.83079e-005
1006.7 3.95274e-005
1006.75 2.30284e-005
1008.45 1.83079e-005
1008.7 3.95274e-005
1008.75 2.30284e-005
1010.45 1.83079e-005
1010.46 1.83079e-005
1010.7 3.95274e-005
1010.71 3.95274e-005
1010.75 2.30284e-005
1010.76 2.30284e-005
1012.45 1.83079e-005
1012.7 3.95274e-005
1012.75 2.30284e-005
1014.45 1.83079e-005
1014.7 3.95274e-005
1014.75 2.30284e-005
1015.46 1.83079e-005
1015.71 3.95274e-005
1015.76 2.30284e-005
1016.45 1.83079e-005
1016.7 3.95274e-005
1016.75 2.30284e-005
1018.45 1.83079e-005
1018.7 3.95274e-005
1018.75 2.30284e-005
1020.45 1.83079e-005
1020.46 1.83079e-005
1020.7 3.95274e-005
1020.71 3.95274e-005
1020.75 2.30284e-005
1020.76 2.30284e-005
1022.45 1.83079e-005
1022.7 3.95274e-005
1022.75 2.30284e-005
1024.45 1.83079e-005
1024.7 3.95274e-005
1024.75 2.30284e-005
1025.46 1.83079e-005
1025.71 3.95274e-005
1025.76 2.30284e-005
1026.45 1.83079e-005
1026.7 3.95274e-005
1026.75 2.30284e-005
1028.45 1.83079e-005
1028.7 3.95274e-005
1028.75 2.30284e-005
1030.45 1.83079e-005
1030.46 1.83079e-005
1030.7 3.95274e-005
1030.71 3.95274e-005
1030.75 2.30284e-005
1030.76 2.30284e-005
1032.45 1.83079e-005
1032.7 3.95274e-005
1032.75 2.30284e-005
1034.45 1.83079e-005
1034.75 2.30284e-005
1035.46 1.83079e-005
1035.71 3.95274e-005
1035.76 2.30284e-005
1036.45 1.83079e-005
1036.7 3.95274e-005
1036.75 2.30284e-005
1038.45 1.83079e-005
1038.7 3.95274e-005
1038.75 2.30284e-005
1040.45 1.83079e-005
1040.46 1.83079e-005
1040.7 3.95274e-005
1040.71 3.95274e-005
1040.75 2.30284e-005
1040.76 2.30284e-005
1042.45 1.83079e-005
1042.7 3.95274e-005
1042.75 2.30284e-005
1044.45 1.83079e-005
1044.7 3.95274e-005
1044.75 2.30284e-005
1045.46 1.83079e-005
1045.71 3.95274e-005
1045.76 2.30284e-005
1046.45 1.83079e-005
1046.7 3.95274e-005
1046.75 2.30284e-005
1048.45 1.83079e-005
1048.7 3.95274e-005
1048.75 2.30284e-005
1050.45 1.83079e-005
1050.46 1.83079e-005
1050.7 3.95274e-005
1050.71 3.95274e-005
1050.75 2.30284e-005
1050.76 2.30284e-005
1052.45 1.83079e-005
1052.7 3.95274e-005
1052.75 2.30284e-005
1054.45 1.83079e-005
1054.7 3.95274e-005
1054.75 2.30284e-005
1055.46 1.83079e-005
1055.71 3.95274e-005
1055.76 2.30284e-005
1056.45 1.83079e-005
1056.7 3.95274e-005
1056.75 2.30284e-005
1058.45 1.83079e-005
1058.7 3.95274e-005
1058.75 2.30284e-005
1060.45 1.83079e-005
1060.46 1.83079e-005
1060.7 3.95274e-005
1060.71 3.95274e-005
1060.75 2.30284e-005
1060.76 2.30284e-005
1062.45 1.83079e-005
1062.7 3.95274e-005
1062.75 2.30284e-005
1064.45 1.83079e-005
1064.75 2.30284e-005
1065.46 1.83079e-005
1065.71 3.95274e-005
1065.76 2.30284e-005
1066.45 1.83079e-005
1066.7 3.95274e-005
1066.75 2.30284e-005
1068.45 1.83079e-005
1068.7 3.95274e-005
1068.75 2.30284e-005
1070.45 1.83079e-005
1070.46 1.83079e-005
1070.7 3.95274e-005
1070.71 3.95274e-005
1070.75 2.30284e-005
1070.76 2.30284e-005
1072.45 1.83079e-005
1072.75 2.30284e-005
1074.45 1.83079e-005
1074.7 3.95274e-005
1074.75 2.30284e-005
1075.46 1.83079e-005
1075.71 3.95274e-005
1075.76 2.30284e-005
1076.45 1.83079e-005
1076.7 3.95274e-005
1076.75 2.30284e-005
1078.45 1.83079e-005
1078.7 3.95274e-005
1078.75 2.30284e-005
1080.45 1.83079e-005
1080.46 1.83079e-005
1080.7 3.95274e-005
1080.71 3.95274e-005
1080.75 2.30284e-005
1080.76 2.30284e-005
1082.45 1.83079e-005
1082.7 3.95274e-005
1082.75 2.30284e-005
1084.45 1.83079e-005
1084.7 3.95274e-005
1084.75 2.30284e-005
1085.46 1.83079e-005
1085.71 3.95274e-005
1085.76 2.30284e-005
1086.45 1.83079e-005
1086.7 3.95274e-005
1086.75 2.30284e-005
1088.45 1.83079e-005
1088.7 3.95274e-005
1088.75 2.30284e-005
1090.45 1.83079e-005
1090.46 1.83079e-005
1090.7 3.95274e-005
1090.71 3.95274e-005
1090.75 2.30284e-005
1090.76 2.30284e-005
1092.45 1.83079e-005
1092.7 3.95274e-005
1092.75 2.30284e-005
1094.45 1.83079e-005
1094.7 3.95274e-005
1094.75 2.30284e-005
1095.46 1.83079e-005
1095.71 3.95274e-005
1095.76 2.30284e-005
1096.45 1.83079e-005
1096.7 3.95274e-005
1096.75 2.30284e-005
1098.45 1.83079e-005
1098.7 3.95274e-005
1098.75 2.30284e-005
1100.45 1.83079e-005
1100.46 1.83079e-005
1100.7 3.95274e-005
1100.71 3.95274e-005
1100.75 2.30284e-005
1100.76 2.30284e-005
1102.45 1.83079e-005
1102.7 3.95274e-005
1102.75 2.30284e-005
1104.45 1.83079e-005
1104.7 3.95274e-005
1104.75 2.30284e-005
1105.46 1.83079e-005
1105.71 3.95274e-005
1105.76 2.30284e-005
1106.45 1.83079e-005
1106.7 3.95274e-005
1106.75 2.30284e-005
1108.45 1.83079e-005
1108.7 3.95274e-005
1108.75 2.30284e-005
1110.45 1.83079e-005
1110.46 1.83079e-005
1110.7 3.95274e-005
1110.71 3.95274e-005
1110.75 2.30284e-005
1110.76 2.30284e-005
1112.45 1.83079e-005
1112.7 3.95274e-005
1112.75 2.30284e-005
1114.45 1.83079e-005
1114.7 3.95274e-005
1114.75 2.30284e-005
1115.46 1.83079e-005
1115.71 3.95274e-005
1115.76 2.30284e-005
1116.45 1.83079e-005
1116.7 3.95274e-005
1116.75 2.30284e-005
1118.45 1.83079e-005
1118.7 3.95274e-005
1118.75 2.30284e-005
1120.45 1.83079e-005
1120.46 1.83079e-005
1120.7 3.95274e-005
1120.71 3.95274e-005
1120.75 2.30284e-005
1120.76 2.30284e-005
1122.45 1.83079e-005
1122.7 3.95274e-005
1122.75 2.30284e-005
1124.45 1.83079e-005
1124.7 3.95274e-005
1124.75 2.30284e-005
1125.46 1.83079e-005
1125.71 3.95274e-005
1125.76 2.30284e-005
1126.45 1.83079e-005
1126.7 3.95274e-005
1126.75 2.30284e-005
1128.45 1.83079e-005
1128.7 3.95274e-005
1128.75 2.30284e-005
1130.45 1.83079e-005
1130.46 1.83079e-005
1130.7 3.95274e-005
1130.71 3.95274e-005
1130.75 2.30284e-005
1130.76 2.30284e-005
1132.45 1.83079e-005
1132.7 3.95274e-005
1132.75 2.30284e-005
1134.45 1.83079e-005
1134.7 3.95274e-005
1134.75 2.30284e-005
1135.46 1.83079e-005
1135.71 3.95274e-005
1135.76 2.30284e-005
1136.45 1.83079e-005
1136.7 3.95274e-005
1136.75 2.30284e-005
1138.45 1.83079e-005
1138.7 3.95274e-005
1138.75 2.30284e-005
1140.45 1.83079e-005
1140.46 1.83079e-005
1140.7 3.95274e-005
1140.71 3.95274e-005
1140.75 2.30284e-005
1140.76 2.30284e-005
1142.45 1.83079e-005
1142.7 3.95274e-005
1142.75 2.30284e-005
1144.45 1.83079e-005
1144.7 3.95274e-005
1144.75 2.30284e-005
1145.46 1.83079e-005
1145.71 3.95274e-005
1145.76 2.30284e-005
1146.45 1.83079e-005
1146.7 3.95274e-005
1146.75 2.30284e-005
1148.45 1.83079e-005
1148.7 3.95274e-005
1148.75 2.30284e-005
1150.45 1.83079e-005
1150.46 1.83079e-005
1150.7 3.95274e-005
1150.71 3.95274e-005
1150.75 2.30284e-005
1150.76 2.30284e-005
1152.45 1.83079e-005
1152.7 3.95274e-005
1152.75 2.30284e-005
1154.45 1.83079e-005
1154.7 3.95274e-005
1154.75 2.30284e-005
1155.46 1.83079e-005
1155.71 3.95274e-005
1155.76 2.30284e-005
1156.45 1.83079e-005
1156.7 3.95274e-005
1156.75 2.30284e-005
1158.45 1.83079e-005
1158.7 3.95274e-005
1158.75 2.30284e-005
1160.45 1.83079e-005
1160.46 1.83079e-005
1160.7 3.95274e-005
1160.71 3.95274e-005
1160.75 2.30284e-005
1160.76 2.30284e-005
1162.45 1.83079e-005
1162.7 3.95274e-005
1162.75 2.30284e-005
1164.45 1.83079e-005
1164.7 3.95274e-005
1164.75 2.30284e-005
1165.46 1.83079e-005
1165.71 3.95274e-005
1165.76 2.30284e-005
1166.45 1.83079e-005
1166.7 3.95274e-005
1166.75 2.30284e-005
1168.45 1.83079e-005
1168.7 3.95274e-005
1168.75 2.30284e-005
1170.45 1.83079e-005
1170.46 1.83079e-005
1170.7 3.95274e-005
1170.71 3.95274e-005
1170.75 2.30284e-005
1170.76 2.30284e-005
1172.45 1.83079e-005
1172.7 3.95274e-005
1172.75 2.30284e-005
1174.45 1.83079e-005
1174.7 3.95274e-005
1174.75 2.30284e-005
1175.46 1.83079e-005
1175.71 3.95274e-005
1175.76 2.30284e-005
1176.45 1.83079e-005
1176.7 3.95274e-005
1176.75 2.30284e-005
1178.45 1.83079e-005
1178.7 3.95274e-005
1178.75 2.30284e-005
1180.45 1.83079e-005
1180.46 1.83079e-005
1180.7 3.95274e-005
1180.71 3.95274e-005
1180.75 2.30284e-005
1180.76 2.30284e-005
1182.45 1.83079e-005
1182.7 3.95274e-005
1182.75 2.30284e-005
1184.45 1.83079e-005
1184.7 3.95274e-005
1184.75 2.30284e-005
1185.46 1.83079e-005
1185.71 3.95274e-005
1185.76 2.30284e-005
1186.45 1.83079e-005
1186.7 3.95274e-005
1186.75 2.30284e-005
1188.45 1.83079e-005
1188.7 3.95274e-005
1188.75 2.30284e-005
1190.45 1.83079e-005
1190.46 1.83079e-005
1190.7 3.95274e-005
1190.71 3.95274e-005
1190.75 2.30284e-005
1190.76 2.30284e-005
1192.45 1.83079e-005
1192.7 3.95274e-005
1192.75 2.30284e-005
1194.45 1.83079e-005
1194.7 3.95274e-005
1194.75 2.30284e-005
1195.46 1.83079e-005
1195.71 3.95274e-005
1195.76 2.30284e-005
1196.45 1.83079e-005
1196.7 3.95274e-005
1196.75 2.30284e-005
1198.45 1.83079e-005
1198.75 2.30284e-005
