3.22385e-005 2.77585e-005
0.00502907 2.7786e-005
0.300054 4.59241e-005
0.305047 4.59099e-005
0.60005 4.03647e-005
0.605042 4.036e-005
0.800057 4.61037e-005
0.805047 4.61167e-005
2.00005 3.90133e-005
2.30005 4.02342e-005
2.60005 3.87188e-005
4.30005 3.46337e-005
4.60005 3.7559e-005
5.30504 3.18683e-005
5.60506 3.71748e-005
6.30006 2.91745e-005
6.60008 3.69312e-005
8.30005 2.39533e-005
8.60006 3.68626e-005
10.0551 5.07752e-005
10.3 2.03158e-005
10.305 2.03244e-005
10.6001 3.80209e-005
10.605 3.80283e-005
12.0501 4.84972e-005
12.3 2.51946e-005
12.6001 4.1194e-005
14.0501 4.65168e-005
14.3001 3.19844e-005
14.6001 4.47127e-005
15.0051 4.90745e-005
15.055 4.56489e-005
15.3051 3.57887e-005
15.6051 4.6587e-005
16.0001 4.47816e-005
16.0501 4.48802e-005
16.3001 3.97169e-005
16.6001 4.85019e-005
18.0001 4.20552e-005
18.0501 4.3626e-005
18.3001 4.79383e-005
20.0001 4.79299e-005
20.0051 4.78998e-005
20.0501 4.30502e-005
20.055 4.30748e-005
20.6051 5.27882e-005
22.0001 3.60287e-005
22.6001 4.44095e-005
24.0001 2.47626e-005
24.3501 5.12219e-005
24.6001 3.66016e-005
24.8001 4.34016e-005
25.005 1.96895e-005
25.6051 3.30352e-005
25.805 3.73195e-005
26 1.55751e-005
26.6001 2.98537e-005
26.8 3.17532e-005
28.0001 1.36481e-005
28.3501 4.90851e-005
28.6 2.50384e-005
28.8 2.32649e-005
30 2.10769e-005
30.005 2.10738e-005
30.3501 5.08386e-005
30.3551 5.08577e-005
30.6001 2.56406e-005
30.605 2.56597e-005
30.6551 5.11277e-005
30.8 1.76506e-005
30.805 1.76293e-005
32 1.99389e-005
32.6001 3.44306e-005
32.8 1.28706e-005
34 1.90508e-005
34.6001 4.45225e-005
34.8 1.81978e-005
35.005 1.87104e-005
35.6051 4.98407e-005
35.805 2.30625e-005
36 1.84485e-005
36.8 2.84265e-005
38.0001 1.81606e-005
38.8001 3.99547e-005
40 1.82021e-005
40.005 1.82091e-005
40.8001 4.30681e-005
40.805 4.30432e-005
42 2.1548e-005
42.8001 3.33379e-005
44 2.56807e-005
44.8 2.4612e-005
45.005 2.79472e-005
45.8051 2.10098e-005
46 3.02797e-005
46.8 1.83811e-005
48 3.51626e-005
48.6001 4.44726e-005
48.8 1.75429e-005
50 4.0226e-005
50.005 4.02358e-005
50.6001 3.88107e-005
50.605 3.88026e-005
50.8001 2.12232e-005
50.805 2.12309e-005
52.0001 4.42094e-005
52.6001 3.60017e-005
52.8001 2.49266e-005
54.0001 4.82941e-005
54.6001 3.42455e-005
54.8 2.94954e-005
55.0051 5.03772e-005
55.3551 4.84536e-005
55.805 3.20042e-005
56.6001 3.37071e-005
56.8 3.45884e-005
58.3501 3.2548e-005
58.4001 4.82167e-005
58.6001 3.44437e-005
58.8001 4.00059e-005
60.3501 2.74272e-005
60.355 2.74389e-005
60.4001 4.73041e-005
60.405 4.7289e-005
60.6001 3.46332e-005
60.605 3.4626e-005
60.8001 3.91958e-005
60.805 3.91705e-005
62.3501 3.26834e-005
62.4001 4.30403e-005
62.6001 3.3721e-005
62.8 3.00994e-005
64.4001 4.30108e-005
64.6001 3.68324e-005
64.8 2.45657e-005
65.3551 4.19783e-005
65.405 4.46444e-005
65.6051 3.96653e-005
65.805 2.39839e-005
66.6001 4.31047e-005
66.8 2.50762e-005
68.8001 3.13369e-005
70.8001 3.64002e-005
70.805 3.64011e-005
72.3501 4.70027e-005
72.8001 3.97754e-005
74.0001 4.74704e-005
74.3 4.26993e-005
74.3501 4.06921e-005
74.8001 4.79623e-005
75.005 4.36274e-005
75.305 3.49547e-005
75.3551 3.90324e-005
76 3.98468e-005
76.3 2.72871e-005
76.3501 3.85823e-005
78 3.23545e-005
78.3 1.18764e-005
78.3501 4.13219e-005
80 2.51113e-005
80.005 2.51101e-005
80.3 1.64237e-006
80.305 1.66618e-006
80.3501 4.83038e-005
80.3551 4.83282e-005
82 2.47048e-005
82.3 1.38725e-005
84 2.43925e-005
84.3 2.64455e-005
85.005 2.42723e-005
85.305 3.27692e-005
85.805 3.88673e-005
86 2.41779e-005
86.3 3.90314e-005
86.8 3.4775e-005
88 2.40637e-005
88.3001 5.16208e-005
88.8 3.26723e-005
90 2.40514e-005
90.005 2.40783e-005
90.8001 3.64665e-005
90.805 3.6474e-005
92.0001 3.52056e-005
94.0001 4.67281e-005
95.0051 5.2581e-005
104 4.55746e-005
105.005 3.64505e-005
106 2.74321e-005
108 9.52479e-006
110 9.5736e-006
110.005 9.55738e-006
112 6.90377e-006
112.6 4.66523e-005
114 1.28249e-005
114.6 3.46312e-005
114.65 5.19153e-005
115.005 1.68488e-005
115.605 2.96405e-005
115.805 4.99847e-005
116 2.10262e-005
116.35 5.23234e-005
116.6 2.59451e-005
116.8 4.90571e-005
118 2.96738e-005
118.3 4.81094e-005
118.35 3.68644e-005
118.4 4.61128e-005
118.6 2.44525e-005
118.65 3.11024e-005
120 3.84677e-005
120.005 3.84608e-005
120.3 4.20883e-005
120.305 4.20825e-005
120.35 2.62615e-005
120.355 2.62866e-005
120.4 3.41148e-005
120.405 3.41337e-005
120.6 2.49147e-005
120.605 2.48866e-005
120.65 2.39873e-005
120.655 2.39876e-005
120.805 4.78067e-005
122 3.57848e-005
122.3 4.00332e-005
122.35 3.63699e-005
122.4 4.18914e-005
122.6 1.80151e-005
122.65 2.69708e-005
124 3.32718e-005
124.3 3.85986e-005
124.35 4.64987e-005
124.6 2.36951e-005
124.65 3.42382e-005
125.005 3.20858e-005
125.305 3.81353e-005
125.355 5.15925e-005
125.605 2.96945e-005
125.655 3.88113e-005
126 3.09701e-005
126.3 3.78553e-005
126.6 3.64896e-005
128 2.893e-005
128.3 3.78439e-005
128.6 5.13286e-005
130 2.72106e-005
130.005 2.72141e-005
130.05 3.88884e-005
130.055 3.88838e-005
130.3 3.72124e-005
130.305 3.71925e-005
132 2.86266e-005
132.05 3.71254e-005
132.3 2.92762e-005
134 3.00434e-005
134.05 3.55598e-005
134.3 2.15133e-005
135.005 3.07555e-005
135.055 3.48561e-005
135.305 1.77498e-005
136 3.14607e-005
136.05 3.42186e-005
136.3 1.42105e-005
138 3.28786e-005
138.05 3.3129e-005
138.3 8.62855e-006
140 3.42969e-005
140.005 3.42814e-005
140.05 3.23298e-005
140.055 3.23295e-005
140.3 8.07129e-006
140.305 8.06801e-006
140.355 5.22811e-005
142 2.93878e-005
142.05 3.29676e-005
142.3 1.2615e-005
142.35 5.23669e-005
144 2.78765e-005
144.05 3.50415e-005
144.3 2.20021e-005
145.005 2.86175e-005
145.055 3.65556e-005
145.305 2.7103e-005
145.355 5.26728e-005
146 3.02762e-005
146.05 3.83192e-005
146.3 3.22493e-005
148 3.5809e-005
148.05 4.25231e-005
148.3 4.27422e-005
150 4.32897e-005
150.005 4.32718e-005
150.055 4.72854e-005
150.3 5.1354e-005
150.305 5.13476e-005
150.355 5.29183e-005
150.605 4.97623e-005
152 3.65127e-005
152.05 4.83765e-005
152.3 4.89856e-005
152.6 4.93902e-005
154 3.09427e-005
154.3 4.70501e-005
154.35 4.58417e-005
155.005 2.88267e-005
155.055 5.28758e-005
155.305 4.62584e-005
155.355 4.40917e-005
155.605 5.05387e-005
156 2.73283e-005
156.3 4.56024e-005
156.35 4.23739e-005
158 2.64825e-005
158.3 4.469e-005
158.35 3.89739e-005
160 2.86515e-005
160.005 2.86458e-005
160.15 4.70342e-005
160.155 4.70428e-005
160.3 4.48916e-005
160.305 4.49006e-005
160.35 3.59747e-005
160.355 3.59713e-005
162 2.65412e-005
162.3 4.90367e-005
162.35 3.51965e-005
164 2.48531e-005
164.35 3.56501e-005
164.6 4.432e-005
164.8 5.30792e-005
165.005 2.41929e-005
165.355 3.63333e-005
165.605 4.39117e-005
165.655 4.86613e-005
165.805 5.05286e-005
166 2.36776e-005
166.35 3.72903e-005
166.4 4.36453e-005
166.6 4.43486e-005
166.65 4.1215e-005
166.85 4.40919e-005
168 2.30933e-005
168.35 3.99715e-005
168.4 3.59471e-005
168.6 4.76203e-005
168.65 3.17555e-005
168.8 4.29339e-005
168.85 2.43028e-005
170 2.31448e-005
170.005 2.31385e-005
170.35 4.36828e-005
170.355 4.36961e-005
170.4 3.4601e-005
170.405 3.46117e-005
170.605 5.19318e-005
170.65 3.19317e-005
170.655 3.19361e-005
170.8 4.3617e-005
170.805 4.36403e-005
170.85 2.08572e-005
170.855 2.08961e-005
172 2.45801e-005
172.35 5.14144e-005
172.4 4.30457e-005
172.65 4.05404e-005
172.8 5.31562e-005
172.85 3.79676e-005
174 3.23403e-005
175.005 3.75332e-005
176 4.31372e-005
176.05 5.24863e-005
186.8 4.75878e-005
188 4.90743e-005
188.8 3.57079e-005
190 4.48609e-005
190.005 4.48609e-005
190.3 5.11916e-005
190.305 5.11916e-005
190.8 2.87319e-005
190.805 2.87319e-005
192 4.48609e-005
192.3 5.11916e-005
192.8 2.87319e-005
194 4.48609e-005
194.3 5.11916e-005
194.8 2.87319e-005
195.005 4.48609e-005
195.805 2.87319e-005
196 4.48609e-005
196.8 2.87319e-005
198 4.48609e-005
198.8 2.87319e-005
200 4.48609e-005
200.005 4.48609e-005
200.3 5.11916e-005
200.305 5.11916e-005
200.8 2.87319e-005
200.805 2.87319e-005
202 4.48609e-005
202.8 2.87319e-005
204 4.48609e-005
204.3 5.11916e-005
204.8 2.87319e-005
205.005 4.48609e-005
205.805 2.87319e-005
206 4.48609e-005
206.8 2.87319e-005
208 4.48609e-005
208.3 5.11916e-005
208.8 2.87319e-005
210 4.48609e-005
210.005 4.48609e-005
210.305 5.11916e-005
210.8 2.87319e-005
210.805 2.87319e-005
212 4.48609e-005
212.3 5.11916e-005
212.8 2.87319e-005
214 4.48609e-005
214.3 5.11916e-005
214.8 2.87319e-005
215.005 4.48609e-005
215.805 2.87319e-005
216 4.48609e-005
216.8 2.87319e-005
218 4.48609e-005
218.8 2.87319e-005
220 4.48609e-005
220.005 4.48609e-005
220.305 5.11916e-005
220.8 2.87319e-005
220.805 2.87319e-005
222 4.48609e-005
222.8 2.87319e-005
224 4.48609e-005
224.3 5.11916e-005
224.8 2.87319e-005
225.005 4.48609e-005
225.805 2.87319e-005
226 4.48609e-005
226.3 5.11916e-005
226.8 2.87319e-005
228 4.48609e-005
228.8 2.87319e-005
230 4.48609e-005
230.005 4.48609e-005
230.305 5.11916e-005
230.8 2.87319e-005
230.805 2.87319e-005
232 4.48609e-005
232.8 2.87319e-005
234 4.48609e-005
234.8 2.87319e-005
235.005 4.48609e-005
235.805 2.87319e-005
236 4.48609e-005
236.8 2.87319e-005
238 4.48609e-005
238.8 2.87319e-005
240 4.48609e-005
240.005 4.48609e-005
240.3 5.11916e-005
240.305 5.11916e-005
240.8 2.87319e-005
240.805 2.87319e-005
242 4.48609e-005
242.3 5.11916e-005
242.8 2.87319e-005
244 4.48609e-005
244.8 2.87319e-005
245.005 4.48609e-005
245.805 2.87319e-005
246 4.48609e-005
246.3 5.11916e-005
246.8 2.87319e-005
248 4.48609e-005
248.8 2.87319e-005
250 4.48609e-005
250.005 4.48609e-005
250.3 5.11916e-005
250.8 2.87319e-005
250.805 2.87319e-005
252 4.48609e-005
252.8 2.87319e-005
254 4.48609e-005
254.3 5.11916e-005
254.8 2.87319e-005
255.005 4.48609e-005
255.805 2.87319e-005
256 4.48609e-005
256.8 2.87319e-005
258 4.48609e-005
258.3 5.11916e-005
258.8 2.87319e-005
260 4.48609e-005
260.005 4.48609e-005
260.8 2.87319e-005
260.805 2.87319e-005
262 4.48609e-005
262.8 2.87319e-005
264 4.48609e-005
264.8 2.87319e-005
265.005 4.48609e-005
265.305 5.11916e-005
265.805 2.87319e-005
266 4.48609e-005
266.8 2.87319e-005
268 4.48609e-005
268.8 2.87319e-005
270 4.48609e-005
270.005 4.48609e-005
270.3 5.11916e-005
270.8 2.87319e-005
270.805 2.87319e-005
272 4.48609e-005
272.8 2.87319e-005
274 4.48609e-005
274.8 2.87319e-005
275.005 4.48609e-005
275.805 2.87319e-005
276 4.48609e-005
276.8 2.87319e-005
278 4.48609e-005
278.3 5.11916e-005
278.8 2.87319e-005
280.005 4.48609e-005
280.305 5.11916e-005
280.8 2.87319e-005
280.805 2.87319e-005
282 4.48609e-005
282.8 2.87319e-005
284 4.48609e-005
284.8 2.87319e-005
285.005 4.48609e-005
285.805 2.87319e-005
286 4.48609e-005
286.8 2.87319e-005
288 4.48609e-005
288.3 5.11916e-005
288.8 2.87319e-005
290 4.48609e-005
290.005 4.48609e-005
290.3 5.11916e-005
290.305 5.11916e-005
290.8 2.87319e-005
290.805 2.87319e-005
292 4.48609e-005
292.8 2.87319e-005
294 4.48609e-005
294.8 2.87319e-005
295.005 4.48609e-005
295.305 5.11916e-005
295.805 2.87319e-005
296 4.48609e-005
296.8 2.87319e-005
298 4.48609e-005
298.8 2.87319e-005
300 4.48609e-005
300.005 4.48609e-005
300.3 5.11916e-005
300.305 5.11916e-005
300.8 2.87319e-005
300.805 2.87319e-005
302 4.48609e-005
302.3 5.11916e-005
302.8 2.87319e-005
304 4.48609e-005
304.8 2.87319e-005
305.005 4.48609e-005
305.805 2.87319e-005
306.8 2.87319e-005
308 4.48609e-005
308.3 5.11916e-005
308.8 2.87319e-005
310 4.48609e-005
310.005 4.48609e-005
310.305 5.11916e-005
310.8 2.87319e-005
310.805 2.87319e-005
312 4.48609e-005
312.8 2.87319e-005
314.8 2.87319e-005
315.005 4.48609e-005
315.305 5.11916e-005
315.805 2.87319e-005
316 4.48609e-005
316.8 2.87319e-005
318 4.48609e-005
318.3 5.11916e-005
318.8 2.87319e-005
320 4.48609e-005
320.005 4.48609e-005
320.3 5.11916e-005
320.305 5.11916e-005
320.8 2.87319e-005
320.805 2.87319e-005
322 4.48609e-005
322.8 2.87319e-005
324 4.48609e-005
324.8 2.87319e-005
325.005 4.48609e-005
325.305 5.11916e-005
325.805 2.87319e-005
326 4.48609e-005
326.8 2.87319e-005
328 4.48609e-005
328.3 5.11916e-005
328.8 2.87319e-005
330 4.48609e-005
330.005 4.48609e-005
330.3 5.11916e-005
330.305 5.11916e-005
330.8 2.87319e-005
330.805 2.87319e-005
332 4.48609e-005
332.8 2.87319e-005
334 4.48609e-005
334.8 2.87319e-005
335.005 4.48609e-005
335.305 5.11916e-005
335.805 2.87319e-005
336 4.48609e-005
336.8 2.87319e-005
338 4.48609e-005
338.3 5.11916e-005
338.8 2.87319e-005
340 4.48609e-005
340.005 4.48609e-005
340.305 5.11916e-005
340.8 2.87319e-005
340.805 2.87319e-005
342 4.48609e-005
342.8 2.87319e-005
344 4.48609e-005
344.8 2.87319e-005
345.005 4.48609e-005
345.305 5.11916e-005
345.805 2.87319e-005
346 4.48609e-005
346.8 2.87319e-005
348 4.48609e-005
348.8 2.87319e-005
350 4.48609e-005
350.005 4.48609e-005
350.3 5.11916e-005
350.305 5.11916e-005
350.8 2.87319e-005
350.805 2.87319e-005
352 4.48609e-005
352.3 5.11916e-005
352.8 2.87319e-005
354 4.48609e-005
354.8 2.87319e-005
355.005 4.48609e-005
355.805 2.87319e-005
356 4.48609e-005
356.8 2.87319e-005
358 4.48609e-005
358.8 2.87319e-005
360 4.48609e-005
360.005 4.48609e-005
360.8 2.87319e-005
360.805 2.87319e-005
362 4.48609e-005
362.8 2.87319e-005
364 4.48609e-005
364.8 2.87319e-005
365.005 4.48609e-005
365.305 5.11916e-005
365.805 2.87319e-005
366 4.48609e-005
366.8 2.87319e-005
368 4.48609e-005
368.8 2.87319e-005
370 4.48609e-005
370.005 4.48609e-005
370.305 5.11916e-005
370.8 2.87319e-005
370.805 2.87319e-005
372 4.48609e-005
372.8 2.87319e-005
374 4.48609e-005
374.3 5.11916e-005
374.8 2.87319e-005
375.005 4.48609e-005
375.805 2.87319e-005
376 4.48609e-005
376.3 5.11916e-005
376.8 2.87319e-005
378 4.48609e-005
378.8 2.87319e-005
380 4.48609e-005
380.005 4.48609e-005
380.3 5.11916e-005
380.305 5.11916e-005
380.8 2.87319e-005
380.805 2.87319e-005
382 4.48609e-005
382.3 5.11916e-005
382.8 2.87319e-005
384 4.48609e-005
384.8 2.87319e-005
385.005 4.48609e-005
385.305 5.11916e-005
385.805 2.87319e-005
386 4.48609e-005
386.8 2.87319e-005
388 4.48609e-005
388.3 5.11916e-005
388.8 2.87319e-005
390 4.48609e-005
390.005 4.48609e-005
390.8 2.87319e-005
390.805 2.87319e-005
392 4.48609e-005
392.8 2.87319e-005
394 4.48609e-005
394.8 2.87319e-005
395.005 4.48609e-005
395.305 5.11916e-005
395.805 2.87319e-005
396 4.48609e-005
396.8 2.87319e-005
398.3 5.11916e-005
398.8 2.87319e-005
400.005 4.48609e-005
400.3 5.11916e-005
400.305 5.11916e-005
400.8 2.87319e-005
400.805 2.87319e-005
402 4.48609e-005
402.8 2.87319e-005
404 4.48609e-005
404.8 2.87319e-005
405.005 4.48609e-005
405.305 5.11916e-005
405.805 2.87319e-005
406 4.48609e-005
406.8 2.87319e-005
408 4.48609e-005
408.8 2.87319e-005
410 4.48609e-005
410.005 4.48609e-005
410.305 5.11916e-005
410.8 2.87319e-005
410.805 2.87319e-005
412 4.48609e-005
412.8 2.87319e-005
414 4.48609e-005
414.8 2.87319e-005
415.005 4.48609e-005
415.305 5.11916e-005
415.805 2.87319e-005
416 4.48609e-005
416.8 2.87319e-005
418 4.48609e-005
418.8 2.87319e-005
420 4.48609e-005
420.005 4.48609e-005
420.8 2.87319e-005
420.805 2.87319e-005
422 4.48609e-005
422.8 2.87319e-005
424 4.48609e-005
424.8 2.87319e-005
425.005 4.48609e-005
425.305 5.11916e-005
425.805 2.87319e-005
426 4.48609e-005
426.8 2.87319e-005
428 4.48609e-005
428.8 2.87319e-005
430 4.48609e-005
430.005 4.48609e-005
430.305 5.11916e-005
430.8 2.87319e-005
430.805 2.87319e-005
432 4.48609e-005
432.8 2.87319e-005
434 4.48609e-005
434.3 5.11916e-005
434.8 2.87319e-005
435.005 4.48609e-005
435.805 2.87319e-005
436 4.48609e-005
436.8 2.87319e-005
438 4.48609e-005
438.8 2.87319e-005
440 4.48609e-005
440.005 4.48609e-005
440.305 5.11916e-005
440.8 2.87319e-005
440.805 2.87319e-005
442 4.48609e-005
442.3 5.11916e-005
442.8 2.87319e-005
444 4.48609e-005
444.8 2.87319e-005
445.005 4.48609e-005
445.305 5.11916e-005
445.805 2.87319e-005
446 4.48609e-005
446.3 5.11916e-005
446.8 2.87319e-005
448 4.48609e-005
448.3 5.11916e-005
448.8 2.87319e-005
450 4.48609e-005
450.005 4.48609e-005
450.305 5.11916e-005
450.8 2.87319e-005
450.805 2.87319e-005
452 4.48609e-005
452.8 2.87319e-005
454 4.48609e-005
454.3 5.11916e-005
454.8 2.87319e-005
455.005 4.48609e-005
455.305 5.11916e-005
455.805 2.87319e-005
456 4.48609e-005
456.8 2.87319e-005
458 4.48609e-005
458.8 2.87319e-005
460 4.48609e-005
460.005 4.48609e-005
460.3 5.11916e-005
460.8 2.87319e-005
460.805 2.87319e-005
462 4.48609e-005
462.3 5.11916e-005
462.8 2.87319e-005
464 4.48609e-005
464.8 2.87319e-005
465.005 4.48609e-005
465.305 5.11916e-005
465.805 2.87319e-005
466 4.48609e-005
466.8 2.87319e-005
468 4.48609e-005
468.3 5.11916e-005
468.8 2.87319e-005
470 4.48609e-005
470.005 4.48609e-005
470.305 5.11916e-005
470.8 2.87319e-005
470.805 2.87319e-005
472 4.48609e-005
472.8 2.87319e-005
474 4.48609e-005
474.8 2.87319e-005
475.005 4.48609e-005
475.805 2.87319e-005
476 4.48609e-005
476.8 2.87319e-005
478 4.48609e-005
478.3 5.11916e-005
478.8 2.87319e-005
480 4.48609e-005
480.005 4.48609e-005
480.3 5.11916e-005
480.8 2.87319e-005
480.805 2.87319e-005
482 4.48609e-005
482.3 5.11916e-005
482.8 2.87319e-005
484 4.48609e-005
484.8 2.87319e-005
485.005 4.48609e-005
485.805 2.87319e-005
486 4.48609e-005
486.3 5.11916e-005
486.8 2.87319e-005
488 4.48609e-005
488.3 5.11916e-005
488.8 2.87319e-005
490 4.48609e-005
490.005 4.48609e-005
490.3 5.11916e-005
490.305 5.11916e-005
490.8 2.87319e-005
490.805 2.87319e-005
492 4.48609e-005
492.3 5.11916e-005
492.8 2.87319e-005
494 4.48609e-005
494.8 2.87319e-005
495.005 4.48609e-005
495.805 2.87319e-005
496 4.48609e-005
496.3 5.11916e-005
496.8 2.87319e-005
498 4.48609e-005
498.8 2.87319e-005
500 4.48609e-005
500.005 4.48609e-005
500.305 5.11916e-005
500.8 2.87319e-005
500.805 2.87319e-005
502 4.48609e-005
502.8 2.87319e-005
504 4.48609e-005
504.8 2.87319e-005
505.005 4.48609e-005
505.805 2.87319e-005
506 4.48609e-005
506.8 2.87319e-005
508 4.48609e-005
508.8 2.87319e-005
510 4.48609e-005
510.005 4.48609e-005
510.3 5.11916e-005
510.305 5.11916e-005
510.8 2.87319e-005
510.805 2.87319e-005
512 4.48609e-005
512.3 5.11916e-005
512.8 2.87319e-005
514 4.48609e-005
514.3 5.11916e-005
514.8 2.87319e-005
515.005 4.48609e-005
515.805 2.87319e-005
516 4.48609e-005
516.8 2.87319e-005
518 4.48609e-005
518.8 2.87319e-005
520 4.48609e-005
520.3 5.11916e-005
520.305 5.11916e-005
520.8 2.87319e-005
520.805 2.87319e-005
522 4.48609e-005
522.8 2.87319e-005
524 4.48609e-005
524.8 2.87319e-005
525.005 4.48609e-005
525.805 2.87319e-005
526 4.48609e-005
526.3 5.11916e-005
526.8 2.87319e-005
528 4.48609e-005
528.8 2.87319e-005
530 4.48609e-005
530.005 4.48609e-005
530.3 5.11916e-005
530.8 2.87319e-005
530.805 2.87319e-005
532 4.48609e-005
532.8 2.87319e-005
534 4.48609e-005
534.8 2.87319e-005
535.005 4.48609e-005
535.305 5.11916e-005
535.805 2.87319e-005
536 4.48609e-005
536.8 2.87319e-005
538 4.48609e-005
538.8 2.87319e-005
540 4.48609e-005
540.005 4.48609e-005
540.8 2.87319e-005
540.805 2.87319e-005
542 4.48609e-005
542.3 5.11916e-005
542.8 2.87319e-005
544 4.48609e-005
544.3 5.11916e-005
544.8 2.87319e-005
545.005 4.48609e-005
545.805 2.87319e-005
546 4.48609e-005
546.8 2.87319e-005
548 4.48609e-005
548.8 2.87319e-005
550 4.48609e-005
550.005 4.48609e-005
550.3 5.11916e-005
550.8 2.87319e-005
550.805 2.87319e-005
552 4.48609e-005
552.3 5.11916e-005
552.8 2.87319e-005
554 4.48609e-005
554.8 2.87319e-005
555.005 4.48609e-005
555.305 5.11916e-005
555.805 2.87319e-005
556 4.48609e-005
556.3 5.11916e-005
556.8 2.87319e-005
558 4.48609e-005
558.8 2.87319e-005
560 4.48609e-005
560.005 4.48609e-005
560.305 5.11916e-005
560.8 2.87319e-005
560.805 2.87319e-005
562 4.48609e-005
562.3 5.11916e-005
562.8 2.87319e-005
564 4.48609e-005
564.8 2.87319e-005
565.005 4.48609e-005
565.305 5.11916e-005
565.805 2.87319e-005
566 4.48609e-005
566.8 2.87319e-005
568 4.48609e-005
568.8 2.87319e-005
570 4.48609e-005
570.005 4.48609e-005
570.305 5.11916e-005
570.8 2.87319e-005
570.805 2.87319e-005
572 4.48609e-005
572.3 5.11916e-005
572.8 2.87319e-005
574 4.48609e-005
574.3 5.11916e-005
574.8 2.87319e-005
575.005 4.48609e-005
575.305 5.11916e-005
575.805 2.87319e-005
576.3 5.11916e-005
576.8 2.87319e-005
578 4.48609e-005
578.3 5.11916e-005
578.8 2.87319e-005
580 4.48609e-005
580.005 4.48609e-005
580.3 5.11916e-005
580.8 2.87319e-005
580.805 2.87319e-005
582 4.48609e-005
582.8 2.87319e-005
584 4.48609e-005
584.3 5.11916e-005
584.8 2.87319e-005
585.005 4.48609e-005
585.305 5.11916e-005
585.805 2.87319e-005
586 4.48609e-005
586.8 2.87319e-005
588 4.48609e-005
588.8 2.87319e-005
590 4.48609e-005
590.005 4.48609e-005
590.8 2.87319e-005
590.805 2.87319e-005
592 4.48609e-005
592.8 2.87319e-005
594 4.48609e-005
594.8 2.87319e-005
595.005 4.48609e-005
595.805 2.87319e-005
596 4.48609e-005
596.3 5.11916e-005
596.8 2.87319e-005
598 4.48609e-005
598.3 5.11916e-005
598.8 2.87319e-005
600 4.48609e-005
600.005 4.48609e-005
600.8 2.87319e-005
600.805 2.87319e-005
602 4.48609e-005
602.3 5.11916e-005
602.8 2.87319e-005
604 4.48609e-005
604.8 2.87319e-005
605.005 4.48609e-005
605.805 2.87319e-005
606 4.48609e-005
606.8 2.87319e-005
608 4.48609e-005
608.3 5.11916e-005
608.8 2.87319e-005
610 4.48609e-005
610.005 4.48609e-005
610.3 5.11916e-005
610.305 5.11916e-005
610.8 2.87319e-005
610.805 2.87319e-005
612 4.48609e-005
612.8 2.87319e-005
614 4.48609e-005
614.8 2.87319e-005
615.005 4.48609e-005
615.305 5.11916e-005
615.805 2.87319e-005
616 4.48609e-005
616.8 2.87319e-005
618 4.48609e-005
618.8 2.87319e-005
620 4.48609e-005
620.005 4.48609e-005
620.3 5.11916e-005
620.305 5.11916e-005
620.8 2.87319e-005
620.805 2.87319e-005
622 4.48609e-005
622.8 2.87319e-005
624 4.48609e-005
624.3 5.11916e-005
624.8 2.87319e-005
625.005 4.48609e-005
625.805 2.87319e-005
626 4.48609e-005
626.8 2.87319e-005
628 4.48609e-005
628.8 2.87319e-005
630 4.48609e-005
630.005 4.48609e-005
630.3 5.11916e-005
630.305 5.11916e-005
630.8 2.87319e-005
630.805 2.87319e-005
632 4.48609e-005
632.8 2.87319e-005
634 4.48609e-005
634.8 2.87319e-005
635.005 4.48609e-005
635.805 2.87319e-005
636 4.48609e-005
636.8 2.87319e-005
638 4.48609e-005
638.8 2.87319e-005
640 4.48609e-005
640.005 4.48609e-005
640.3 5.11916e-005
640.305 5.11916e-005
640.8 2.87319e-005
640.805 2.87319e-005
642.8 2.87319e-005
644 4.48609e-005
644.3 5.11916e-005
644.8 2.87319e-005
645.005 4.48609e-005
645.305 5.11916e-005
645.805 2.87319e-005
646 4.48609e-005
646.8 2.87319e-005
648 4.48609e-005
648.8 2.87319e-005
650 4.48609e-005
650.005 4.48609e-005
650.305 5.11916e-005
650.8 2.87319e-005
650.805 2.87319e-005
652 4.48609e-005
652.3 5.11916e-005
652.8 2.87319e-005
654 4.48609e-005
654.8 2.87319e-005
655.005 4.48609e-005
655.805 2.87319e-005
656 4.48609e-005
656.8 2.87319e-005
658 4.48609e-005
658.8 2.87319e-005
660.005 4.48609e-005
660.305 5.11916e-005
660.8 2.87319e-005
660.805 2.87319e-005
662.8 2.87319e-005
664 4.48609e-005
664.8 2.87319e-005
665.005 4.48609e-005
665.805 2.87319e-005
666 4.48609e-005
666.8 2.87319e-005
668 4.48609e-005
668.3 5.11916e-005
668.8 2.87319e-005
670 4.48609e-005
670.005 4.48609e-005
670.3 5.11916e-005
670.305 5.11916e-005
670.8 2.87319e-005
670.805 2.87319e-005
672 4.48609e-005
672.8 2.87319e-005
674 4.48609e-005
674.3 5.11916e-005
674.8 2.87319e-005
675.005 4.48609e-005
675.805 2.87319e-005
676 4.48609e-005
676.3 5.11916e-005
676.8 2.87319e-005
678 4.48609e-005
678.8 2.87319e-005
680 4.48609e-005
680.005 4.48609e-005
680.305 5.11916e-005
680.8 2.87319e-005
680.805 2.87319e-005
682 4.48609e-005
682.8 2.87319e-005
684 4.48609e-005
684.8 2.87319e-005
685.005 4.48609e-005
685.305 5.11916e-005
685.805 2.87319e-005
686 4.48609e-005
686.3 5.11916e-005
686.8 2.87319e-005
688 4.48609e-005
688.8 2.87319e-005
690 4.48609e-005
690.005 4.48609e-005
690.3 5.11916e-005
690.305 5.11916e-005
690.8 2.87319e-005
690.805 2.87319e-005
692 4.48609e-005
692.3 5.11916e-005
692.8 2.87319e-005
694.3 5.11916e-005
694.8 2.87319e-005
695.005 4.48609e-005
695.305 5.11916e-005
695.805 2.87319e-005
696 4.48609e-005
696.8 2.87319e-005
698 4.48609e-005
698.8 2.87319e-005
700 4.48609e-005
700.005 4.48609e-005
700.3 5.11916e-005
700.305 5.11916e-005
700.8 2.87319e-005
700.805 2.87319e-005
702 4.48609e-005
702.3 5.11916e-005
702.8 2.87319e-005
704 4.48609e-005
704.3 5.11916e-005
704.8 2.87319e-005
705.005 4.48609e-005
705.305 5.11916e-005
705.805 2.87319e-005
706 4.48609e-005
706.3 5.11916e-005
706.8 2.87319e-005
708 4.48609e-005
708.8 2.87319e-005
710 4.48609e-005
710.005 4.48609e-005
710.305 5.11916e-005
710.8 2.87319e-005
710.805 2.87319e-005
712 4.48609e-005
712.3 5.11916e-005
712.8 2.87319e-005
714 4.48609e-005
714.8 2.87319e-005
715.005 4.48609e-005
715.305 5.11916e-005
715.805 2.87319e-005
716 4.48609e-005
716.3 5.11916e-005
716.8 2.87319e-005
718 4.48609e-005
718.8 2.87319e-005
720 4.48609e-005
720.005 4.48609e-005
720.8 2.87319e-005
720.805 2.87319e-005
722 4.48609e-005
722.8 2.87319e-005
724 4.48609e-005
724.8 2.87319e-005
725.005 4.48609e-005
725.805 2.87319e-005
726 4.48609e-005
726.8 2.87319e-005
728 4.48609e-005
728.8 2.87319e-005
730 4.48609e-005
730.005 4.48609e-005
730.3 5.11916e-005
730.305 5.11916e-005
730.8 2.87319e-005
730.805 2.87319e-005
732 4.48609e-005
732.3 5.11916e-005
732.8 2.87319e-005
734.8 2.87319e-005
735.005 4.48609e-005
735.805 2.87319e-005
736 4.48609e-005
736.8 2.87319e-005
738 4.48609e-005
738.3 5.11916e-005
738.8 2.87319e-005
740 4.48609e-005
740.005 4.48609e-005
740.3 5.11916e-005
740.305 5.11916e-005
740.8 2.87319e-005
740.805 2.87319e-005
742 4.48609e-005
742.8 2.87319e-005
744 4.48609e-005
744.3 5.11916e-005
744.8 2.87319e-005
745.005 4.48609e-005
745.305 5.11916e-005
745.805 2.87319e-005
746 4.48609e-005
746.8 2.87319e-005
748 4.48609e-005
748.3 5.11916e-005
748.8 2.87319e-005
750 4.48609e-005
750.005 4.48609e-005
750.3 5.11916e-005
750.305 5.11916e-005
750.8 2.87319e-005
750.805 2.87319e-005
752 4.48609e-005
752.8 2.87319e-005
754 4.48609e-005
754.8 2.87319e-005
755.005 4.48609e-005
755.805 2.87319e-005
756 4.48609e-005
756.8 2.87319e-005
758 4.48609e-005
758.8 2.87319e-005
760 4.48609e-005
760.005 4.48609e-005
760.8 2.87319e-005
760.805 2.87319e-005
762 4.48609e-005
762.3 5.11916e-005
762.8 2.87319e-005
764 4.48609e-005
764.8 2.87319e-005
765.005 4.48609e-005
765.805 2.87319e-005
766 4.48609e-005
766.8 2.87319e-005
768 4.48609e-005
768.3 5.11916e-005
768.8 2.87319e-005
770 4.48609e-005
770.005 4.48609e-005
770.305 5.11916e-005
770.8 2.87319e-005
770.805 2.87319e-005
772 4.48609e-005
772.8 2.87319e-005
774 4.48609e-005
774.8 2.87319e-005
775.005 4.48609e-005
775.805 2.87319e-005
776 4.48609e-005
776.8 2.87319e-005
778 4.48609e-005
778.3 5.11916e-005
778.8 2.87319e-005
780 4.48609e-005
780.005 4.48609e-005
780.8 2.87319e-005
780.805 2.87319e-005
782 4.48609e-005
782.8 2.87319e-005
784.3 5.11916e-005
784.8 2.87319e-005
785.005 4.48609e-005
785.805 2.87319e-005
786 4.48609e-005
786.8 2.87319e-005
788 4.48609e-005
788.8 2.87319e-005
790 4.48609e-005
790.005 4.48609e-005
790.305 5.11916e-005
790.8 2.87319e-005
790.805 2.87319e-005
792 4.48609e-005
792.8 2.87319e-005
794 4.48609e-005
794.8 2.87319e-005
795.005 4.48609e-005
795.305 5.11916e-005
795.805 2.87319e-005
796 4.48609e-005
796.8 2.87319e-005
798 4.48609e-005
798.8 2.87319e-005
800 4.48609e-005
800.005 4.48609e-005
800.305 5.11916e-005
800.8 2.87319e-005
800.805 2.87319e-005
802.8 2.87319e-005
804 4.48609e-005
804.3 5.11916e-005
804.8 2.87319e-005
805.305 5.11916e-005
805.805 2.87319e-005
806 4.48609e-005
806.8 2.87319e-005
808 4.48609e-005
808.8 2.87319e-005
810 4.48609e-005
810.005 4.48609e-005
810.3 5.11916e-005
810.8 2.87319e-005
810.805 2.87319e-005
812 4.48609e-005
812.8 2.87319e-005
814 4.48609e-005
814.8 2.87319e-005
815.005 4.48609e-005
815.305 5.11916e-005
815.805 2.87319e-005
816 4.48609e-005
816.8 2.87319e-005
818 4.48609e-005
818.3 5.11916e-005
818.8 2.87319e-005
820 4.48609e-005
820.005 4.48609e-005
820.305 5.11916e-005
820.8 2.87319e-005
820.805 2.87319e-005
822 4.48609e-005
822.8 2.87319e-005
824 4.48609e-005
824.8 2.87319e-005
825.005 4.48609e-005
825.305 5.11916e-005
825.805 2.87319e-005
826 4.48609e-005
826.3 5.11916e-005
826.8 2.87319e-005
828 4.48609e-005
828.8 2.87319e-005
830 4.48609e-005
830.005 4.48609e-005
830.3 5.11916e-005
830.305 5.11916e-005
830.8 2.87319e-005
830.805 2.87319e-005
832 4.48609e-005
832.8 2.87319e-005
834 4.48609e-005
834.8 2.87319e-005
835.005 4.48609e-005
835.805 2.87319e-005
836 4.48609e-005
836.8 2.87319e-005
838 4.48609e-005
838.8 2.87319e-005
840 4.48609e-005
840.005 4.48609e-005
840.3 5.11916e-005
840.305 5.11916e-005
840.8 2.87319e-005
840.805 2.87319e-005
842 4.48609e-005
842.8 2.87319e-005
844 4.48609e-005
844.8 2.87319e-005
845.005 4.48609e-005
845.805 2.87319e-005
846 4.48609e-005
846.8 2.87319e-005
848 4.48609e-005
848.3 5.11916e-005
848.8 2.87319e-005
850 4.48609e-005
850.005 4.48609e-005
850.3 5.11916e-005
850.305 5.11916e-005
850.8 2.87319e-005
850.805 2.87319e-005
852 4.48609e-005
852.8 2.87319e-005
854 4.48609e-005
854.3 5.11916e-005
854.8 2.87319e-005
855.005 4.48609e-005
855.805 2.87319e-005
856 4.48609e-005
856.8 2.87319e-005
858 4.48609e-005
858.8 2.87319e-005
860 4.48609e-005
860.005 4.48609e-005
860.8 2.87319e-005
860.805 2.87319e-005
862 4.48609e-005
862.8 2.87319e-005
864 4.48609e-005
864.8 2.87319e-005
865.005 4.48609e-005
865.305 5.11916e-005
865.805 2.87319e-005
866 4.48609e-005
866.8 2.87319e-005
868 4.48609e-005
868.8 2.87319e-005
870.005 4.48609e-005
870.3 5.11916e-005
870.305 5.11916e-005
870.8 2.87319e-005
870.805 2.87319e-005
872 4.48609e-005
872.8 2.87319e-005
874 4.48609e-005
874.3 5.11916e-005
874.8 2.87319e-005
875.005 4.48609e-005
875.305 5.11916e-005
875.805 2.87319e-005
876 4.48609e-005
876.8 2.87319e-005
878 4.48609e-005
878.8 2.87319e-005
880 4.48609e-005
880.005 4.48609e-005
880.8 2.87319e-005
880.805 2.87319e-005
882 4.48609e-005
882.8 2.87319e-005
884 4.48609e-005
884.8 2.87319e-005
885.005 4.48609e-005
885.305 5.11916e-005
885.805 2.87319e-005
886 4.48609e-005
886.8 2.87319e-005
888 4.48609e-005
888.8 2.87319e-005
890 4.48609e-005
890.005 4.48609e-005
890.3 5.11916e-005
890.305 5.11916e-005
890.8 2.87319e-005
890.805 2.87319e-005
892 4.48609e-005
892.8 2.87319e-005
894 4.48609e-005
894.8 2.87319e-005
895.005 4.48609e-005
895.805 2.87319e-005
896 4.48609e-005
896.8 2.87319e-005
898 4.48609e-005
898.3 5.11916e-005
898.8 2.87319e-005
900 4.48609e-005
900.005 4.48609e-005
900.305 5.11916e-005
900.8 2.87319e-005
900.805 2.87319e-005
902 4.48609e-005
902.8 2.87319e-005
904 4.48609e-005
904.8 2.87319e-005
905.005 4.48609e-005
905.305 5.11916e-005
905.805 2.87319e-005
906 4.48609e-005
906.8 2.87319e-005
908 4.48609e-005
908.8 2.87319e-005
910 4.48609e-005
910.005 4.48609e-005
910.8 2.87319e-005
910.805 2.87319e-005
912 4.48609e-005
912.8 2.87319e-005
914 4.48609e-005
914.3 5.11916e-005
914.8 2.87319e-005
915.005 4.48609e-005
915.305 5.11916e-005
915.805 2.87319e-005
916 4.48609e-005
916.8 2.87319e-005
918 4.48609e-005
918.8 2.87319e-005
920 4.48609e-005
920.005 4.48609e-005
920.3 5.11916e-005
920.305 5.11916e-005
920.8 2.87319e-005
920.805 2.87319e-005
922 4.48609e-005
922.8 2.87319e-005
924 4.48609e-005
924.3 5.11916e-005
924.8 2.87319e-005
925.005 4.48609e-005
925.805 2.87319e-005
926 4.48609e-005
926.8 2.87319e-005
928 4.48609e-005
928.8 2.87319e-005
930 4.48609e-005
930.005 4.48609e-005
930.3 5.11916e-005
930.305 5.11916e-005
930.8 2.87319e-005
930.805 2.87319e-005
932 4.48609e-005
932.8 2.87319e-005
934 4.48609e-005
934.8 2.87319e-005
935.005 4.48609e-005
935.305 5.11916e-005
935.805 2.87319e-005
936.8 2.87319e-005
938 4.48609e-005
938.3 5.11916e-005
938.8 2.87319e-005
940 4.48609e-005
940.005 4.48609e-005
940.305 5.11916e-005
940.8 2.87319e-005
940.805 2.87319e-005
942 4.48609e-005
942.8 2.87319e-005
944 4.48609e-005
944.3 5.11916e-005
944.8 2.87319e-005
945.005 4.48609e-005
945.305 5.11916e-005
945.805 2.87319e-005
946 4.48609e-005
946.8 2.87319e-005
948 4.48609e-005
948.8 2.87319e-005
950 4.48609e-005
950.005 4.48609e-005
950.305 5.11916e-005
950.8 2.87319e-005
950.805 2.87319e-005
952 4.48609e-005
952.8 2.87319e-005
954 4.48609e-005
954.3 5.11916e-005
954.8 2.87319e-005
955.005 4.48609e-005
955.305 5.11916e-005
955.805 2.87319e-005
956 4.48609e-005
956.3 5.11916e-005
956.8 2.87319e-005
958 4.48609e-005
958.8 2.87319e-005
960 4.48609e-005
960.005 4.48609e-005
960.305 5.11916e-005
960.8 2.87319e-005
960.805 2.87319e-005
962 4.48609e-005
962.8 2.87319e-005
964 4.48609e-005
964.3 5.11916e-005
964.8 2.87319e-005
965.005 4.48609e-005
965.805 2.87319e-005
966 4.48609e-005
966.3 5.11916e-005
966.8 2.87319e-005
968 4.48609e-005
968.8 2.87319e-005
970 4.48609e-005
970.005 4.48609e-005
970.3 5.11916e-005
970.305 5.11916e-005
970.8 2.87319e-005
970.805 2.87319e-005
972 4.48609e-005
972.8 2.87319e-005
974 4.48609e-005
974.3 5.11916e-005
974.8 2.87319e-005
975.005 4.48609e-005
975.305 5.11916e-005
975.805 2.87319e-005
976.8 2.87319e-005
978 4.48609e-005
978.8 2.87319e-005
980 4.48609e-005
980.005 4.48609e-005
980.3 5.11916e-005
980.305 5.11916e-005
980.8 2.87319e-005
980.805 2.87319e-005
982 4.48609e-005
982.8 2.87319e-005
984 4.48609e-005
984.8 2.87319e-005
985.005 4.48609e-005
985.805 2.87319e-005
986 4.48609e-005
986.8 2.87319e-005
988 4.48609e-005
988.8 2.87319e-005
990 4.48609e-005
990.005 4.48609e-005
990.3 5.11916e-005
990.305 5.11916e-005
990.8 2.87319e-005
990.805 2.87319e-005
992 4.48609e-005
992.3 5.11916e-005
992.8 2.87319e-005
994 4.48609e-005
994.8 2.87319e-005
995.005 4.48609e-005
995.805 2.87319e-005
996 4.48609e-005
996.8 2.87319e-005
998 4.48609e-005
998.8 2.87319e-005
1000 4.48609e-005
1000.01 4.48609e-005
1000.31 5.11916e-005
1000.8 2.87319e-005
1000.81 2.87319e-005
1002 4.48609e-005
1002.8 2.87319e-005
1004 4.48609e-005
1004.8 2.87319e-005
1005.01 4.48609e-005
1005.31 5.11916e-005
1005.81 2.87319e-005
1006 4.48609e-005
1006.8 2.87319e-005
1008.8 2.87319e-005
1010 4.48609e-005
1010.01 4.48609e-005
1010.3 5.11916e-005
1010.31 5.11916e-005
1010.8 2.87319e-005
1010.81 2.87319e-005
1012 4.48609e-005
1012.8 2.87319e-005
1014 4.48609e-005
1014.8 2.87319e-005
1015.01 4.48609e-005
1015.81 2.87319e-005
1016 4.48609e-005
1016.3 5.11916e-005
1016.8 2.87319e-005
1018 4.48609e-005
1018.8 2.87319e-005
1020 4.48609e-005
1020.01 4.48609e-005
1020.3 5.11916e-005
1020.31 5.11916e-005
1020.8 2.87319e-005
1020.81 2.87319e-005
1022 4.48609e-005
1022.3 5.11916e-005
1022.8 2.87319e-005
1024 4.48609e-005
1024.8 2.87319e-005
1025.01 4.48609e-005
1025.31 5.11916e-005
1025.81 2.87319e-005
1026 4.48609e-005
1026.8 2.87319e-005
1028 4.48609e-005
1028.8 2.87319e-005
1030 4.48609e-005
1030.01 4.48609e-005
1030.31 5.11916e-005
1030.8 2.87319e-005
1030.81 2.87319e-005
1032 4.48609e-005
1032.3 5.11916e-005
1032.8 2.87319e-005
1034 4.48609e-005
1034.8 2.87319e-005
1035.01 4.48609e-005
1035.81 2.87319e-005
1036 4.48609e-005
1036.3 5.11916e-005
1036.8 2.87319e-005
1038 4.48609e-005
1038.3 5.11916e-005
1038.8 2.87319e-005
1040 4.48609e-005
1040.01 4.48609e-005
1040.31 5.11916e-005
1040.8 2.87319e-005
1040.81 2.87319e-005
1042 4.48609e-005
1042.3 5.11916e-005
1042.8 2.87319e-005
1044 4.48609e-005
1044.3 5.11916e-005
1044.8 2.87319e-005
1045.01 4.48609e-005
1045.81 2.87319e-005
1046 4.48609e-005
1046.8 2.87319e-005
1048 4.48609e-005
1048.8 2.87319e-005
1050 4.48609e-005
1050.01 4.48609e-005
1050.31 5.11916e-005
1050.8 2.87319e-005
1050.81 2.87319e-005
1052.3 5.11916e-005
1052.8 2.87319e-005
1054 4.48609e-005
1054.8 2.87319e-005
1055.01 4.48609e-005
1055.81 2.87319e-005
1056 4.48609e-005
1056.3 5.11916e-005
1056.8 2.87319e-005
1058.8 2.87319e-005
1060 4.48609e-005
1060.01 4.48609e-005
1060.8 2.87319e-005
1060.81 2.87319e-005
1062 4.48609e-005
1062.8 2.87319e-005
1064.8 2.87319e-005
1065.01 4.48609e-005
1065.31 5.11916e-005
1065.81 2.87319e-005
1066 4.48609e-005
1066.8 2.87319e-005
1068 4.48609e-005
1068.3 5.11916e-005
1068.8 2.87319e-005
1070 4.48609e-005
1070.01 4.48609e-005
1070.31 5.11916e-005
1070.8 2.87319e-005
1070.81 2.87319e-005
1072.8 2.87319e-005
1074 4.48609e-005
1074.3 5.11916e-005
1074.8 2.87319e-005
1075.01 4.48609e-005
1075.81 2.87319e-005
1076 4.48609e-005
1076.8 2.87319e-005
1078 4.48609e-005
1078.8 2.87319e-005
1080 4.48609e-005
1080.01 4.48609e-005
1080.8 2.87319e-005
1080.81 2.87319e-005
1082 4.48609e-005
1082.3 5.11916e-005
1082.8 2.87319e-005
1084 4.48609e-005
1084.8 2.87319e-005
1085.01 4.48609e-005
1085.81 2.87319e-005
1086 4.48609e-005
1086.8 2.87319e-005
1088 4.48609e-005
1088.8 2.87319e-005
1090 4.48609e-005
1090.01 4.48609e-005
1090.8 2.87319e-005
1090.81 2.87319e-005
1092 4.48609e-005
1092.3 5.11916e-005
1092.8 2.87319e-005
1094 4.48609e-005
1094.8 2.87319e-005
1095.01 4.48609e-005
1095.81 2.87319e-005
1096 4.48609e-005
1096.3 5.11916e-005
1096.8 2.87319e-005
1098 4.48609e-005
1098.3 5.11916e-005
1098.8 2.87319e-005
1100 4.48609e-005
1100.01 4.48609e-005
1100.3 5.11916e-005
1100.8 2.87319e-005
1100.81 2.87319e-005
1102 4.48609e-005
1102.8 2.87319e-005
1104 4.48609e-005
1104.8 2.87319e-005
1105.01 4.48609e-005
1105.81 2.87319e-005
1106 4.48609e-005
1106.8 2.87319e-005
1108 4.48609e-005
1108.3 5.11916e-005
1108.8 2.87319e-005
1110 4.48609e-005
1110.01 4.48609e-005
1110.31 5.11916e-005
1110.8 2.87319e-005
1110.81 2.87319e-005
1112 4.48609e-005
1112.3 5.11916e-005
1112.8 2.87319e-005
1114 4.48609e-005
1114.3 5.11916e-005
1114.8 2.87319e-005
1115.01 4.48609e-005
1115.81 2.87319e-005
1116 4.48609e-005
1116.3 5.11916e-005
1116.8 2.87319e-005
1118 4.48609e-005
1118.3 5.11916e-005
1118.8 2.87319e-005
1120 4.48609e-005
1120.01 4.48609e-005
1120.31 5.11916e-005
1120.8 2.87319e-005
1120.81 2.87319e-005
1122 4.48609e-005
1122.8 2.87319e-005
1124 4.48609e-005
1124.8 2.87319e-005
1125.01 4.48609e-005
1125.31 5.11916e-005
1125.81 2.87319e-005
1126 4.48609e-005
1126.3 5.11916e-005
1126.8 2.87319e-005
1128 4.48609e-005
1128.8 2.87319e-005
1130 4.48609e-005
1130.01 4.48609e-005
1130.3 5.11916e-005
1130.8 2.87319e-005
1130.81 2.87319e-005
1132 4.48609e-005
1132.8 2.87319e-005
1134 4.48609e-005
1134.8 2.87319e-005
1135.01 4.48609e-005
1135.31 5.11916e-005
1135.81 2.87319e-005
1136 4.48609e-005
1136.8 2.87319e-005
1138 4.48609e-005
1138.8 2.87319e-005
1140.01 4.48609e-005
1140.3 5.11916e-005
1140.31 5.11916e-005
1140.8 2.87319e-005
1140.81 2.87319e-005
1142 4.48609e-005
1142.3 5.11916e-005
1142.8 2.87319e-005
1144 4.48609e-005
1144.3 5.11916e-005
1144.8 2.87319e-005
1145.01 4.48609e-005
1145.31 5.11916e-005
1145.81 2.87319e-005
1146 4.48609e-005
1146.3 5.11916e-005
1146.8 2.87319e-005
1148 4.48609e-005
1148.8 2.87319e-005
1150 4.48609e-005
1150.01 4.48609e-005
1150.3 5.11916e-005
1150.31 5.11916e-005
1150.8 2.87319e-005
1150.81 2.87319e-005
1152 4.48609e-005
1152.8 2.87319e-005
1154 4.48609e-005
1154.8 2.87319e-005
1155.01 4.48609e-005
1155.31 5.11916e-005
1155.81 2.87319e-005
1156.3 5.11916e-005
1156.8 2.87319e-005
1158.8 2.87319e-005
1160 4.48609e-005
1160.01 4.48609e-005
1160.31 5.11916e-005
1160.8 2.87319e-005
1160.81 2.87319e-005
1162 4.48609e-005
1162.8 2.87319e-005
1164 4.48609e-005
1164.3 5.11916e-005
1164.8 2.87319e-005
1165.01 4.48609e-005
1165.31 5.11916e-005
1165.81 2.87319e-005
1166 4.48609e-005
1166.8 2.87319e-005
1168 4.48609e-005
1168.8 2.87319e-005
1170 4.48609e-005
1170.01 4.48609e-005
1170.31 5.11916e-005
1170.8 2.87319e-005
1170.81 2.87319e-005
1172 4.48609e-005
1172.8 2.87319e-005
1174 4.48609e-005
1174.8 2.87319e-005
1175.01 4.48609e-005
1175.81 2.87319e-005
1176 4.48609e-005
1176.8 2.87319e-005
1178 4.48609e-005
1178.8 2.87319e-005
1180 4.48609e-005
1180.01 4.48609e-005
1180.3 5.11916e-005
1180.31 5.11916e-005
1180.8 2.87319e-005
1180.81 2.87319e-005
1182 4.48609e-005
1182.8 2.87319e-005
1184 4.48609e-005
1184.3 5.11916e-005
1184.8 2.87319e-005
1185.01 4.48609e-005
1185.31 5.11916e-005
1185.81 2.87319e-005
1186 4.48609e-005
1186.8 2.87319e-005
1188 4.48609e-005
1188.8 2.87319e-005
1190.01 4.48609e-005
1190.3 5.11916e-005
1190.31 5.11916e-005
1190.8 2.87319e-005
1190.81 2.87319e-005
1192 4.48609e-005
1192.8 2.87319e-005
1194.8 2.87319e-005
1195.01 4.48609e-005
1195.31 5.11916e-005
1195.81 2.87319e-005
1196 4.48609e-005
1196.3 5.11916e-005
1196.8 2.87319e-005
1198 4.48609e-005
1198.3 5.11916e-005
1198.8 2.87319e-005
