0.405053 5.184e-005
0.450035 2.50072e-005
0.455026 2.50033e-005
0.500058 4.82559e-005
0.650051 3.93387e-005
0.655041 3.93466e-005
0.750037 2.7568e-005
0.755029 2.75819e-005
0.905046 4.49028e-005
0.950041 3.29969e-005
0.955034 3.299e-005
2.45004 2.34695e-005
2.50006 4.68222e-005
2.65006 4.25608e-005
2.75005 3.51679e-005
2.90006 4.3047e-005
2.95004 3.0389e-005
4.45004 2.20043e-005
4.50006 4.55724e-005
4.65007 4.5861e-005
4.90005 4.23435e-005
4.95004 2.82005e-005
5.45503 2.13002e-005
5.50505 4.50186e-005
5.65505 4.75437e-005
5.75505 5.09577e-005
5.90505 4.24492e-005
5.95503 2.72916e-005
6.45005 2.06271e-005
6.50006 4.45218e-005
6.65012 4.92236e-005
6.9001 4.28555e-005
6.95004 2.65353e-005
8.45008 1.93567e-005
8.50007 4.36849e-005
8.90006 4.45411e-005
8.95004 2.54962e-005
10.45 1.82351e-005
10.455 1.82343e-005
10.5001 4.22111e-005
10.505 4.22013e-005
10.905 4.2442e-005
10.95 2.77532e-005
10.955 2.77673e-005
12.4501 2.07053e-005
12.5001 3.85254e-005
12.9001 4.01554e-005
12.95 3.39282e-005
14.4501 2.72348e-005
14.5001 3.54097e-005
14.8501 5.13415e-005
14.9001 4.58186e-005
14.9501 4.08256e-005
15.2051 4.93616e-005
15.455 3.13189e-005
15.505 3.41097e-005
15.6551 4.83602e-005
15.855 4.67175e-005
15.9051 5.09863e-005
15.955 4.44598e-005
16.2001 4.60219e-005
16.4501 3.56594e-005
16.5 3.30258e-005
16.6501 4.71986e-005
16.8501 4.25899e-005
16.9501 4.81358e-005
18.2001 3.9354e-005
18.4501 4.49253e-005
18.5001 3.15399e-005
18.8501 3.62586e-005
20.2001 3.39422e-005
20.205 3.39552e-005
20.4501 4.91726e-005
20.4551 4.91369e-005
20.5 3.00573e-005
20.505 3.00473e-005
20.6501 4.33006e-005
20.6551 4.33022e-005
20.8501 3.50343e-005
20.855 3.50389e-005
22.2001 3.99157e-005
22.4501 3.51825e-005
22.5001 2.6612e-005
22.85 3.6973e-005
24.2001 4.6986e-005
24.4001 3.32996e-005
24.4501 2.26236e-005
24.5 2.46336e-005
24.7501 4.37665e-005
24.8501 3.90595e-005
25.405 2.94976e-005
25.455 1.78464e-005
25.505 2.43165e-005
25.755 3.83515e-005
25.855 4.01566e-005
25.9551 5.3162e-005
26.2501 4.7535e-005
26.4001 2.75612e-005
26.45 1.54933e-005
26.5 2.44799e-005
26.75 3.34618e-005
26.8501 4.12714e-005
26.9501 5.20692e-005
28.2501 3.53389e-005
28.4001 3.02742e-005
28.4501 2.05529e-005
28.5 2.61834e-005
28.7501 2.6117e-005
28.8501 4.35895e-005
28.9501 4.98779e-005
30.2501 2.58287e-005
30.255 2.58454e-005
30.4001 3.74138e-005
30.405 3.74128e-005
30.4501 2.77957e-005
30.455 2.77764e-005
30.5 2.70835e-005
30.505 2.70703e-005
30.75 2.36939e-005
30.755 2.36899e-005
30.8551 5.02893e-005
30.9551 4.9964e-005
32.25 3.34243e-005
32.4001 3.72644e-005
32.4501 2.15685e-005
32.5 2.34376e-005
32.75 2.20974e-005
34.2501 4.2116e-005
34.4001 3.76092e-005
34.45 2.01761e-005
34.5 2.3915e-005
34.75 2.05376e-005
35.2551 4.67082e-005
35.4051 3.79656e-005
35.455 2.17247e-005
35.505 2.57167e-005
35.755 1.97705e-005
36.4001 3.8435e-005
36.4501 2.44584e-005
36.5 2.83077e-005
36.75 1.90238e-005
38.4001 3.97115e-005
38.4501 3.22276e-005
38.5 3.51785e-005
38.75 1.75676e-005
38.9001 4.27265e-005
40.4001 4.03416e-005
40.405 4.03331e-005
40.455 3.8055e-005
40.5001 4.01969e-005
40.505 4.01873e-005
40.75 1.63186e-005
40.755 1.63173e-005
40.9001 4.08083e-005
40.905 4.08317e-005
42.4001 3.69073e-005
42.4501 3.24142e-005
42.5001 3.77218e-005
42.7501 1.71581e-005
42.9001 5.02645e-005
44.4001 3.34849e-005
44.4501 2.72395e-005
44.5001 3.82481e-005
44.75 2.02829e-005
45.2051 4.70446e-005
45.4051 3.17707e-005
45.4551 2.49162e-005
45.505 3.96345e-005
45.6551 4.10481e-005
45.7551 2.24443e-005
46.2001 4.41335e-005
46.4001 3.00783e-005
46.4501 2.28739e-005
46.5001 4.1662e-005
46.6501 3.79496e-005
46.7501 2.48453e-005
48.2001 3.85092e-005
48.2501 4.46281e-005
48.3501 4.5583e-005
48.4001 2.66937e-005
48.45 1.98583e-005
48.5001 4.73431e-005
48.6001 4.97745e-005
48.6501 3.1728e-005
48.75 3.02006e-005
50.2001 3.37042e-005
50.205 3.37021e-005
50.255 4.15489e-005
50.355 4.20284e-005
50.4001 2.45061e-005
50.405 2.45132e-005
50.4501 1.69955e-005
50.455 1.69755e-005
50.5001 5.12625e-005
50.5051 5.125e-005
50.6001 4.6362e-005
50.6051 4.63437e-005
50.6501 2.48893e-005
50.655 2.48692e-005
50.7501 3.56627e-005
50.755 3.56756e-005
52.2001 3.49123e-005
52.2501 5.09653e-005
52.4001 2.88816e-005
52.4501 1.12978e-005
52.5001 4.90517e-005
52.6001 3.98328e-005
52.6501 1.69952e-005
52.7501 4.13363e-005
54.2001 3.97651e-005
54.4001 3.54369e-005
54.45 1.38857e-005
54.5001 5.25451e-005
54.6001 3.56747e-005
54.65 1.01744e-005
54.7501 4.77008e-005
54.8501 4.14501e-005
55.2051 4.32305e-005
55.4051 3.92252e-005
55.455 1.76357e-005
55.6051 3.47685e-005
55.655 8.07818e-006
55.7551 5.10796e-005
55.855 3.60345e-005
55.9551 5.00402e-005
56.4501 2.20083e-005
56.6001 3.47497e-005
56.65 7.97021e-006
56.8501 3.09901e-005
56.9501 4.8934e-005
58.4501 3.1659e-005
58.6001 3.72991e-005
58.65 1.29943e-005
58.85 2.26652e-005
58.9501 4.72507e-005
60.4501 3.90388e-005
60.455 3.90338e-005
60.6001 3.98841e-005
60.605 3.98763e-005
60.65 1.8438e-005
60.655 1.84428e-005
60.8501 1.96858e-005
60.855 1.96844e-005
60.9501 4.68736e-005
60.9551 4.68747e-005
62.4001 5.31733e-005
62.4501 3.71916e-005
62.6001 3.68201e-005
62.65 2.13836e-005
62.85 1.92621e-005
62.9001 5.12427e-005
62.9501 4.73357e-005
64.4001 4.93587e-005
64.4501 3.56244e-005
64.6001 3.3977e-005
64.6501 2.58586e-005
64.85 1.91043e-005
64.9001 4.02253e-005
64.9501 4.78607e-005
65.405 4.77467e-005
65.455 3.49545e-005
65.6051 3.265e-005
65.655 2.84679e-005
65.8051 5.09054e-005
65.8551 1.91279e-005
65.905 3.50573e-005
65.955 4.81476e-005
66.4501 3.43751e-005
66.6001 3.14147e-005
66.6501 3.1212e-005
66.8001 4.73853e-005
66.85 1.92189e-005
66.9 3.03501e-005
66.9501 4.84465e-005
68.4501 3.34796e-005
68.6001 2.92074e-005
68.6501 3.70649e-005
68.8001 4.49176e-005
68.85 1.96012e-005
68.9 2.31294e-005
68.9501 4.90911e-005
70.4001 4.17831e-005
70.405 4.17601e-005
70.4501 3.22244e-005
70.455 3.22154e-005
70.6001 2.80383e-005
70.605 2.80399e-005
70.6501 3.78988e-005
70.655 3.78756e-005
70.8001 4.52848e-005
70.8051 4.52832e-005
70.8501 2.46042e-005
70.855 2.46316e-005
70.9 2.29711e-005
70.905 2.29854e-005
70.9501 4.77247e-005
70.955 4.77172e-005
72.4001 3.31153e-005
72.4501 2.86217e-005
72.6001 2.93286e-005
72.6501 3.19979e-005
72.8001 5.1555e-005
72.8501 3.57129e-005
72.9 3.19075e-005
72.9501 4.615e-005
74.4 2.62873e-005
74.45 2.51378e-005
74.6001 3.18412e-005
74.6501 3.46167e-005
74.8501 4.68974e-005
74.9001 4.42986e-005
74.9501 4.75474e-005
75.405 2.40656e-005
75.455 2.34488e-005
75.5051 4.9144e-005
75.605 3.34839e-005
75.655 3.88269e-005
75.755 4.78862e-005
75.8551 5.2531e-005
75.9051 5.10705e-005
75.9551 4.93131e-005
76.4001 2.29998e-005
76.4501 2.18298e-005
76.6001 3.53163e-005
76.6501 4.42682e-005
76.75 3.6791e-005
78.2001 5.32595e-005
78.2501 4.1162e-005
78.4001 2.47092e-005
78.4501 1.87908e-005
78.5001 2.86667e-005
78.6001 3.95006e-005
78.75 1.75224e-005
80.2001 4.42683e-005
80.205 4.43049e-005
80.2501 2.49799e-005
80.255 2.49974e-005
80.4001 3.07196e-005
80.405 3.07408e-005
80.4501 1.72507e-005
80.455 1.72571e-005
80.5001 2.05843e-005
80.505 2.05954e-005
80.6051 4.51772e-005
80.75 1.01822e-005
80.755 1.01504e-005
82.2501 3.24073e-005
82.4001 4.19778e-005
82.4501 2.04483e-005
82.5 3.04517e-005
82.75 2.74465e-006
82.9501 5.23414e-005
84.2501 4.03189e-005
84.45 2.45642e-005
84.5001 4.55018e-005
84.75 1.54259e-005
84.8501 4.31272e-005
84.9001 4.09373e-005
84.9501 4.62609e-005
85.255 4.43965e-005
85.4551 2.68502e-005
85.755 2.18408e-005
85.855 4.09336e-005
85.905 3.48659e-005
85.955 4.33796e-005
86.2501 4.84785e-005
86.4501 2.9213e-005
86.75 2.81949e-005
86.8501 4.12681e-005
86.9001 3.05327e-005
86.9501 4.06745e-005
88.4501 3.41778e-005
88.7501 4.09697e-005
88.9001 2.96845e-005
88.95 3.58145e-005
90.4501 3.72882e-005
90.455 3.72785e-005
90.7501 4.51667e-005
90.755 4.51436e-005
90.8551 5.23542e-005
90.9001 3.08318e-005
90.905 3.08167e-005
90.95 3.61153e-005
90.955 3.6129e-005
92.4501 3.34168e-005
92.7501 3.87897e-005
92.8501 4.35996e-005
92.9 2.68548e-005
92.9501 4.21252e-005
94.4501 2.95961e-005
94.7501 3.9666e-005
94.8501 3.57702e-005
94.9 2.79493e-005
94.9501 4.89247e-005
95.455 2.7702e-005
95.755 4.28486e-005
95.8551 3.24141e-005
95.9051 3.03407e-005
95.9551 5.25445e-005
96.4501 2.58485e-005
96.6501 4.33242e-005
96.7501 4.7395e-005
96.8501 2.96494e-005
96.9001 3.36236e-005
98.4001 4.2944e-005
98.4501 2.22111e-005
98.6501 3.90181e-005
98.85 2.64515e-005
98.9001 4.20634e-005
100.2 3.95655e-005
100.205 3.95776e-005
100.305 5.01473e-005
100.4 3.86527e-005
100.405 3.86697e-005
100.45 2.15288e-005
100.455 2.15525e-005
100.5 5.22331e-005
100.505 5.22592e-005
100.6 3.93358e-005
100.605 3.93364e-005
100.65 3.67555e-005
100.655 3.67398e-005
100.85 2.91786e-005
100.855 2.9195e-005
100.9 4.7056e-005
100.905 4.70543e-005
102.2 4.51036e-005
102.4 4.55456e-005
102.45 3.25116e-005
102.6 4.0058e-005
102.65 3.24206e-005
102.85 3.5929e-005
104.4 5.25242e-005
104.45 4.49174e-005
104.6 4.16592e-005
104.65 3.2868e-005
104.85 4.28494e-005
104.9 4.58609e-005
105.455 5.13696e-005
105.605 4.27667e-005
105.655 3.49173e-005
105.755 4.7701e-005
105.855 4.63672e-005
105.905 4.56152e-005
106.6 4.40437e-005
106.65 3.7929e-005
106.75 4.62219e-005
106.85 4.98692e-005
106.9 4.53943e-005
108.65 4.61085e-005
108.75 4.57836e-005
108.9 4.50188e-005
110.605 5.2668e-005
110.75 4.55957e-005
110.755 4.55848e-005
110.9 4.51767e-005
110.905 4.51787e-005
110.95 5.11325e-005
110.955 5.11226e-005
112.75 4.12867e-005
112.9 4.61232e-005
114.75 3.71884e-005
114.9 4.7364e-005
114.95 4.44776e-005
115.455 4.73492e-005
115.755 3.52318e-005
115.805 5.23156e-005
115.905 4.80916e-005
115.955 4.32844e-005
116.45 4.15846e-005
116.75 3.33784e-005
116.9 4.88767e-005
116.95 4.23283e-005
118.45 3.10362e-005
118.75 2.9967e-005
118.8 4.42975e-005
118.9 5.06369e-005
118.95 4.11441e-005
120.45 2.35557e-005
120.455 2.35426e-005
120.75 2.90246e-005
120.755 2.90311e-005
120.8 4.45033e-005
120.805 4.4523e-005
120.95 3.33547e-005
120.955 3.33148e-005
122.45 1.85937e-005
122.75 3.20024e-005
122.95 1.73879e-005
124.45 1.46009e-005
124.75 3.55793e-005
124.95 1.46708e-006
125.455 1.32479e-005
125.755 3.75502e-005
125.955 6.62108e-006
126.45 1.25402e-005
126.5 5.05186e-005
126.75 3.95935e-005
126.95 1.45595e-005
128.45 1.33389e-005
128.5 4.08101e-005
128.75 4.39251e-005
128.95 3.05257e-005
130.45 1.69327e-005
130.455 1.69464e-005
130.5 3.61172e-005
130.505 3.61422e-005
130.755 4.63545e-005
130.95 3.45322e-005
130.955 3.45096e-005
132.45 2.25909e-005
132.5 4.6465e-005
132.95 2.58453e-005
134.45 2.84299e-005
134.75 4.48806e-005
134.95 1.87026e-005
135.455 3.14007e-005
135.755 4.46883e-005
135.955 1.63637e-005
136.45 3.4358e-005
136.75 4.45709e-005
136.95 1.54237e-005
138.45 4.03356e-005
138.75 4.45567e-005
138.95 1.82288e-005
140.45 4.34343e-005
140.455 4.34171e-005
140.75 4.44445e-005
140.755 4.44428e-005
140.95 2.09959e-005
140.955 2.0993e-005
142.45 3.663e-005
142.75 4.37819e-005
142.95 1.98986e-005
144.45 3.00932e-005
144.75 4.31404e-005
144.95 1.89107e-005
145.455 2.69711e-005
145.755 4.28262e-005
145.905 4.2353e-005
145.955 1.84612e-005
146.45 2.40431e-005
146.75 4.25208e-005
146.9 3.85951e-005
146.95 1.80503e-005
148.45 1.89517e-005
148.75 4.19242e-005
148.9 3.11344e-005
148.95 1.73362e-005
150.45 1.79194e-005
150.455 1.79385e-005
150.75 4.01125e-005
150.755 4.01036e-005
150.9 2.83736e-005
150.905 2.83826e-005
150.95 1.5308e-005
150.955 1.53064e-005
152.45 2.62394e-005
152.75 3.74291e-005
152.9 3.34242e-005
152.95 2.0442e-005
154.45 3.52567e-005
154.75 3.67405e-005
154.9 4.05652e-005
154.95 3.17629e-005
155.455 3.99039e-005
155.755 3.71951e-005
155.905 4.46393e-005
155.955 3.82058e-005
156.45 4.45502e-005
156.75 3.81549e-005
156.9 4.88891e-005
156.95 4.48036e-005
158.75 4.14576e-005
160.75 4.0178e-005
160.755 4.01508e-005
162.75 2.9477e-005
164.75 1.97756e-005
165.505 3.87382e-005
165.755 1.58739e-005
166.5 3.5562e-005
166.75 1.34474e-005
168.5 3.11201e-005
168.75 1.54323e-005
170.5 2.80731e-005
170.505 2.80536e-005
170.75 1.69013e-005
170.755 1.68803e-005
172.5 2.08332e-005
172.75 1.10551e-005
174.5 1.56643e-005
174.75 1.42403e-005
175.505 1.45951e-005
175.755 1.83136e-005
176.5 1.49042e-005
176.75 2.29645e-005
178.5 1.90873e-005
178.75 3.31054e-005
180.205 5.10026e-005
180.5 2.09188e-005
180.505 2.08875e-005
180.75 3.46356e-005
180.755 3.46024e-005
182.5 8.42937e-006
182.75 2.16781e-005
184.4 4.76018e-005
184.45 3.42663e-005
184.5 5.1283e-006
184.75 1.16515e-005
185.255 5.18694e-005
185.405 4.41425e-005
185.455 2.5463e-005
185.505 1.11931e-005
185.755 1.08228e-005
186.25 4.84197e-005
186.4 4.0777e-005
186.45 1.7407e-005
186.5 1.74164e-005
186.75 1.40383e-005
188.25 4.32866e-005
188.4 3.42618e-005
188.45 1.16764e-005
188.5 3.00357e-005
188.75 2.55713e-005
188.95 5.14185e-005
190.25 4.13275e-005
190.255 4.13275e-005
190.4 2.94116e-005
190.405 2.94116e-005
190.45 2.21749e-005
190.455 2.21749e-005
190.5 3.95274e-005
190.505 3.95274e-005
190.75 3.37674e-005
190.755 3.37674e-005
190.95 4.94252e-005
190.955 4.94252e-005
192.25 4.13275e-005
192.4 2.94116e-005
192.45 2.21749e-005
192.5 3.95274e-005
192.75 3.37674e-005
194.25 4.13275e-005
194.4 2.94116e-005
194.45 2.21749e-005
194.5 3.95274e-005
194.75 3.37674e-005
194.95 4.94252e-005
195.255 4.13275e-005
195.405 2.94116e-005
195.455 2.21749e-005
195.505 3.95274e-005
195.755 3.37674e-005
195.955 4.94252e-005
196.25 4.13275e-005
196.4 2.94116e-005
196.45 2.21749e-005
196.5 3.95274e-005
196.75 3.37674e-005
198.25 4.13275e-005
198.4 2.94116e-005
198.45 2.21749e-005
198.5 3.95274e-005
198.75 3.37674e-005
200.25 4.13275e-005
200.255 4.13275e-005
200.4 2.94116e-005
200.405 2.94116e-005
200.45 2.21749e-005
200.455 2.21749e-005
200.5 3.95274e-005
200.505 3.95274e-005
200.75 3.37674e-005
200.755 3.37674e-005
200.95 4.94252e-005
200.955 4.94252e-005
202.25 4.13275e-005
202.4 2.94116e-005
202.45 2.21749e-005
202.5 3.95274e-005
202.75 3.37674e-005
202.95 4.94252e-005
204.25 4.13275e-005
204.4 2.94116e-005
204.45 2.21749e-005
204.5 3.95274e-005
204.75 3.37674e-005
204.95 4.94252e-005
205.255 4.13275e-005
205.405 2.94116e-005
205.455 2.21749e-005
205.505 3.95274e-005
205.755 3.37674e-005
206.25 4.13275e-005
206.4 2.94116e-005
206.45 2.21749e-005
206.5 3.95274e-005
206.75 3.37674e-005
206.95 4.94252e-005
208.25 4.13275e-005
208.4 2.94116e-005
208.45 2.21749e-005
208.5 3.95274e-005
208.75 3.37674e-005
208.95 4.94252e-005
210.25 4.13275e-005
210.255 4.13275e-005
210.4 2.94116e-005
210.405 2.94116e-005
210.45 2.21749e-005
210.455 2.21749e-005
210.5 3.95274e-005
210.505 3.95274e-005
210.75 3.37674e-005
210.755 3.37674e-005
210.955 4.94252e-005
212.25 4.13275e-005
212.4 2.94116e-005
212.45 2.21749e-005
212.5 3.95274e-005
212.75 3.37674e-005
214.25 4.13275e-005
214.4 2.94116e-005
214.45 2.21749e-005
214.5 3.95274e-005
214.75 3.37674e-005
215.255 4.13275e-005
215.405 2.94116e-005
215.455 2.21749e-005
215.505 3.95274e-005
215.755 3.37674e-005
216.25 4.13275e-005
216.4 2.94116e-005
216.45 2.21749e-005
216.5 3.95274e-005
216.75 3.37674e-005
218.25 4.13275e-005
218.4 2.94116e-005
218.45 2.21749e-005
218.5 3.95274e-005
218.75 3.37674e-005
218.95 4.94252e-005
220.25 4.13275e-005
220.255 4.13275e-005
220.4 2.94116e-005
220.405 2.94116e-005
220.45 2.21749e-005
220.455 2.21749e-005
220.5 3.95274e-005
220.505 3.95274e-005
220.75 3.37674e-005
220.755 3.37674e-005
222.25 4.13275e-005
222.4 2.94116e-005
222.45 2.21749e-005
222.5 3.95274e-005
222.75 3.37674e-005
224.25 4.13275e-005
224.4 2.94116e-005
224.45 2.21749e-005
224.5 3.95274e-005
224.75 3.37674e-005
224.95 4.94252e-005
225.255 4.13275e-005
225.405 2.94116e-005
225.455 2.21749e-005
225.505 3.95274e-005
225.755 3.37674e-005
226.25 4.13275e-005
226.4 2.94116e-005
226.45 2.21749e-005
226.5 3.95274e-005
226.75 3.37674e-005
226.95 4.94252e-005
228.25 4.13275e-005
228.4 2.94116e-005
228.45 2.21749e-005
228.5 3.95274e-005
228.75 3.37674e-005
228.95 4.94252e-005
230.25 4.13275e-005
230.255 4.13275e-005
230.4 2.94116e-005
230.405 2.94116e-005
230.45 2.21749e-005
230.455 2.21749e-005
230.5 3.95274e-005
230.505 3.95274e-005
230.75 3.37674e-005
230.755 3.37674e-005
230.95 4.94252e-005
230.955 4.94252e-005
232.4 2.94116e-005
232.45 2.21749e-005
232.5 3.95274e-005
232.75 3.37674e-005
234.25 4.13275e-005
234.4 2.94116e-005
234.45 2.21749e-005
234.5 3.95274e-005
234.75 3.37674e-005
235.255 4.13275e-005
235.405 2.94116e-005
235.455 2.21749e-005
235.505 3.95274e-005
235.755 3.37674e-005
235.955 4.94252e-005
236.25 4.13275e-005
236.4 2.94116e-005
236.45 2.21749e-005
236.5 3.95274e-005
236.75 3.37674e-005
236.95 4.94252e-005
238.25 4.13275e-005
238.4 2.94116e-005
238.45 2.21749e-005
238.5 3.95274e-005
238.75 3.37674e-005
238.95 4.94252e-005
240.25 4.13275e-005
240.255 4.13275e-005
240.4 2.94116e-005
240.405 2.94116e-005
240.45 2.21749e-005
240.455 2.21749e-005
240.5 3.95274e-005
240.505 3.95274e-005
240.75 3.37674e-005
240.755 3.37674e-005
240.955 4.94252e-005
242.25 4.13275e-005
242.4 2.94116e-005
242.45 2.21749e-005
242.5 3.95274e-005
242.75 3.37674e-005
244.25 4.13275e-005
244.4 2.94116e-005
244.45 2.21749e-005
244.5 3.95274e-005
244.75 3.37674e-005
244.95 4.94252e-005
245.255 4.13275e-005
245.405 2.94116e-005
245.455 2.21749e-005
245.505 3.95274e-005
245.755 3.37674e-005
246.25 4.13275e-005
246.4 2.94116e-005
246.45 2.21749e-005
246.5 3.95274e-005
246.75 3.37674e-005
248.25 4.13275e-005
248.4 2.94116e-005
248.45 2.21749e-005
248.5 3.95274e-005
248.75 3.37674e-005
250.25 4.13275e-005
250.255 4.13275e-005
250.4 2.94116e-005
250.405 2.94116e-005
250.45 2.21749e-005
250.455 2.21749e-005
250.5 3.95274e-005
250.505 3.95274e-005
250.75 3.37674e-005
250.755 3.37674e-005
250.95 4.94252e-005
250.955 4.94252e-005
252.25 4.13275e-005
252.4 2.94116e-005
252.45 2.21749e-005
252.5 3.95274e-005
252.75 3.37674e-005
252.95 4.94252e-005
254.25 4.13275e-005
254.4 2.94116e-005
254.45 2.21749e-005
254.5 3.95274e-005
254.75 3.37674e-005
254.95 4.94252e-005
255.255 4.13275e-005
255.405 2.94116e-005
255.455 2.21749e-005
255.505 3.95274e-005
255.755 3.37674e-005
255.955 4.94252e-005
256.25 4.13275e-005
256.4 2.94116e-005
256.45 2.21749e-005
256.5 3.95274e-005
256.75 3.37674e-005
256.95 4.94252e-005
258.25 4.13275e-005
258.4 2.94116e-005
258.45 2.21749e-005
258.5 3.95274e-005
258.75 3.37674e-005
258.95 4.94252e-005
260.25 4.13275e-005
260.255 4.13275e-005
260.4 2.94116e-005
260.405 2.94116e-005
260.45 2.21749e-005
260.455 2.21749e-005
260.5 3.95274e-005
260.505 3.95274e-005
260.75 3.37674e-005
260.755 3.37674e-005
260.955 4.94252e-005
262.25 4.13275e-005
262.4 2.94116e-005
262.45 2.21749e-005
262.5 3.95274e-005
262.75 3.37674e-005
264.25 4.13275e-005
264.4 2.94116e-005
264.45 2.21749e-005
264.5 3.95274e-005
264.75 3.37674e-005
264.95 4.94252e-005
265.255 4.13275e-005
265.405 2.94116e-005
265.455 2.21749e-005
265.505 3.95274e-005
265.755 3.37674e-005
265.955 4.94252e-005
266.25 4.13275e-005
266.4 2.94116e-005
266.45 2.21749e-005
266.5 3.95274e-005
266.75 3.37674e-005
268.25 4.13275e-005
268.4 2.94116e-005
268.45 2.21749e-005
268.5 3.95274e-005
268.75 3.37674e-005
268.95 4.94252e-005
270.25 4.13275e-005
270.255 4.13275e-005
270.4 2.94116e-005
270.405 2.94116e-005
270.45 2.21749e-005
270.455 2.21749e-005
270.5 3.95274e-005
270.505 3.95274e-005
270.75 3.37674e-005
270.755 3.37674e-005
270.95 4.94252e-005
270.955 4.94252e-005
272.25 4.13275e-005
272.4 2.94116e-005
272.45 2.21749e-005
272.5 3.95274e-005
272.75 3.37674e-005
274.25 4.13275e-005
274.4 2.94116e-005
274.45 2.21749e-005
274.5 3.95274e-005
274.75 3.37674e-005
274.95 4.94252e-005
275.255 4.13275e-005
275.405 2.94116e-005
275.455 2.21749e-005
275.505 3.95274e-005
275.755 3.37674e-005
275.955 4.94252e-005
276.4 2.94116e-005
276.45 2.21749e-005
276.5 3.95274e-005
276.75 3.37674e-005
278.25 4.13275e-005
278.4 2.94116e-005
278.45 2.21749e-005
278.5 3.95274e-005
278.75 3.37674e-005
278.95 4.94252e-005
280.25 4.13275e-005
280.255 4.13275e-005
280.4 2.94116e-005
280.405 2.94116e-005
280.45 2.21749e-005
280.455 2.21749e-005
280.5 3.95274e-005
280.505 3.95274e-005
280.75 3.37674e-005
280.755 3.37674e-005
280.95 4.94252e-005
282.25 4.13275e-005
282.4 2.94116e-005
282.45 2.21749e-005
282.5 3.95274e-005
282.75 3.37674e-005
284.25 4.13275e-005
284.4 2.94116e-005
284.45 2.21749e-005
284.5 3.95274e-005
284.75 3.37674e-005
284.95 4.94252e-005
285.255 4.13275e-005
285.405 2.94116e-005
285.455 2.21749e-005
285.505 3.95274e-005
285.755 3.37674e-005
286.25 4.13275e-005
286.4 2.94116e-005
286.45 2.21749e-005
286.5 3.95274e-005
286.75 3.37674e-005
286.95 4.94252e-005
288.25 4.13275e-005
288.4 2.94116e-005
288.45 2.21749e-005
288.5 3.95274e-005
288.75 3.37674e-005
290.25 4.13275e-005
290.255 4.13275e-005
290.4 2.94116e-005
290.405 2.94116e-005
290.45 2.21749e-005
290.455 2.21749e-005
290.5 3.95274e-005
290.505 3.95274e-005
290.75 3.37674e-005
290.755 3.37674e-005
292.25 4.13275e-005
292.4 2.94116e-005
292.45 2.21749e-005
292.5 3.95274e-005
292.75 3.37674e-005
292.95 4.94252e-005
294.25 4.13275e-005
294.4 2.94116e-005
294.45 2.21749e-005
294.5 3.95274e-005
294.75 3.37674e-005
295.255 4.13275e-005
295.405 2.94116e-005
295.455 2.21749e-005
295.505 3.95274e-005
295.755 3.37674e-005
295.955 4.94252e-005
296.25 4.13275e-005
296.4 2.94116e-005
296.45 2.21749e-005
296.5 3.95274e-005
296.75 3.37674e-005
296.95 4.94252e-005
298.25 4.13275e-005
298.4 2.94116e-005
298.45 2.21749e-005
298.5 3.95274e-005
298.75 3.37674e-005
300.25 4.13275e-005
300.255 4.13275e-005
300.4 2.94116e-005
300.405 2.94116e-005
300.45 2.21749e-005
300.455 2.21749e-005
300.5 3.95274e-005
300.505 3.95274e-005
300.75 3.37674e-005
300.755 3.37674e-005
300.95 4.94252e-005
300.955 4.94252e-005
302.25 4.13275e-005
302.4 2.94116e-005
302.45 2.21749e-005
302.5 3.95274e-005
302.75 3.37674e-005
304.25 4.13275e-005
304.4 2.94116e-005
304.45 2.21749e-005
304.5 3.95274e-005
304.75 3.37674e-005
304.95 4.94252e-005
305.405 2.94116e-005
305.455 2.21749e-005
305.505 3.95274e-005
305.755 3.37674e-005
305.955 4.94252e-005
306.25 4.13275e-005
306.4 2.94116e-005
306.45 2.21749e-005
306.5 3.95274e-005
306.75 3.37674e-005
306.95 4.94252e-005
308.25 4.13275e-005
308.4 2.94116e-005
308.45 2.21749e-005
308.5 3.95274e-005
308.75 3.37674e-005
308.95 4.94252e-005
310.25 4.13275e-005
310.255 4.13275e-005
310.4 2.94116e-005
310.405 2.94116e-005
310.45 2.21749e-005
310.455 2.21749e-005
310.5 3.95274e-005
310.505 3.95274e-005
310.75 3.37674e-005
310.755 3.37674e-005
310.95 4.94252e-005
310.955 4.94252e-005
312.4 2.94116e-005
312.45 2.21749e-005
312.5 3.95274e-005
312.75 3.37674e-005
314.25 4.13275e-005
314.4 2.94116e-005
314.45 2.21749e-005
314.5 3.95274e-005
314.75 3.37674e-005
314.95 4.94252e-005
315.255 4.13275e-005
315.405 2.94116e-005
315.455 2.21749e-005
315.505 3.95274e-005
315.755 3.37674e-005
315.955 4.94252e-005
316.25 4.13275e-005
316.4 2.94116e-005
316.45 2.21749e-005
316.5 3.95274e-005
316.75 3.37674e-005
318.25 4.13275e-005
318.4 2.94116e-005
318.45 2.21749e-005
318.5 3.95274e-005
318.75 3.37674e-005
318.95 4.94252e-005
320.25 4.13275e-005
320.255 4.13275e-005
320.4 2.94116e-005
320.405 2.94116e-005
320.45 2.21749e-005
320.455 2.21749e-005
320.5 3.95274e-005
320.505 3.95274e-005
320.75 3.37674e-005
320.755 3.37674e-005
322.25 4.13275e-005
322.4 2.94116e-005
322.45 2.21749e-005
322.5 3.95274e-005
322.75 3.37674e-005
322.95 4.94252e-005
324.25 4.13275e-005
324.4 2.94116e-005
324.45 2.21749e-005
324.5 3.95274e-005
324.75 3.37674e-005
324.95 4.94252e-005
325.255 4.13275e-005
325.405 2.94116e-005
325.455 2.21749e-005
325.505 3.95274e-005
325.755 3.37674e-005
326.4 2.94116e-005
326.45 2.21749e-005
326.5 3.95274e-005
326.75 3.37674e-005
328.25 4.13275e-005
328.4 2.94116e-005
328.45 2.21749e-005
328.5 3.95274e-005
328.75 3.37674e-005
328.95 4.94252e-005
330.25 4.13275e-005
330.255 4.13275e-005
330.4 2.94116e-005
330.405 2.94116e-005
330.45 2.21749e-005
330.455 2.21749e-005
330.5 3.95274e-005
330.505 3.95274e-005
330.75 3.37674e-005
330.755 3.37674e-005
330.95 4.94252e-005
330.955 4.94252e-005
332.25 4.13275e-005
332.4 2.94116e-005
332.45 2.21749e-005
332.5 3.95274e-005
332.75 3.37674e-005
332.95 4.94252e-005
334.25 4.13275e-005
334.4 2.94116e-005
334.45 2.21749e-005
334.5 3.95274e-005
334.75 3.37674e-005
334.95 4.94252e-005
335.255 4.13275e-005
335.405 2.94116e-005
335.455 2.21749e-005
335.505 3.95274e-005
335.755 3.37674e-005
336.25 4.13275e-005
336.4 2.94116e-005
336.45 2.21749e-005
336.5 3.95274e-005
336.75 3.37674e-005
336.95 4.94252e-005
338.25 4.13275e-005
338.4 2.94116e-005
338.45 2.21749e-005
338.5 3.95274e-005
338.75 3.37674e-005
340.25 4.13275e-005
340.255 4.13275e-005
340.4 2.94116e-005
340.405 2.94116e-005
340.45 2.21749e-005
340.455 2.21749e-005
340.5 3.95274e-005
340.505 3.95274e-005
340.75 3.37674e-005
340.755 3.37674e-005
340.955 4.94252e-005
342.25 4.13275e-005
342.4 2.94116e-005
342.45 2.21749e-005
342.5 3.95274e-005
342.75 3.37674e-005
344.25 4.13275e-005
344.4 2.94116e-005
344.45 2.21749e-005
344.5 3.95274e-005
344.75 3.37674e-005
344.95 4.94252e-005
345.255 4.13275e-005
345.405 2.94116e-005
345.455 2.21749e-005
345.505 3.95274e-005
345.755 3.37674e-005
345.955 4.94252e-005
346.4 2.94116e-005
346.45 2.21749e-005
346.5 3.95274e-005
346.75 3.37674e-005
348.25 4.13275e-005
348.4 2.94116e-005
348.45 2.21749e-005
348.5 3.95274e-005
348.75 3.37674e-005
348.95 4.94252e-005
350.25 4.13275e-005
350.255 4.13275e-005
350.4 2.94116e-005
350.405 2.94116e-005
350.45 2.21749e-005
350.455 2.21749e-005
350.5 3.95274e-005
350.505 3.95274e-005
350.75 3.37674e-005
350.755 3.37674e-005
350.95 4.94252e-005
350.955 4.94252e-005
352.25 4.13275e-005
352.4 2.94116e-005
352.45 2.21749e-005
352.5 3.95274e-005
352.75 3.37674e-005
352.95 4.94252e-005
354.25 4.13275e-005
354.4 2.94116e-005
354.45 2.21749e-005
354.5 3.95274e-005
354.75 3.37674e-005
354.95 4.94252e-005
355.255 4.13275e-005
355.405 2.94116e-005
355.455 2.21749e-005
355.505 3.95274e-005
355.755 3.37674e-005
355.955 4.94252e-005
356.25 4.13275e-005
356.4 2.94116e-005
356.45 2.21749e-005
356.5 3.95274e-005
356.75 3.37674e-005
358.25 4.13275e-005
358.4 2.94116e-005
358.45 2.21749e-005
358.5 3.95274e-005
358.75 3.37674e-005
358.95 4.94252e-005
360.25 4.13275e-005
360.255 4.13275e-005
360.4 2.94116e-005
360.405 2.94116e-005
360.45 2.21749e-005
360.455 2.21749e-005
360.505 3.95274e-005
360.75 3.37674e-005
360.755 3.37674e-005
360.955 4.94252e-005
362.4 2.94116e-005
362.45 2.21749e-005
362.5 3.95274e-005
362.75 3.37674e-005
362.95 4.94252e-005
364.25 4.13275e-005
364.4 2.94116e-005
364.45 2.21749e-005
364.5 3.95274e-005
364.75 3.37674e-005
364.95 4.94252e-005
365.255 4.13275e-005
365.405 2.94116e-005
365.455 2.21749e-005
365.505 3.95274e-005
365.755 3.37674e-005
365.955 4.94252e-005
366.25 4.13275e-005
366.4 2.94116e-005
366.45 2.21749e-005
366.5 3.95274e-005
366.75 3.37674e-005
368.25 4.13275e-005
368.4 2.94116e-005
368.45 2.21749e-005
368.5 3.95274e-005
368.75 3.37674e-005
368.95 4.94252e-005
370.25 4.13275e-005
370.255 4.13275e-005
370.4 2.94116e-005
370.405 2.94116e-005
370.45 2.21749e-005
370.455 2.21749e-005
370.5 3.95274e-005
370.505 3.95274e-005
370.75 3.37674e-005
370.755 3.37674e-005
370.955 4.94252e-005
372.25 4.13275e-005
372.4 2.94116e-005
372.45 2.21749e-005
372.5 3.95274e-005
372.75 3.37674e-005
372.95 4.94252e-005
374.25 4.13275e-005
374.4 2.94116e-005
374.45 2.21749e-005
374.5 3.95274e-005
374.75 3.37674e-005
375.255 4.13275e-005
375.405 2.94116e-005
375.455 2.21749e-005
375.505 3.95274e-005
375.755 3.37674e-005
375.955 4.94252e-005
376.25 4.13275e-005
376.4 2.94116e-005
376.45 2.21749e-005
376.5 3.95274e-005
376.75 3.37674e-005
378.25 4.13275e-005
378.4 2.94116e-005
378.45 2.21749e-005
378.5 3.95274e-005
378.75 3.37674e-005
378.95 4.94252e-005
380.25 4.13275e-005
380.255 4.13275e-005
380.4 2.94116e-005
380.405 2.94116e-005
380.45 2.21749e-005
380.455 2.21749e-005
380.5 3.95274e-005
380.505 3.95274e-005
380.75 3.37674e-005
380.755 3.37674e-005
380.95 4.94252e-005
380.955 4.94252e-005
382.25 4.13275e-005
382.4 2.94116e-005
382.45 2.21749e-005
382.5 3.95274e-005
382.75 3.37674e-005
382.95 4.94252e-005
384.25 4.13275e-005
384.4 2.94116e-005
384.45 2.21749e-005
384.5 3.95274e-005
384.75 3.37674e-005
385.255 4.13275e-005
385.405 2.94116e-005
385.455 2.21749e-005
385.505 3.95274e-005
385.755 3.37674e-005
385.955 4.94252e-005
386.25 4.13275e-005
386.4 2.94116e-005
386.45 2.21749e-005
386.5 3.95274e-005
386.75 3.37674e-005
386.95 4.94252e-005
388.25 4.13275e-005
388.4 2.94116e-005
388.45 2.21749e-005
388.5 3.95274e-005
388.75 3.37674e-005
388.95 4.94252e-005
390.25 4.13275e-005
390.255 4.13275e-005
390.4 2.94116e-005
390.405 2.94116e-005
390.45 2.21749e-005
390.455 2.21749e-005
390.5 3.95274e-005
390.505 3.95274e-005
390.75 3.37674e-005
390.755 3.37674e-005
390.95 4.94252e-005
390.955 4.94252e-005
392.25 4.13275e-005
392.4 2.94116e-005
392.45 2.21749e-005
392.5 3.95274e-005
392.75 3.37674e-005
392.95 4.94252e-005
394.25 4.13275e-005
394.4 2.94116e-005
394.45 2.21749e-005
394.5 3.95274e-005
394.75 3.37674e-005
395.255 4.13275e-005
395.405 2.94116e-005
395.455 2.21749e-005
395.505 3.95274e-005
395.755 3.37674e-005
396.25 4.13275e-005
396.4 2.94116e-005
396.45 2.21749e-005
396.5 3.95274e-005
396.75 3.37674e-005
396.95 4.94252e-005
398.25 4.13275e-005
398.4 2.94116e-005
398.45 2.21749e-005
398.5 3.95274e-005
398.75 3.37674e-005
400.25 4.13275e-005
400.255 4.13275e-005
400.4 2.94116e-005
400.405 2.94116e-005
400.45 2.21749e-005
400.455 2.21749e-005
400.5 3.95274e-005
400.505 3.95274e-005
400.75 3.37674e-005
400.755 3.37674e-005
400.95 4.94252e-005
402.25 4.13275e-005
402.4 2.94116e-005
402.45 2.21749e-005
402.5 3.95274e-005
402.75 3.37674e-005
404.25 4.13275e-005
404.4 2.94116e-005
404.45 2.21749e-005
404.5 3.95274e-005
404.75 3.37674e-005
404.95 4.94252e-005
405.255 4.13275e-005
405.405 2.94116e-005
405.455 2.21749e-005
405.505 3.95274e-005
405.755 3.37674e-005
406.25 4.13275e-005
406.4 2.94116e-005
406.45 2.21749e-005
406.5 3.95274e-005
406.75 3.37674e-005
406.95 4.94252e-005
408.25 4.13275e-005
408.4 2.94116e-005
408.45 2.21749e-005
408.5 3.95274e-005
408.75 3.37674e-005
410.25 4.13275e-005
410.255 4.13275e-005
410.4 2.94116e-005
410.405 2.94116e-005
410.45 2.21749e-005
410.455 2.21749e-005
410.5 3.95274e-005
410.505 3.95274e-005
410.75 3.37674e-005
410.755 3.37674e-005
410.955 4.94252e-005
412.25 4.13275e-005
412.4 2.94116e-005
412.45 2.21749e-005
412.5 3.95274e-005
412.75 3.37674e-005
414.25 4.13275e-005
414.4 2.94116e-005
414.45 2.21749e-005
414.5 3.95274e-005
414.75 3.37674e-005
414.95 4.94252e-005
415.255 4.13275e-005
415.405 2.94116e-005
415.455 2.21749e-005
415.505 3.95274e-005
415.755 3.37674e-005
416.25 4.13275e-005
416.4 2.94116e-005
416.45 2.21749e-005
416.5 3.95274e-005
416.75 3.37674e-005
418.25 4.13275e-005
418.4 2.94116e-005
418.45 2.21749e-005
418.5 3.95274e-005
418.75 3.37674e-005
418.95 4.94252e-005
420.25 4.13275e-005
420.255 4.13275e-005
420.4 2.94116e-005
420.405 2.94116e-005
420.45 2.21749e-005
420.455 2.21749e-005
420.5 3.95274e-005
420.505 3.95274e-005
420.75 3.37674e-005
420.755 3.37674e-005
420.955 4.94252e-005
422.4 2.94116e-005
422.45 2.21749e-005
422.5 3.95274e-005
422.75 3.37674e-005
424.25 4.13275e-005
424.4 2.94116e-005
424.45 2.21749e-005
424.5 3.95274e-005
424.75 3.37674e-005
424.95 4.94252e-005
425.405 2.94116e-005
425.455 2.21749e-005
425.505 3.95274e-005
425.755 3.37674e-005
425.955 4.94252e-005
426.25 4.13275e-005
426.4 2.94116e-005
426.45 2.21749e-005
426.5 3.95274e-005
426.75 3.37674e-005
428.25 4.13275e-005
428.4 2.94116e-005
428.45 2.21749e-005
428.5 3.95274e-005
428.75 3.37674e-005
428.95 4.94252e-005
430.25 4.13275e-005
430.255 4.13275e-005
430.4 2.94116e-005
430.405 2.94116e-005
430.45 2.21749e-005
430.455 2.21749e-005
430.5 3.95274e-005
430.505 3.95274e-005
430.75 3.37674e-005
430.755 3.37674e-005
430.955 4.94252e-005
432.25 4.13275e-005
432.4 2.94116e-005
432.45 2.21749e-005
432.75 3.37674e-005
432.95 4.94252e-005
434.25 4.13275e-005
434.4 2.94116e-005
434.45 2.21749e-005
434.5 3.95274e-005
434.75 3.37674e-005
434.95 4.94252e-005
435.255 4.13275e-005
435.405 2.94116e-005
435.455 2.21749e-005
435.505 3.95274e-005
435.755 3.37674e-005
435.955 4.94252e-005
436.25 4.13275e-005
436.4 2.94116e-005
436.45 2.21749e-005
436.5 3.95274e-005
436.75 3.37674e-005
436.95 4.94252e-005
438.25 4.13275e-005
438.4 2.94116e-005
438.45 2.21749e-005
438.5 3.95274e-005
438.75 3.37674e-005
440.25 4.13275e-005
440.255 4.13275e-005
440.4 2.94116e-005
440.405 2.94116e-005
440.45 2.21749e-005
440.455 2.21749e-005
440.5 3.95274e-005
440.505 3.95274e-005
440.75 3.37674e-005
440.755 3.37674e-005
440.955 4.94252e-005
442.25 4.13275e-005
442.4 2.94116e-005
442.45 2.21749e-005
442.5 3.95274e-005
442.75 3.37674e-005
442.95 4.94252e-005
444.25 4.13275e-005
444.4 2.94116e-005
444.45 2.21749e-005
444.5 3.95274e-005
444.75 3.37674e-005
445.255 4.13275e-005
445.405 2.94116e-005
445.455 2.21749e-005
445.505 3.95274e-005
445.755 3.37674e-005
445.955 4.94252e-005
446.25 4.13275e-005
446.4 2.94116e-005
446.45 2.21749e-005
446.5 3.95274e-005
446.75 3.37674e-005
448.4 2.94116e-005
448.45 2.21749e-005
448.5 3.95274e-005
448.75 3.37674e-005
448.95 4.94252e-005
450.25 4.13275e-005
450.255 4.13275e-005
450.4 2.94116e-005
450.405 2.94116e-005
450.45 2.21749e-005
450.455 2.21749e-005
450.5 3.95274e-005
450.505 3.95274e-005
450.75 3.37674e-005
450.755 3.37674e-005
450.95 4.94252e-005
450.955 4.94252e-005
452.25 4.13275e-005
452.4 2.94116e-005
452.45 2.21749e-005
452.5 3.95274e-005
452.75 3.37674e-005
452.95 4.94252e-005
454.25 4.13275e-005
454.4 2.94116e-005
454.45 2.21749e-005
454.5 3.95274e-005
454.75 3.37674e-005
455.255 4.13275e-005
455.405 2.94116e-005
455.455 2.21749e-005
455.505 3.95274e-005
455.755 3.37674e-005
456.4 2.94116e-005
456.45 2.21749e-005
456.5 3.95274e-005
456.75 3.37674e-005
458.25 4.13275e-005
458.4 2.94116e-005
458.45 2.21749e-005
458.5 3.95274e-005
458.75 3.37674e-005
460.25 4.13275e-005
460.255 4.13275e-005
460.4 2.94116e-005
460.405 2.94116e-005
460.45 2.21749e-005
460.455 2.21749e-005
460.5 3.95274e-005
460.505 3.95274e-005
460.75 3.37674e-005
460.755 3.37674e-005
460.95 4.94252e-005
460.955 4.94252e-005
462.25 4.13275e-005
462.4 2.94116e-005
462.45 2.21749e-005
462.5 3.95274e-005
462.75 3.37674e-005
464.25 4.13275e-005
464.4 2.94116e-005
464.45 2.21749e-005
464.5 3.95274e-005
464.75 3.37674e-005
464.95 4.94252e-005
465.255 4.13275e-005
465.405 2.94116e-005
465.455 2.21749e-005
465.505 3.95274e-005
465.755 3.37674e-005
466.25 4.13275e-005
466.4 2.94116e-005
466.45 2.21749e-005
466.5 3.95274e-005
466.75 3.37674e-005
468.25 4.13275e-005
468.4 2.94116e-005
468.45 2.21749e-005
468.5 3.95274e-005
468.75 3.37674e-005
468.95 4.94252e-005
470.25 4.13275e-005
470.255 4.13275e-005
470.4 2.94116e-005
470.405 2.94116e-005
470.45 2.21749e-005
470.455 2.21749e-005
470.5 3.95274e-005
470.505 3.95274e-005
470.75 3.37674e-005
470.755 3.37674e-005
470.95 4.94252e-005
470.955 4.94252e-005
472.25 4.13275e-005
472.4 2.94116e-005
472.45 2.21749e-005
472.5 3.95274e-005
472.75 3.37674e-005
474.25 4.13275e-005
474.4 2.94116e-005
474.45 2.21749e-005
474.5 3.95274e-005
474.75 3.37674e-005
474.95 4.94252e-005
475.255 4.13275e-005
475.405 2.94116e-005
475.455 2.21749e-005
475.505 3.95274e-005
475.755 3.37674e-005
476.25 4.13275e-005
476.4 2.94116e-005
476.45 2.21749e-005
476.5 3.95274e-005
476.75 3.37674e-005
478.25 4.13275e-005
478.4 2.94116e-005
478.45 2.21749e-005
478.5 3.95274e-005
478.75 3.37674e-005
480.25 4.13275e-005
480.255 4.13275e-005
480.4 2.94116e-005
480.405 2.94116e-005
480.45 2.21749e-005
480.455 2.21749e-005
480.5 3.95274e-005
480.505 3.95274e-005
480.75 3.37674e-005
480.755 3.37674e-005
480.95 4.94252e-005
480.955 4.94252e-005
482.25 4.13275e-005
482.4 2.94116e-005
482.45 2.21749e-005
482.5 3.95274e-005
482.75 3.37674e-005
482.95 4.94252e-005
484.25 4.13275e-005
484.4 2.94116e-005
484.45 2.21749e-005
484.5 3.95274e-005
484.75 3.37674e-005
484.95 4.94252e-005
485.255 4.13275e-005
485.405 2.94116e-005
485.455 2.21749e-005
485.505 3.95274e-005
485.755 3.37674e-005
486.25 4.13275e-005
486.4 2.94116e-005
486.45 2.21749e-005
486.5 3.95274e-005
486.75 3.37674e-005
488.25 4.13275e-005
488.4 2.94116e-005
488.45 2.21749e-005
488.5 3.95274e-005
488.75 3.37674e-005
488.95 4.94252e-005
490.25 4.13275e-005
490.255 4.13275e-005
490.4 2.94116e-005
490.405 2.94116e-005
490.45 2.21749e-005
490.455 2.21749e-005
490.5 3.95274e-005
490.505 3.95274e-005
490.75 3.37674e-005
490.755 3.37674e-005
492.25 4.13275e-005
492.4 2.94116e-005
492.45 2.21749e-005
492.5 3.95274e-005
492.75 3.37674e-005
492.95 4.94252e-005
494.25 4.13275e-005
494.4 2.94116e-005
494.45 2.21749e-005
494.5 3.95274e-005
494.75 3.37674e-005
494.95 4.94252e-005
495.255 4.13275e-005
495.405 2.94116e-005
495.455 2.21749e-005
495.505 3.95274e-005
495.755 3.37674e-005
496.25 4.13275e-005
496.4 2.94116e-005
496.45 2.21749e-005
496.5 3.95274e-005
496.75 3.37674e-005
498.25 4.13275e-005
498.4 2.94116e-005
498.45 2.21749e-005
498.5 3.95274e-005
498.75 3.37674e-005
500.25 4.13275e-005
500.255 4.13275e-005
500.4 2.94116e-005
500.405 2.94116e-005
500.45 2.21749e-005
500.455 2.21749e-005
500.5 3.95274e-005
500.505 3.95274e-005
500.75 3.37674e-005
500.755 3.37674e-005
500.955 4.94252e-005
502.25 4.13275e-005
502.4 2.94116e-005
502.45 2.21749e-005
502.5 3.95274e-005
502.75 3.37674e-005
502.95 4.94252e-005
504.25 4.13275e-005
504.4 2.94116e-005
504.45 2.21749e-005
504.5 3.95274e-005
504.75 3.37674e-005
504.95 4.94252e-005
505.255 4.13275e-005
505.405 2.94116e-005
505.455 2.21749e-005
505.505 3.95274e-005
505.755 3.37674e-005
506.25 4.13275e-005
506.4 2.94116e-005
506.45 2.21749e-005
506.5 3.95274e-005
506.75 3.37674e-005
506.95 4.94252e-005
508.25 4.13275e-005
508.4 2.94116e-005
508.45 2.21749e-005
508.5 3.95274e-005
508.75 3.37674e-005
508.95 4.94252e-005
510.25 4.13275e-005
510.255 4.13275e-005
510.4 2.94116e-005
510.405 2.94116e-005
510.45 2.21749e-005
510.455 2.21749e-005
510.5 3.95274e-005
510.505 3.95274e-005
510.75 3.37674e-005
510.755 3.37674e-005
510.95 4.94252e-005
510.955 4.94252e-005
512.25 4.13275e-005
512.4 2.94116e-005
512.45 2.21749e-005
512.5 3.95274e-005
512.75 3.37674e-005
514.25 4.13275e-005
514.4 2.94116e-005
514.45 2.21749e-005
514.5 3.95274e-005
514.75 3.37674e-005
514.95 4.94252e-005
515.255 4.13275e-005
515.405 2.94116e-005
515.455 2.21749e-005
515.505 3.95274e-005
515.755 3.37674e-005
516.25 4.13275e-005
516.4 2.94116e-005
516.45 2.21749e-005
516.5 3.95274e-005
516.75 3.37674e-005
516.95 4.94252e-005
518.25 4.13275e-005
518.4 2.94116e-005
518.45 2.21749e-005
518.5 3.95274e-005
518.75 3.37674e-005
518.95 4.94252e-005
520.25 4.13275e-005
520.255 4.13275e-005
520.4 2.94116e-005
520.405 2.94116e-005
520.45 2.21749e-005
520.455 2.21749e-005
520.5 3.95274e-005
520.505 3.95274e-005
520.75 3.37674e-005
520.755 3.37674e-005
520.95 4.94252e-005
520.955 4.94252e-005
522.25 4.13275e-005
522.4 2.94116e-005
522.45 2.21749e-005
522.5 3.95274e-005
522.75 3.37674e-005
522.95 4.94252e-005
524.25 4.13275e-005
524.4 2.94116e-005
524.45 2.21749e-005
524.5 3.95274e-005
524.75 3.37674e-005
525.255 4.13275e-005
525.405 2.94116e-005
525.455 2.21749e-005
525.505 3.95274e-005
525.755 3.37674e-005
525.955 4.94252e-005
526.4 2.94116e-005
526.45 2.21749e-005
526.5 3.95274e-005
526.75 3.37674e-005
526.95 4.94252e-005
528.25 4.13275e-005
528.4 2.94116e-005
528.45 2.21749e-005
528.5 3.95274e-005
528.75 3.37674e-005
530.25 4.13275e-005
530.255 4.13275e-005
530.4 2.94116e-005
530.405 2.94116e-005
530.45 2.21749e-005
530.455 2.21749e-005
530.5 3.95274e-005
530.505 3.95274e-005
530.75 3.37674e-005
530.755 3.37674e-005
530.95 4.94252e-005
530.955 4.94252e-005
532.25 4.13275e-005
532.4 2.94116e-005
532.45 2.21749e-005
532.5 3.95274e-005
532.75 3.37674e-005
532.95 4.94252e-005
534.4 2.94116e-005
534.45 2.21749e-005
534.5 3.95274e-005
534.75 3.37674e-005
534.95 4.94252e-005
535.255 4.13275e-005
535.405 2.94116e-005
535.455 2.21749e-005
535.505 3.95274e-005
535.755 3.37674e-005
535.955 4.94252e-005
536.25 4.13275e-005
536.4 2.94116e-005
536.45 2.21749e-005
536.5 3.95274e-005
536.75 3.37674e-005
536.95 4.94252e-005
538.25 4.13275e-005
538.4 2.94116e-005
538.45 2.21749e-005
538.5 3.95274e-005
538.75 3.37674e-005
540.25 4.13275e-005
540.255 4.13275e-005
540.4 2.94116e-005
540.405 2.94116e-005
540.45 2.21749e-005
540.455 2.21749e-005
540.5 3.95274e-005
540.505 3.95274e-005
540.75 3.37674e-005
540.755 3.37674e-005
540.95 4.94252e-005
540.955 4.94252e-005
542.25 4.13275e-005
542.4 2.94116e-005
542.45 2.21749e-005
542.5 3.95274e-005
542.75 3.37674e-005
542.95 4.94252e-005
544.25 4.13275e-005
544.4 2.94116e-005
544.45 2.21749e-005
544.5 3.95274e-005
544.75 3.37674e-005
544.95 4.94252e-005
545.255 4.13275e-005
545.405 2.94116e-005
545.455 2.21749e-005
545.505 3.95274e-005
545.755 3.37674e-005
546.25 4.13275e-005
546.4 2.94116e-005
546.45 2.21749e-005
546.5 3.95274e-005
546.75 3.37674e-005
548.25 4.13275e-005
548.4 2.94116e-005
548.45 2.21749e-005
548.5 3.95274e-005
548.75 3.37674e-005
550.25 4.13275e-005
550.255 4.13275e-005
550.4 2.94116e-005
550.405 2.94116e-005
550.45 2.21749e-005
550.455 2.21749e-005
550.5 3.95274e-005
550.505 3.95274e-005
550.75 3.37674e-005
550.755 3.37674e-005
550.95 4.94252e-005
550.955 4.94252e-005
552.25 4.13275e-005
552.4 2.94116e-005
552.45 2.21749e-005
552.5 3.95274e-005
552.75 3.37674e-005
552.95 4.94252e-005
554.25 4.13275e-005
554.4 2.94116e-005
554.45 2.21749e-005
554.5 3.95274e-005
554.75 3.37674e-005
555.255 4.13275e-005
555.405 2.94116e-005
555.455 2.21749e-005
555.505 3.95274e-005
555.755 3.37674e-005
556.25 4.13275e-005
556.4 2.94116e-005
556.45 2.21749e-005
556.5 3.95274e-005
556.75 3.37674e-005
556.95 4.94252e-005
558.25 4.13275e-005
558.4 2.94116e-005
558.45 2.21749e-005
558.5 3.95274e-005
558.75 3.37674e-005
558.95 4.94252e-005
560.25 4.13275e-005
560.255 4.13275e-005
560.4 2.94116e-005
560.405 2.94116e-005
560.45 2.21749e-005
560.455 2.21749e-005
560.5 3.95274e-005
560.505 3.95274e-005
560.75 3.37674e-005
560.755 3.37674e-005
560.955 4.94252e-005
562.25 4.13275e-005
562.4 2.94116e-005
562.45 2.21749e-005
562.5 3.95274e-005
562.75 3.37674e-005
564.25 4.13275e-005
564.4 2.94116e-005
564.45 2.21749e-005
564.5 3.95274e-005
564.75 3.37674e-005
564.95 4.94252e-005
565.255 4.13275e-005
565.405 2.94116e-005
565.455 2.21749e-005
565.505 3.95274e-005
565.755 3.37674e-005
565.955 4.94252e-005
566.4 2.94116e-005
566.45 2.21749e-005
566.5 3.95274e-005
566.75 3.37674e-005
568.4 2.94116e-005
568.45 2.21749e-005
568.5 3.95274e-005
568.75 3.37674e-005
568.95 4.94252e-005
570.25 4.13275e-005
570.255 4.13275e-005
570.4 2.94116e-005
570.405 2.94116e-005
570.45 2.21749e-005
570.455 2.21749e-005
570.5 3.95274e-005
570.505 3.95274e-005
570.75 3.37674e-005
570.755 3.37674e-005
570.95 4.94252e-005
570.955 4.94252e-005
572.25 4.13275e-005
572.4 2.94116e-005
572.45 2.21749e-005
572.5 3.95274e-005
572.75 3.37674e-005
574.25 4.13275e-005
574.4 2.94116e-005
574.45 2.21749e-005
574.5 3.95274e-005
574.75 3.37674e-005
574.95 4.94252e-005
575.255 4.13275e-005
575.405 2.94116e-005
575.455 2.21749e-005
575.505 3.95274e-005
575.755 3.37674e-005
575.955 4.94252e-005
576.25 4.13275e-005
576.4 2.94116e-005
576.45 2.21749e-005
576.5 3.95274e-005
576.75 3.37674e-005
578.25 4.13275e-005
578.4 2.94116e-005
578.45 2.21749e-005
578.5 3.95274e-005
578.75 3.37674e-005
578.95 4.94252e-005
580.25 4.13275e-005
580.255 4.13275e-005
580.4 2.94116e-005
580.405 2.94116e-005
580.45 2.21749e-005
580.455 2.21749e-005
580.5 3.95274e-005
580.505 3.95274e-005
580.75 3.37674e-005
580.755 3.37674e-005
580.95 4.94252e-005
580.955 4.94252e-005
582.25 4.13275e-005
582.4 2.94116e-005
582.45 2.21749e-005
582.5 3.95274e-005
582.95 4.94252e-005
584.25 4.13275e-005
584.4 2.94116e-005
584.45 2.21749e-005
584.5 3.95274e-005
584.75 3.37674e-005
585.255 4.13275e-005
585.405 2.94116e-005
585.455 2.21749e-005
585.505 3.95274e-005
585.755 3.37674e-005
585.955 4.94252e-005
586.25 4.13275e-005
586.4 2.94116e-005
586.45 2.21749e-005
586.5 3.95274e-005
586.75 3.37674e-005
586.95 4.94252e-005
588.25 4.13275e-005
588.4 2.94116e-005
588.45 2.21749e-005
588.5 3.95274e-005
588.75 3.37674e-005
588.95 4.94252e-005
590.25 4.13275e-005
590.255 4.13275e-005
590.4 2.94116e-005
590.405 2.94116e-005
590.45 2.21749e-005
590.455 2.21749e-005
590.5 3.95274e-005
590.505 3.95274e-005
590.75 3.37674e-005
590.755 3.37674e-005
590.955 4.94252e-005
592.25 4.13275e-005
592.4 2.94116e-005
592.45 2.21749e-005
592.5 3.95274e-005
592.75 3.37674e-005
594.25 4.13275e-005
594.4 2.94116e-005
594.45 2.21749e-005
594.5 3.95274e-005
594.75 3.37674e-005
594.95 4.94252e-005
595.255 4.13275e-005
595.405 2.94116e-005
595.455 2.21749e-005
595.505 3.95274e-005
595.755 3.37674e-005
596.25 4.13275e-005
596.4 2.94116e-005
596.45 2.21749e-005
596.75 3.37674e-005
596.95 4.94252e-005
598.25 4.13275e-005
598.4 2.94116e-005
598.45 2.21749e-005
598.5 3.95274e-005
598.75 3.37674e-005
600.25 4.13275e-005
600.255 4.13275e-005
600.4 2.94116e-005
600.405 2.94116e-005
600.45 2.21749e-005
600.455 2.21749e-005
600.5 3.95274e-005
600.505 3.95274e-005
600.75 3.37674e-005
600.755 3.37674e-005
600.955 4.94252e-005
602.25 4.13275e-005
602.4 2.94116e-005
602.45 2.21749e-005
602.5 3.95274e-005
602.75 3.37674e-005
604.25 4.13275e-005
604.4 2.94116e-005
604.45 2.21749e-005
604.5 3.95274e-005
604.75 3.37674e-005
604.95 4.94252e-005
605.405 2.94116e-005
605.455 2.21749e-005
605.505 3.95274e-005
605.755 3.37674e-005
605.955 4.94252e-005
606.25 4.13275e-005
606.4 2.94116e-005
606.45 2.21749e-005
606.5 3.95274e-005
606.75 3.37674e-005
608.25 4.13275e-005
608.4 2.94116e-005
608.45 2.21749e-005
608.5 3.95274e-005
608.75 3.37674e-005
608.95 4.94252e-005
610.25 4.13275e-005
610.255 4.13275e-005
610.4 2.94116e-005
610.405 2.94116e-005
610.45 2.21749e-005
610.455 2.21749e-005
610.5 3.95274e-005
610.505 3.95274e-005
610.75 3.37674e-005
610.755 3.37674e-005
610.955 4.94252e-005
612.25 4.13275e-005
612.4 2.94116e-005
612.45 2.21749e-005
612.5 3.95274e-005
612.75 3.37674e-005
612.95 4.94252e-005
614.25 4.13275e-005
614.4 2.94116e-005
614.45 2.21749e-005
614.5 3.95274e-005
614.75 3.37674e-005
614.95 4.94252e-005
615.255 4.13275e-005
615.405 2.94116e-005
615.455 2.21749e-005
615.505 3.95274e-005
615.755 3.37674e-005
616.25 4.13275e-005
616.4 2.94116e-005
616.45 2.21749e-005
616.5 3.95274e-005
616.75 3.37674e-005
616.95 4.94252e-005
618.25 4.13275e-005
618.4 2.94116e-005
618.45 2.21749e-005
618.5 3.95274e-005
618.75 3.37674e-005
618.95 4.94252e-005
620.25 4.13275e-005
620.255 4.13275e-005
620.4 2.94116e-005
620.405 2.94116e-005
620.45 2.21749e-005
620.455 2.21749e-005
620.5 3.95274e-005
620.505 3.95274e-005
620.75 3.37674e-005
620.755 3.37674e-005
620.955 4.94252e-005
622.25 4.13275e-005
622.4 2.94116e-005
622.45 2.21749e-005
622.5 3.95274e-005
622.75 3.37674e-005
624.25 4.13275e-005
624.4 2.94116e-005
624.45 2.21749e-005
624.5 3.95274e-005
624.75 3.37674e-005
624.95 4.94252e-005
625.255 4.13275e-005
625.405 2.94116e-005
625.455 2.21749e-005
625.505 3.95274e-005
625.755 3.37674e-005
626.25 4.13275e-005
626.4 2.94116e-005
626.45 2.21749e-005
626.5 3.95274e-005
626.75 3.37674e-005
628.25 4.13275e-005
628.4 2.94116e-005
628.45 2.21749e-005
628.5 3.95274e-005
628.75 3.37674e-005
628.95 4.94252e-005
630.25 4.13275e-005
630.255 4.13275e-005
630.4 2.94116e-005
630.405 2.94116e-005
630.45 2.21749e-005
630.455 2.21749e-005
630.5 3.95274e-005
630.505 3.95274e-005
630.75 3.37674e-005
630.755 3.37674e-005
630.955 4.94252e-005
632.25 4.13275e-005
632.4 2.94116e-005
632.45 2.21749e-005
632.5 3.95274e-005
632.75 3.37674e-005
634.4 2.94116e-005
634.45 2.21749e-005
634.5 3.95274e-005
634.75 3.37674e-005
634.95 4.94252e-005
635.255 4.13275e-005
635.405 2.94116e-005
635.455 2.21749e-005
635.505 3.95274e-005
635.755 3.37674e-005
636.25 4.13275e-005
636.4 2.94116e-005
636.45 2.21749e-005
636.5 3.95274e-005
636.75 3.37674e-005
636.95 4.94252e-005
638.25 4.13275e-005
638.4 2.94116e-005
638.45 2.21749e-005
638.5 3.95274e-005
638.75 3.37674e-005
638.95 4.94252e-005
640.25 4.13275e-005
640.255 4.13275e-005
640.4 2.94116e-005
640.405 2.94116e-005
640.45 2.21749e-005
640.455 2.21749e-005
640.5 3.95274e-005
640.505 3.95274e-005
640.75 3.37674e-005
640.755 3.37674e-005
640.955 4.94252e-005
642.25 4.13275e-005
642.4 2.94116e-005
642.45 2.21749e-005
642.5 3.95274e-005
642.75 3.37674e-005
642.95 4.94252e-005
644.25 4.13275e-005
644.4 2.94116e-005
644.45 2.21749e-005
644.5 3.95274e-005
644.75 3.37674e-005
645.255 4.13275e-005
645.405 2.94116e-005
645.455 2.21749e-005
645.505 3.95274e-005
645.755 3.37674e-005
646.25 4.13275e-005
646.4 2.94116e-005
646.45 2.21749e-005
646.5 3.95274e-005
646.75 3.37674e-005
646.95 4.94252e-005
648.25 4.13275e-005
648.4 2.94116e-005
648.45 2.21749e-005
648.5 3.95274e-005
648.75 3.37674e-005
648.95 4.94252e-005
650.25 4.13275e-005
650.255 4.13275e-005
650.4 2.94116e-005
650.405 2.94116e-005
650.45 2.21749e-005
650.455 2.21749e-005
650.5 3.95274e-005
650.505 3.95274e-005
650.75 3.37674e-005
650.755 3.37674e-005
650.955 4.94252e-005
652.25 4.13275e-005
652.4 2.94116e-005
652.45 2.21749e-005
652.5 3.95274e-005
652.75 3.37674e-005
654.25 4.13275e-005
654.4 2.94116e-005
654.45 2.21749e-005
654.5 3.95274e-005
654.75 3.37674e-005
655.255 4.13275e-005
655.405 2.94116e-005
655.455 2.21749e-005
655.505 3.95274e-005
655.755 3.37674e-005
655.955 4.94252e-005
656.25 4.13275e-005
656.4 2.94116e-005
656.45 2.21749e-005
656.5 3.95274e-005
656.75 3.37674e-005
658.25 4.13275e-005
658.4 2.94116e-005
658.45 2.21749e-005
658.5 3.95274e-005
658.75 3.37674e-005
660.25 4.13275e-005
660.255 4.13275e-005
660.4 2.94116e-005
660.405 2.94116e-005
660.45 2.21749e-005
660.455 2.21749e-005
660.5 3.95274e-005
660.505 3.95274e-005
660.75 3.37674e-005
660.755 3.37674e-005
660.95 4.94252e-005
660.955 4.94252e-005
662.25 4.13275e-005
662.4 2.94116e-005
662.45 2.21749e-005
662.5 3.95274e-005
662.75 3.37674e-005
662.95 4.94252e-005
664.25 4.13275e-005
664.4 2.94116e-005
664.45 2.21749e-005
664.5 3.95274e-005
664.75 3.37674e-005
664.95 4.94252e-005
665.255 4.13275e-005
665.405 2.94116e-005
665.455 2.21749e-005
665.505 3.95274e-005
665.755 3.37674e-005
666.25 4.13275e-005
666.4 2.94116e-005
666.45 2.21749e-005
666.5 3.95274e-005
666.75 3.37674e-005
666.95 4.94252e-005
668.25 4.13275e-005
668.4 2.94116e-005
668.45 2.21749e-005
668.5 3.95274e-005
668.75 3.37674e-005
668.95 4.94252e-005
670.25 4.13275e-005
670.255 4.13275e-005
670.4 2.94116e-005
670.405 2.94116e-005
670.45 2.21749e-005
670.455 2.21749e-005
670.5 3.95274e-005
670.505 3.95274e-005
670.75 3.37674e-005
670.755 3.37674e-005
670.95 4.94252e-005
672.25 4.13275e-005
672.4 2.94116e-005
672.45 2.21749e-005
672.5 3.95274e-005
672.75 3.37674e-005
672.95 4.94252e-005
674.25 4.13275e-005
674.4 2.94116e-005
674.45 2.21749e-005
674.5 3.95274e-005
674.75 3.37674e-005
675.255 4.13275e-005
675.405 2.94116e-005
675.455 2.21749e-005
675.505 3.95274e-005
675.755 3.37674e-005
675.955 4.94252e-005
676.25 4.13275e-005
676.4 2.94116e-005
676.45 2.21749e-005
676.5 3.95274e-005
676.75 3.37674e-005
678.25 4.13275e-005
678.4 2.94116e-005
678.45 2.21749e-005
678.5 3.95274e-005
678.75 3.37674e-005
678.95 4.94252e-005
680.25 4.13275e-005
680.255 4.13275e-005
680.4 2.94116e-005
680.405 2.94116e-005
680.45 2.21749e-005
680.455 2.21749e-005
680.5 3.95274e-005
680.505 3.95274e-005
680.75 3.37674e-005
680.755 3.37674e-005
680.95 4.94252e-005
680.955 4.94252e-005
682.25 4.13275e-005
682.4 2.94116e-005
682.45 2.21749e-005
682.5 3.95274e-005
682.75 3.37674e-005
684.25 4.13275e-005
684.4 2.94116e-005
684.45 2.21749e-005
684.5 3.95274e-005
684.75 3.37674e-005
684.95 4.94252e-005
685.255 4.13275e-005
685.405 2.94116e-005
685.455 2.21749e-005
685.505 3.95274e-005
685.755 3.37674e-005
686.25 4.13275e-005
686.4 2.94116e-005
686.45 2.21749e-005
686.5 3.95274e-005
686.75 3.37674e-005
688.25 4.13275e-005
688.4 2.94116e-005
688.45 2.21749e-005
688.5 3.95274e-005
688.75 3.37674e-005
688.95 4.94252e-005
690.255 4.13275e-005
690.4 2.94116e-005
690.405 2.94116e-005
690.45 2.21749e-005
690.455 2.21749e-005
690.5 3.95274e-005
690.505 3.95274e-005
690.75 3.37674e-005
690.755 3.37674e-005
692.25 4.13275e-005
692.4 2.94116e-005
692.45 2.21749e-005
692.5 3.95274e-005
692.75 3.37674e-005
692.95 4.94252e-005
694.25 4.13275e-005
694.4 2.94116e-005
694.45 2.21749e-005
694.5 3.95274e-005
694.75 3.37674e-005
695.255 4.13275e-005
695.405 2.94116e-005
695.455 2.21749e-005
695.505 3.95274e-005
695.755 3.37674e-005
695.955 4.94252e-005
696.25 4.13275e-005
696.4 2.94116e-005
696.45 2.21749e-005
696.5 3.95274e-005
696.75 3.37674e-005
698.25 4.13275e-005
698.4 2.94116e-005
698.45 2.21749e-005
698.5 3.95274e-005
698.75 3.37674e-005
700.25 4.13275e-005
700.255 4.13275e-005
700.4 2.94116e-005
700.405 2.94116e-005
700.45 2.21749e-005
700.455 2.21749e-005
700.5 3.95274e-005
700.505 3.95274e-005
700.75 3.37674e-005
700.755 3.37674e-005
700.955 4.94252e-005
702.25 4.13275e-005
702.4 2.94116e-005
702.45 2.21749e-005
702.5 3.95274e-005
702.75 3.37674e-005
704.25 4.13275e-005
704.4 2.94116e-005
704.45 2.21749e-005
704.5 3.95274e-005
704.75 3.37674e-005
705.255 4.13275e-005
705.405 2.94116e-005
705.455 2.21749e-005
705.505 3.95274e-005
705.755 3.37674e-005
706.25 4.13275e-005
706.4 2.94116e-005
706.45 2.21749e-005
706.5 3.95274e-005
706.75 3.37674e-005
708.25 4.13275e-005
708.4 2.94116e-005
708.45 2.21749e-005
708.5 3.95274e-005
708.75 3.37674e-005
708.95 4.94252e-005
710.25 4.13275e-005
710.255 4.13275e-005
710.4 2.94116e-005
710.405 2.94116e-005
710.45 2.21749e-005
710.455 2.21749e-005
710.5 3.95274e-005
710.505 3.95274e-005
710.75 3.37674e-005
710.755 3.37674e-005
710.955 4.94252e-005
712.25 4.13275e-005
712.4 2.94116e-005
712.45 2.21749e-005
712.5 3.95274e-005
712.75 3.37674e-005
712.95 4.94252e-005
714.25 4.13275e-005
714.4 2.94116e-005
714.45 2.21749e-005
714.5 3.95274e-005
714.75 3.37674e-005
714.95 4.94252e-005
715.255 4.13275e-005
715.405 2.94116e-005
715.455 2.21749e-005
715.505 3.95274e-005
715.755 3.37674e-005
715.955 4.94252e-005
716.4 2.94116e-005
716.45 2.21749e-005
716.5 3.95274e-005
716.75 3.37674e-005
718.25 4.13275e-005
718.4 2.94116e-005
718.45 2.21749e-005
718.5 3.95274e-005
718.75 3.37674e-005
718.95 4.94252e-005
720.25 4.13275e-005
720.255 4.13275e-005
720.4 2.94116e-005
720.405 2.94116e-005
720.45 2.21749e-005
720.455 2.21749e-005
720.5 3.95274e-005
720.505 3.95274e-005
720.75 3.37674e-005
720.755 3.37674e-005
720.955 4.94252e-005
722.25 4.13275e-005
722.4 2.94116e-005
722.45 2.21749e-005
722.5 3.95274e-005
722.75 3.37674e-005
724.25 4.13275e-005
724.4 2.94116e-005
724.45 2.21749e-005
724.5 3.95274e-005
724.75 3.37674e-005
724.95 4.94252e-005
725.255 4.13275e-005
725.405 2.94116e-005
725.455 2.21749e-005
725.505 3.95274e-005
725.755 3.37674e-005
725.955 4.94252e-005
726.25 4.13275e-005
726.4 2.94116e-005
726.45 2.21749e-005
726.5 3.95274e-005
726.75 3.37674e-005
728.25 4.13275e-005
728.4 2.94116e-005
728.45 2.21749e-005
728.5 3.95274e-005
728.75 3.37674e-005
730.25 4.13275e-005
730.255 4.13275e-005
730.4 2.94116e-005
730.405 2.94116e-005
730.45 2.21749e-005
730.455 2.21749e-005
730.5 3.95274e-005
730.505 3.95274e-005
730.75 3.37674e-005
730.755 3.37674e-005
730.95 4.94252e-005
730.955 4.94252e-005
732.25 4.13275e-005
732.4 2.94116e-005
732.45 2.21749e-005
732.5 3.95274e-005
732.75 3.37674e-005
732.95 4.94252e-005
734.25 4.13275e-005
734.4 2.94116e-005
734.45 2.21749e-005
734.5 3.95274e-005
734.75 3.37674e-005
734.95 4.94252e-005
735.255 4.13275e-005
735.405 2.94116e-005
735.455 2.21749e-005
735.505 3.95274e-005
735.755 3.37674e-005
736.25 4.13275e-005
736.4 2.94116e-005
736.45 2.21749e-005
736.5 3.95274e-005
736.75 3.37674e-005
736.95 4.94252e-005
738.25 4.13275e-005
738.4 2.94116e-005
738.45 2.21749e-005
738.5 3.95274e-005
738.75 3.37674e-005
740.25 4.13275e-005
740.255 4.13275e-005
740.4 2.94116e-005
740.405 2.94116e-005
740.45 2.21749e-005
740.455 2.21749e-005
740.5 3.95274e-005
740.505 3.95274e-005
740.75 3.37674e-005
740.755 3.37674e-005
740.95 4.94252e-005
740.955 4.94252e-005
742.25 4.13275e-005
742.4 2.94116e-005
742.45 2.21749e-005
742.5 3.95274e-005
742.75 3.37674e-005
742.95 4.94252e-005
744.25 4.13275e-005
744.4 2.94116e-005
744.45 2.21749e-005
744.5 3.95274e-005
744.75 3.37674e-005
744.95 4.94252e-005
745.255 4.13275e-005
745.405 2.94116e-005
745.455 2.21749e-005
745.505 3.95274e-005
745.755 3.37674e-005
745.955 4.94252e-005
746.25 4.13275e-005
746.4 2.94116e-005
746.45 2.21749e-005
746.5 3.95274e-005
746.75 3.37674e-005
746.95 4.94252e-005
748.25 4.13275e-005
748.4 2.94116e-005
748.45 2.21749e-005
748.5 3.95274e-005
748.75 3.37674e-005
748.95 4.94252e-005
750.25 4.13275e-005
750.255 4.13275e-005
750.4 2.94116e-005
750.405 2.94116e-005
750.45 2.21749e-005
750.455 2.21749e-005
750.5 3.95274e-005
750.505 3.95274e-005
750.75 3.37674e-005
750.755 3.37674e-005
750.95 4.94252e-005
750.955 4.94252e-005
752.25 4.13275e-005
752.4 2.94116e-005
752.45 2.21749e-005
752.5 3.95274e-005
752.95 4.94252e-005
754.25 4.13275e-005
754.4 2.94116e-005
754.45 2.21749e-005
754.5 3.95274e-005
754.75 3.37674e-005
755.255 4.13275e-005
755.405 2.94116e-005
755.455 2.21749e-005
755.505 3.95274e-005
755.755 3.37674e-005
756.4 2.94116e-005
756.45 2.21749e-005
756.5 3.95274e-005
756.75 3.37674e-005
758.25 4.13275e-005
758.4 2.94116e-005
758.45 2.21749e-005
758.5 3.95274e-005
758.75 3.37674e-005
758.95 4.94252e-005
760.25 4.13275e-005
760.255 4.13275e-005
760.4 2.94116e-005
760.405 2.94116e-005
760.45 2.21749e-005
760.455 2.21749e-005
760.5 3.95274e-005
760.505 3.95274e-005
760.75 3.37674e-005
760.755 3.37674e-005
760.955 4.94252e-005
762.25 4.13275e-005
762.4 2.94116e-005
762.45 2.21749e-005
762.5 3.95274e-005
762.75 3.37674e-005
764.25 4.13275e-005
764.4 2.94116e-005
764.45 2.21749e-005
764.5 3.95274e-005
764.75 3.37674e-005
764.95 4.94252e-005
765.255 4.13275e-005
765.405 2.94116e-005
765.455 2.21749e-005
765.505 3.95274e-005
765.755 3.37674e-005
766.25 4.13275e-005
766.4 2.94116e-005
766.45 2.21749e-005
766.5 3.95274e-005
766.75 3.37674e-005
768.25 4.13275e-005
768.4 2.94116e-005
768.45 2.21749e-005
768.5 3.95274e-005
768.75 3.37674e-005
768.95 4.94252e-005
770.25 4.13275e-005
770.255 4.13275e-005
770.4 2.94116e-005
770.405 2.94116e-005
770.45 2.21749e-005
770.455 2.21749e-005
770.5 3.95274e-005
770.505 3.95274e-005
770.75 3.37674e-005
770.755 3.37674e-005
770.95 4.94252e-005
770.955 4.94252e-005
772.25 4.13275e-005
772.4 2.94116e-005
772.45 2.21749e-005
772.5 3.95274e-005
772.75 3.37674e-005
772.95 4.94252e-005
774.25 4.13275e-005
774.4 2.94116e-005
774.45 2.21749e-005
774.5 3.95274e-005
774.75 3.37674e-005
774.95 4.94252e-005
775.255 4.13275e-005
775.405 2.94116e-005
775.455 2.21749e-005
775.505 3.95274e-005
775.755 3.37674e-005
775.955 4.94252e-005
776.25 4.13275e-005
776.4 2.94116e-005
776.45 2.21749e-005
776.5 3.95274e-005
776.75 3.37674e-005
778.25 4.13275e-005
778.4 2.94116e-005
778.45 2.21749e-005
778.5 3.95274e-005
778.75 3.37674e-005
780.25 4.13275e-005
780.255 4.13275e-005
780.4 2.94116e-005
780.405 2.94116e-005
780.45 2.21749e-005
780.455 2.21749e-005
780.5 3.95274e-005
780.505 3.95274e-005
780.75 3.37674e-005
780.755 3.37674e-005
780.95 4.94252e-005
780.955 4.94252e-005
782.25 4.13275e-005
782.4 2.94116e-005
782.45 2.21749e-005
782.5 3.95274e-005
782.75 3.37674e-005
784.25 4.13275e-005
784.4 2.94116e-005
784.45 2.21749e-005
784.5 3.95274e-005
784.75 3.37674e-005
784.95 4.94252e-005
785.255 4.13275e-005
785.405 2.94116e-005
785.455 2.21749e-005
785.505 3.95274e-005
785.755 3.37674e-005
786.25 4.13275e-005
786.4 2.94116e-005
786.45 2.21749e-005
786.5 3.95274e-005
786.75 3.37674e-005
786.95 4.94252e-005
788.25 4.13275e-005
788.4 2.94116e-005
788.45 2.21749e-005
788.5 3.95274e-005
788.75 3.37674e-005
788.95 4.94252e-005
790.25 4.13275e-005
790.255 4.13275e-005
790.4 2.94116e-005
790.405 2.94116e-005
790.45 2.21749e-005
790.455 2.21749e-005
790.5 3.95274e-005
790.505 3.95274e-005
790.75 3.37674e-005
790.755 3.37674e-005
790.955 4.94252e-005
792.25 4.13275e-005
792.4 2.94116e-005
792.45 2.21749e-005
792.5 3.95274e-005
792.75 3.37674e-005
794.25 4.13275e-005
794.4 2.94116e-005
794.45 2.21749e-005
794.5 3.95274e-005
794.75 3.37674e-005
795.255 4.13275e-005
795.405 2.94116e-005
795.455 2.21749e-005
795.505 3.95274e-005
795.755 3.37674e-005
795.955 4.94252e-005
796.25 4.13275e-005
796.4 2.94116e-005
796.45 2.21749e-005
796.5 3.95274e-005
796.75 3.37674e-005
796.95 4.94252e-005
798.25 4.13275e-005
798.4 2.94116e-005
798.45 2.21749e-005
798.5 3.95274e-005
798.75 3.37674e-005
798.95 4.94252e-005
800.25 4.13275e-005
800.255 4.13275e-005
800.4 2.94116e-005
800.405 2.94116e-005
800.45 2.21749e-005
800.455 2.21749e-005
800.5 3.95274e-005
800.505 3.95274e-005
800.75 3.37674e-005
800.755 3.37674e-005
800.955 4.94252e-005
802.25 4.13275e-005
802.4 2.94116e-005
802.45 2.21749e-005
802.5 3.95274e-005
802.75 3.37674e-005
802.95 4.94252e-005
804.25 4.13275e-005
804.4 2.94116e-005
804.45 2.21749e-005
804.5 3.95274e-005
804.75 3.37674e-005
804.95 4.94252e-005
805.255 4.13275e-005
805.405 2.94116e-005
805.455 2.21749e-005
805.505 3.95274e-005
805.755 3.37674e-005
805.955 4.94252e-005
806.25 4.13275e-005
806.4 2.94116e-005
806.45 2.21749e-005
806.5 3.95274e-005
806.75 3.37674e-005
808.25 4.13275e-005
808.4 2.94116e-005
808.45 2.21749e-005
808.5 3.95274e-005
808.75 3.37674e-005
810.25 4.13275e-005
810.255 4.13275e-005
810.4 2.94116e-005
810.405 2.94116e-005
810.45 2.21749e-005
810.455 2.21749e-005
810.5 3.95274e-005
810.505 3.95274e-005
810.75 3.37674e-005
810.755 3.37674e-005
810.955 4.94252e-005
812.25 4.13275e-005
812.4 2.94116e-005
812.45 2.21749e-005
812.5 3.95274e-005
812.75 3.37674e-005
814.25 4.13275e-005
814.4 2.94116e-005
814.45 2.21749e-005
814.5 3.95274e-005
814.75 3.37674e-005
814.95 4.94252e-005
815.255 4.13275e-005
815.405 2.94116e-005
815.455 2.21749e-005
815.505 3.95274e-005
815.755 3.37674e-005
816.25 4.13275e-005
816.4 2.94116e-005
816.45 2.21749e-005
816.5 3.95274e-005
816.75 3.37674e-005
818.25 4.13275e-005
818.4 2.94116e-005
818.45 2.21749e-005
818.5 3.95274e-005
818.75 3.37674e-005
820.25 4.13275e-005
820.255 4.13275e-005
820.4 2.94116e-005
820.405 2.94116e-005
820.45 2.21749e-005
820.455 2.21749e-005
820.5 3.95274e-005
820.505 3.95274e-005
820.75 3.37674e-005
820.755 3.37674e-005
820.95 4.94252e-005
822.25 4.13275e-005
822.4 2.94116e-005
822.45 2.21749e-005
822.5 3.95274e-005
822.75 3.37674e-005
822.95 4.94252e-005
824.4 2.94116e-005
824.45 2.21749e-005
824.5 3.95274e-005
824.75 3.37674e-005
824.95 4.94252e-005
825.255 4.13275e-005
825.405 2.94116e-005
825.455 2.21749e-005
825.505 3.95274e-005
825.755 3.37674e-005
825.955 4.94252e-005
826.25 4.13275e-005
826.4 2.94116e-005
826.45 2.21749e-005
826.5 3.95274e-005
826.75 3.37674e-005
826.95 4.94252e-005
828.25 4.13275e-005
828.4 2.94116e-005
828.45 2.21749e-005
828.5 3.95274e-005
828.75 3.37674e-005
828.95 4.94252e-005
830.25 4.13275e-005
830.255 4.13275e-005
830.4 2.94116e-005
830.405 2.94116e-005
830.45 2.21749e-005
830.455 2.21749e-005
830.5 3.95274e-005
830.505 3.95274e-005
830.75 3.37674e-005
830.755 3.37674e-005
830.95 4.94252e-005
830.955 4.94252e-005
832.25 4.13275e-005
832.4 2.94116e-005
832.45 2.21749e-005
832.5 3.95274e-005
832.75 3.37674e-005
834.25 4.13275e-005
834.4 2.94116e-005
834.45 2.21749e-005
834.5 3.95274e-005
834.75 3.37674e-005
834.95 4.94252e-005
835.255 4.13275e-005
835.405 2.94116e-005
835.455 2.21749e-005
835.505 3.95274e-005
835.755 3.37674e-005
836.4 2.94116e-005
836.45 2.21749e-005
836.5 3.95274e-005
836.75 3.37674e-005
838.25 4.13275e-005
838.4 2.94116e-005
838.45 2.21749e-005
838.5 3.95274e-005
838.75 3.37674e-005
838.95 4.94252e-005
840.25 4.13275e-005
840.255 4.13275e-005
840.4 2.94116e-005
840.405 2.94116e-005
840.45 2.21749e-005
840.455 2.21749e-005
840.5 3.95274e-005
840.505 3.95274e-005
840.75 3.37674e-005
840.755 3.37674e-005
840.95 4.94252e-005
840.955 4.94252e-005
842.25 4.13275e-005
842.4 2.94116e-005
842.45 2.21749e-005
842.5 3.95274e-005
842.75 3.37674e-005
844.25 4.13275e-005
844.4 2.94116e-005
844.45 2.21749e-005
844.5 3.95274e-005
844.75 3.37674e-005
845.255 4.13275e-005
845.405 2.94116e-005
845.455 2.21749e-005
845.505 3.95274e-005
845.755 3.37674e-005
846.25 4.13275e-005
846.4 2.94116e-005
846.45 2.21749e-005
846.5 3.95274e-005
846.75 3.37674e-005
848.25 4.13275e-005
848.4 2.94116e-005
848.45 2.21749e-005
848.5 3.95274e-005
848.75 3.37674e-005
850.25 4.13275e-005
850.255 4.13275e-005
850.4 2.94116e-005
850.405 2.94116e-005
850.45 2.21749e-005
850.455 2.21749e-005
850.5 3.95274e-005
850.505 3.95274e-005
850.75 3.37674e-005
850.755 3.37674e-005
850.955 4.94252e-005
852.25 4.13275e-005
852.4 2.94116e-005
852.45 2.21749e-005
852.5 3.95274e-005
852.75 3.37674e-005
854.25 4.13275e-005
854.4 2.94116e-005
854.45 2.21749e-005
854.5 3.95274e-005
854.75 3.37674e-005
854.95 4.94252e-005
855.255 4.13275e-005
855.405 2.94116e-005
855.455 2.21749e-005
855.505 3.95274e-005
855.755 3.37674e-005
855.955 4.94252e-005
856.4 2.94116e-005
856.45 2.21749e-005
856.5 3.95274e-005
856.75 3.37674e-005
858.25 4.13275e-005
858.4 2.94116e-005
858.45 2.21749e-005
858.5 3.95274e-005
858.75 3.37674e-005
860.25 4.13275e-005
860.255 4.13275e-005
860.4 2.94116e-005
860.405 2.94116e-005
860.45 2.21749e-005
860.455 2.21749e-005
860.5 3.95274e-005
860.505 3.95274e-005
860.75 3.37674e-005
860.755 3.37674e-005
860.955 4.94252e-005
862.25 4.13275e-005
862.4 2.94116e-005
862.45 2.21749e-005
862.5 3.95274e-005
862.75 3.37674e-005
862.95 4.94252e-005
864.25 4.13275e-005
864.4 2.94116e-005
864.45 2.21749e-005
864.5 3.95274e-005
864.75 3.37674e-005
864.95 4.94252e-005
865.255 4.13275e-005
865.405 2.94116e-005
865.455 2.21749e-005
865.505 3.95274e-005
865.755 3.37674e-005
866.25 4.13275e-005
866.4 2.94116e-005
866.45 2.21749e-005
866.5 3.95274e-005
866.75 3.37674e-005
866.95 4.94252e-005
868.25 4.13275e-005
868.4 2.94116e-005
868.45 2.21749e-005
868.5 3.95274e-005
868.75 3.37674e-005
870.25 4.13275e-005
870.255 4.13275e-005
870.4 2.94116e-005
870.405 2.94116e-005
870.45 2.21749e-005
870.455 2.21749e-005
870.5 3.95274e-005
870.505 3.95274e-005
870.75 3.37674e-005
870.755 3.37674e-005
870.955 4.94252e-005
872.25 4.13275e-005
872.4 2.94116e-005
872.45 2.21749e-005
872.5 3.95274e-005
872.75 3.37674e-005
872.95 4.94252e-005
874.25 4.13275e-005
874.4 2.94116e-005
874.45 2.21749e-005
874.5 3.95274e-005
874.75 3.37674e-005
874.95 4.94252e-005
875.255 4.13275e-005
875.405 2.94116e-005
875.455 2.21749e-005
875.505 3.95274e-005
875.755 3.37674e-005
876.25 4.13275e-005
876.4 2.94116e-005
876.45 2.21749e-005
876.5 3.95274e-005
876.75 3.37674e-005
876.95 4.94252e-005
878.25 4.13275e-005
878.4 2.94116e-005
878.45 2.21749e-005
878.5 3.95274e-005
878.75 3.37674e-005
878.95 4.94252e-005
880.25 4.13275e-005
880.255 4.13275e-005
880.4 2.94116e-005
880.405 2.94116e-005
880.45 2.21749e-005
880.455 2.21749e-005
880.5 3.95274e-005
880.505 3.95274e-005
880.75 3.37674e-005
880.755 3.37674e-005
880.955 4.94252e-005
882.25 4.13275e-005
882.4 2.94116e-005
882.45 2.21749e-005
882.5 3.95274e-005
882.75 3.37674e-005
884.4 2.94116e-005
884.45 2.21749e-005
884.5 3.95274e-005
884.75 3.37674e-005
884.95 4.94252e-005
885.255 4.13275e-005
885.405 2.94116e-005
885.455 2.21749e-005
885.505 3.95274e-005
885.755 3.37674e-005
885.955 4.94252e-005
886.25 4.13275e-005
886.4 2.94116e-005
886.45 2.21749e-005
886.5 3.95274e-005
886.75 3.37674e-005
888.25 4.13275e-005
888.4 2.94116e-005
888.45 2.21749e-005
888.5 3.95274e-005
888.75 3.37674e-005
890.255 4.13275e-005
890.4 2.94116e-005
890.405 2.94116e-005
890.45 2.21749e-005
890.455 2.21749e-005
890.5 3.95274e-005
890.505 3.95274e-005
890.75 3.37674e-005
890.755 3.37674e-005
890.95 4.94252e-005
890.955 4.94252e-005
892.25 4.13275e-005
892.4 2.94116e-005
892.45 2.21749e-005
892.5 3.95274e-005
892.75 3.37674e-005
894.25 4.13275e-005
894.4 2.94116e-005
894.45 2.21749e-005
894.5 3.95274e-005
894.75 3.37674e-005
894.95 4.94252e-005
895.255 4.13275e-005
895.405 2.94116e-005
895.455 2.21749e-005
895.505 3.95274e-005
895.755 3.37674e-005
896.25 4.13275e-005
896.4 2.94116e-005
896.45 2.21749e-005
896.5 3.95274e-005
896.75 3.37674e-005
898.25 4.13275e-005
898.4 2.94116e-005
898.45 2.21749e-005
898.5 3.95274e-005
898.75 3.37674e-005
898.95 4.94252e-005
900.25 4.13275e-005
900.255 4.13275e-005
900.4 2.94116e-005
900.405 2.94116e-005
900.45 2.21749e-005
900.455 2.21749e-005
900.5 3.95274e-005
900.505 3.95274e-005
900.75 3.37674e-005
900.755 3.37674e-005
902.25 4.13275e-005
902.4 2.94116e-005
902.45 2.21749e-005
902.5 3.95274e-005
902.75 3.37674e-005
904.25 4.13275e-005
904.4 2.94116e-005
904.45 2.21749e-005
904.5 3.95274e-005
904.75 3.37674e-005
904.95 4.94252e-005
905.255 4.13275e-005
905.405 2.94116e-005
905.455 2.21749e-005
905.505 3.95274e-005
905.755 3.37674e-005
906.25 4.13275e-005
906.4 2.94116e-005
906.45 2.21749e-005
906.5 3.95274e-005
906.75 3.37674e-005
906.95 4.94252e-005
908.25 4.13275e-005
908.4 2.94116e-005
908.45 2.21749e-005
908.5 3.95274e-005
908.75 3.37674e-005
908.95 4.94252e-005
910.25 4.13275e-005
910.255 4.13275e-005
910.4 2.94116e-005
910.405 2.94116e-005
910.45 2.21749e-005
910.455 2.21749e-005
910.5 3.95274e-005
910.505 3.95274e-005
910.75 3.37674e-005
910.755 3.37674e-005
910.95 4.94252e-005
910.955 4.94252e-005
912.25 4.13275e-005
912.4 2.94116e-005
912.45 2.21749e-005
912.5 3.95274e-005
912.75 3.37674e-005
914.25 4.13275e-005
914.4 2.94116e-005
914.45 2.21749e-005
914.5 3.95274e-005
914.75 3.37674e-005
914.95 4.94252e-005
915.255 4.13275e-005
915.405 2.94116e-005
915.455 2.21749e-005
915.505 3.95274e-005
915.755 3.37674e-005
915.955 4.94252e-005
916.25 4.13275e-005
916.4 2.94116e-005
916.45 2.21749e-005
916.5 3.95274e-005
916.75 3.37674e-005
916.95 4.94252e-005
918.25 4.13275e-005
918.4 2.94116e-005
918.45 2.21749e-005
918.5 3.95274e-005
918.75 3.37674e-005
918.95 4.94252e-005
920.25 4.13275e-005
920.255 4.13275e-005
920.4 2.94116e-005
920.405 2.94116e-005
920.45 2.21749e-005
920.455 2.21749e-005
920.5 3.95274e-005
920.505 3.95274e-005
920.75 3.37674e-005
920.755 3.37674e-005
920.95 4.94252e-005
920.955 4.94252e-005
922.25 4.13275e-005
922.4 2.94116e-005
922.45 2.21749e-005
922.5 3.95274e-005
922.75 3.37674e-005
922.95 4.94252e-005
924.25 4.13275e-005
924.4 2.94116e-005
924.45 2.21749e-005
924.5 3.95274e-005
924.75 3.37674e-005
925.255 4.13275e-005
925.405 2.94116e-005
925.455 2.21749e-005
925.505 3.95274e-005
925.755 3.37674e-005
926.4 2.94116e-005
926.45 2.21749e-005
926.5 3.95274e-005
926.75 3.37674e-005
926.95 4.94252e-005
928.25 4.13275e-005
928.4 2.94116e-005
928.45 2.21749e-005
928.5 3.95274e-005
928.75 3.37674e-005
928.95 4.94252e-005
930.25 4.13275e-005
930.255 4.13275e-005
930.4 2.94116e-005
930.405 2.94116e-005
930.45 2.21749e-005
930.455 2.21749e-005
930.5 3.95274e-005
930.505 3.95274e-005
930.75 3.37674e-005
930.755 3.37674e-005
930.955 4.94252e-005
932.25 4.13275e-005
932.4 2.94116e-005
932.45 2.21749e-005
932.5 3.95274e-005
932.75 3.37674e-005
934.25 4.13275e-005
934.4 2.94116e-005
934.45 2.21749e-005
934.5 3.95274e-005
934.75 3.37674e-005
934.95 4.94252e-005
935.255 4.13275e-005
935.405 2.94116e-005
935.455 2.21749e-005
935.505 3.95274e-005
935.755 3.37674e-005
935.955 4.94252e-005
936.25 4.13275e-005
936.4 2.94116e-005
936.45 2.21749e-005
936.5 3.95274e-005
936.75 3.37674e-005
938.25 4.13275e-005
938.4 2.94116e-005
938.45 2.21749e-005
938.5 3.95274e-005
938.75 3.37674e-005
938.95 4.94252e-005
940.25 4.13275e-005
940.255 4.13275e-005
940.4 2.94116e-005
940.405 2.94116e-005
940.45 2.21749e-005
940.455 2.21749e-005
940.5 3.95274e-005
940.505 3.95274e-005
940.75 3.37674e-005
940.755 3.37674e-005
940.955 4.94252e-005
942.25 4.13275e-005
942.4 2.94116e-005
942.45 2.21749e-005
942.5 3.95274e-005
942.75 3.37674e-005
942.95 4.94252e-005
944.25 4.13275e-005
944.4 2.94116e-005
944.45 2.21749e-005
944.5 3.95274e-005
944.75 3.37674e-005
944.95 4.94252e-005
945.255 4.13275e-005
945.405 2.94116e-005
945.455 2.21749e-005
945.505 3.95274e-005
945.755 3.37674e-005
946.25 4.13275e-005
946.4 2.94116e-005
946.45 2.21749e-005
946.5 3.95274e-005
946.75 3.37674e-005
946.95 4.94252e-005
948.25 4.13275e-005
948.4 2.94116e-005
948.45 2.21749e-005
948.5 3.95274e-005
948.75 3.37674e-005
950.25 4.13275e-005
950.255 4.13275e-005
950.4 2.94116e-005
950.405 2.94116e-005
950.45 2.21749e-005
950.455 2.21749e-005
950.5 3.95274e-005
950.505 3.95274e-005
950.75 3.37674e-005
950.755 3.37674e-005
950.955 4.94252e-005
952.25 4.13275e-005
952.4 2.94116e-005
952.45 2.21749e-005
952.5 3.95274e-005
952.75 3.37674e-005
952.95 4.94252e-005
954.4 2.94116e-005
954.45 2.21749e-005
954.5 3.95274e-005
954.75 3.37674e-005
955.255 4.13275e-005
955.405 2.94116e-005
955.455 2.21749e-005
955.505 3.95274e-005
955.755 3.37674e-005
956.25 4.13275e-005
956.4 2.94116e-005
956.45 2.21749e-005
956.5 3.95274e-005
956.75 3.37674e-005
958.25 4.13275e-005
958.4 2.94116e-005
958.45 2.21749e-005
958.5 3.95274e-005
958.75 3.37674e-005
958.95 4.94252e-005
960.25 4.13275e-005
960.255 4.13275e-005
960.4 2.94116e-005
960.405 2.94116e-005
960.45 2.21749e-005
960.455 2.21749e-005
960.5 3.95274e-005
960.505 3.95274e-005
960.75 3.37674e-005
960.755 3.37674e-005
960.955 4.94252e-005
962.25 4.13275e-005
962.4 2.94116e-005
962.45 2.21749e-005
962.5 3.95274e-005
962.75 3.37674e-005
962.95 4.94252e-005
964.25 4.13275e-005
964.4 2.94116e-005
964.45 2.21749e-005
964.5 3.95274e-005
964.75 3.37674e-005
965.255 4.13275e-005
965.405 2.94116e-005
965.455 2.21749e-005
965.505 3.95274e-005
965.755 3.37674e-005
966.25 4.13275e-005
966.4 2.94116e-005
966.45 2.21749e-005
966.5 3.95274e-005
966.75 3.37674e-005
966.95 4.94252e-005
968.25 4.13275e-005
968.4 2.94116e-005
968.45 2.21749e-005
968.5 3.95274e-005
968.75 3.37674e-005
968.95 4.94252e-005
970.25 4.13275e-005
970.255 4.13275e-005
970.4 2.94116e-005
970.405 2.94116e-005
970.45 2.21749e-005
970.455 2.21749e-005
970.5 3.95274e-005
970.505 3.95274e-005
970.75 3.37674e-005
970.755 3.37674e-005
970.955 4.94252e-005
972.25 4.13275e-005
972.4 2.94116e-005
972.45 2.21749e-005
972.5 3.95274e-005
972.75 3.37674e-005
972.95 4.94252e-005
974.25 4.13275e-005
974.4 2.94116e-005
974.45 2.21749e-005
974.5 3.95274e-005
974.75 3.37674e-005
974.95 4.94252e-005
975.255 4.13275e-005
975.405 2.94116e-005
975.455 2.21749e-005
975.505 3.95274e-005
975.755 3.37674e-005
975.955 4.94252e-005
976.4 2.94116e-005
976.45 2.21749e-005
976.5 3.95274e-005
976.75 3.37674e-005
976.95 4.94252e-005
978.25 4.13275e-005
978.4 2.94116e-005
978.45 2.21749e-005
978.5 3.95274e-005
978.75 3.37674e-005
978.95 4.94252e-005
980.25 4.13275e-005
980.255 4.13275e-005
980.4 2.94116e-005
980.405 2.94116e-005
980.45 2.21749e-005
980.455 2.21749e-005
980.5 3.95274e-005
980.505 3.95274e-005
980.75 3.37674e-005
980.755 3.37674e-005
980.955 4.94252e-005
982.25 4.13275e-005
982.4 2.94116e-005
982.45 2.21749e-005
982.5 3.95274e-005
982.75 3.37674e-005
984.25 4.13275e-005
984.4 2.94116e-005
984.45 2.21749e-005
984.5 3.95274e-005
984.75 3.37674e-005
984.95 4.94252e-005
985.255 4.13275e-005
985.405 2.94116e-005
985.455 2.21749e-005
985.505 3.95274e-005
985.755 3.37674e-005
985.955 4.94252e-005
986.25 4.13275e-005
986.4 2.94116e-005
986.45 2.21749e-005
986.5 3.95274e-005
986.75 3.37674e-005
986.95 4.94252e-005
988.25 4.13275e-005
988.4 2.94116e-005
988.45 2.21749e-005
988.5 3.95274e-005
988.75 3.37674e-005
988.95 4.94252e-005
990.25 4.13275e-005
990.255 4.13275e-005
990.4 2.94116e-005
990.405 2.94116e-005
990.45 2.21749e-005
990.455 2.21749e-005
990.5 3.95274e-005
990.505 3.95274e-005
990.75 3.37674e-005
990.755 3.37674e-005
990.95 4.94252e-005
990.955 4.94252e-005
992.25 4.13275e-005
992.4 2.94116e-005
992.45 2.21749e-005
992.5 3.95274e-005
992.75 3.37674e-005
994.25 4.13275e-005
994.4 2.94116e-005
994.45 2.21749e-005
994.5 3.95274e-005
994.75 3.37674e-005
994.95 4.94252e-005
995.255 4.13275e-005
995.405 2.94116e-005
995.455 2.21749e-005
995.505 3.95274e-005
995.755 3.37674e-005
995.955 4.94252e-005
996.25 4.13275e-005
996.4 2.94116e-005
996.45 2.21749e-005
996.5 3.95274e-005
996.75 3.37674e-005
996.95 4.94252e-005
998.25 4.13275e-005
998.4 2.94116e-005
998.45 2.21749e-005
998.5 3.95274e-005
998.75 3.37674e-005
998.95 4.94252e-005
1000.25 4.13275e-005
1000.26 4.13275e-005
1000.4 2.94116e-005
1000.41 2.94116e-005
1000.45 2.21749e-005
1000.46 2.21749e-005
1000.5 3.95274e-005
1000.51 3.95274e-005
1000.75 3.37674e-005
1000.76 3.37674e-005
1000.96 4.94252e-005
1002.25 4.13275e-005
1002.4 2.94116e-005
1002.45 2.21749e-005
1002.5 3.95274e-005
1002.75 3.37674e-005
1002.95 4.94252e-005
1004.25 4.13275e-005
1004.4 2.94116e-005
1004.45 2.21749e-005
1004.5 3.95274e-005
1004.75 3.37674e-005
1005.26 4.13275e-005
1005.41 2.94116e-005
1005.46 2.21749e-005
1005.51 3.95274e-005
1005.76 3.37674e-005
1005.96 4.94252e-005
1006.25 4.13275e-005
1006.4 2.94116e-005
1006.45 2.21749e-005
1006.5 3.95274e-005
1006.75 3.37674e-005
1006.95 4.94252e-005
1008.25 4.13275e-005
1008.4 2.94116e-005
1008.45 2.21749e-005
1008.5 3.95274e-005
1008.75 3.37674e-005
1008.95 4.94252e-005
1010.25 4.13275e-005
1010.26 4.13275e-005
1010.4 2.94116e-005
1010.41 2.94116e-005
1010.45 2.21749e-005
1010.46 2.21749e-005
1010.5 3.95274e-005
1010.51 3.95274e-005
1010.75 3.37674e-005
1010.76 3.37674e-005
1010.95 4.94252e-005
1010.96 4.94252e-005
1012.25 4.13275e-005
1012.4 2.94116e-005
1012.45 2.21749e-005
1012.5 3.95274e-005
1012.75 3.37674e-005
1012.95 4.94252e-005
1014.4 2.94116e-005
1014.45 2.21749e-005
1014.5 3.95274e-005
1014.75 3.37674e-005
1014.95 4.94252e-005
1015.26 4.13275e-005
1015.41 2.94116e-005
1015.46 2.21749e-005
1015.51 3.95274e-005
1015.76 3.37674e-005
1016.25 4.13275e-005
1016.4 2.94116e-005
1016.45 2.21749e-005
1016.75 3.37674e-005
1018.25 4.13275e-005
1018.4 2.94116e-005
1018.45 2.21749e-005
1018.5 3.95274e-005
1018.75 3.37674e-005
1018.95 4.94252e-005
1020.25 4.13275e-005
1020.26 4.13275e-005
1020.4 2.94116e-005
1020.41 2.94116e-005
1020.45 2.21749e-005
1020.46 2.21749e-005
1020.5 3.95274e-005
1020.51 3.95274e-005
1020.75 3.37674e-005
1020.76 3.37674e-005
1020.96 4.94252e-005
1022.25 4.13275e-005
1022.4 2.94116e-005
1022.45 2.21749e-005
1022.5 3.95274e-005
1022.75 3.37674e-005
1024.25 4.13275e-005
1024.4 2.94116e-005
1024.45 2.21749e-005
1024.5 3.95274e-005
1024.75 3.37674e-005
1025.26 4.13275e-005
1025.41 2.94116e-005
1025.46 2.21749e-005
1025.51 3.95274e-005
1025.76 3.37674e-005
1025.96 4.94252e-005
1026.25 4.13275e-005
1026.4 2.94116e-005
1026.45 2.21749e-005
1026.5 3.95274e-005
1026.75 3.37674e-005
1026.95 4.94252e-005
1028.25 4.13275e-005
1028.4 2.94116e-005
1028.45 2.21749e-005
1028.5 3.95274e-005
1028.75 3.37674e-005
1028.95 4.94252e-005
1030.25 4.13275e-005
1030.26 4.13275e-005
1030.4 2.94116e-005
1030.41 2.94116e-005
1030.45 2.21749e-005
1030.46 2.21749e-005
1030.5 3.95274e-005
1030.51 3.95274e-005
1030.75 3.37674e-005
1030.76 3.37674e-005
1030.96 4.94252e-005
1032.25 4.13275e-005
1032.4 2.94116e-005
1032.45 2.21749e-005
1032.5 3.95274e-005
1032.75 3.37674e-005
1032.95 4.94252e-005
1034.25 4.13275e-005
1034.4 2.94116e-005
1034.45 2.21749e-005
1034.5 3.95274e-005
1034.75 3.37674e-005
1034.95 4.94252e-005
1035.26 4.13275e-005
1035.41 2.94116e-005
1035.46 2.21749e-005
1035.51 3.95274e-005
1035.76 3.37674e-005
1035.96 4.94252e-005
1036.25 4.13275e-005
1036.4 2.94116e-005
1036.45 2.21749e-005
1036.5 3.95274e-005
1036.75 3.37674e-005
1036.95 4.94252e-005
1038.25 4.13275e-005
1038.4 2.94116e-005
1038.45 2.21749e-005
1038.5 3.95274e-005
1038.75 3.37674e-005
1038.95 4.94252e-005
1040.25 4.13275e-005
1040.26 4.13275e-005
1040.4 2.94116e-005
1040.41 2.94116e-005
1040.45 2.21749e-005
1040.46 2.21749e-005
1040.5 3.95274e-005
1040.51 3.95274e-005
1040.75 3.37674e-005
1040.76 3.37674e-005
1040.96 4.94252e-005
1042.25 4.13275e-005
1042.4 2.94116e-005
1042.45 2.21749e-005
1042.5 3.95274e-005
1042.75 3.37674e-005
1044.25 4.13275e-005
1044.4 2.94116e-005
1044.45 2.21749e-005
1044.5 3.95274e-005
1044.75 3.37674e-005
1044.95 4.94252e-005
1045.26 4.13275e-005
1045.41 2.94116e-005
1045.46 2.21749e-005
1045.51 3.95274e-005
1045.76 3.37674e-005
1046.25 4.13275e-005
1046.4 2.94116e-005
1046.45 2.21749e-005
1046.5 3.95274e-005
1046.75 3.37674e-005
1048.25 4.13275e-005
1048.4 2.94116e-005
1048.45 2.21749e-005
1048.5 3.95274e-005
1048.75 3.37674e-005
1048.95 4.94252e-005
1050.25 4.13275e-005
1050.26 4.13275e-005
1050.4 2.94116e-005
1050.41 2.94116e-005
1050.45 2.21749e-005
1050.46 2.21749e-005
1050.5 3.95274e-005
1050.51 3.95274e-005
1050.75 3.37674e-005
1050.76 3.37674e-005
1050.95 4.94252e-005
1050.96 4.94252e-005
1052.25 4.13275e-005
1052.4 2.94116e-005
1052.45 2.21749e-005
1052.5 3.95274e-005
1052.75 3.37674e-005
1054.25 4.13275e-005
1054.4 2.94116e-005
1054.45 2.21749e-005
1054.5 3.95274e-005
1054.75 3.37674e-005
1054.95 4.94252e-005
1055.26 4.13275e-005
1055.41 2.94116e-005
1055.46 2.21749e-005
1055.51 3.95274e-005
1055.76 3.37674e-005
1056.25 4.13275e-005
1056.4 2.94116e-005
1056.45 2.21749e-005
1056.5 3.95274e-005
1056.75 3.37674e-005
1058.25 4.13275e-005
1058.4 2.94116e-005
1058.45 2.21749e-005
1058.5 3.95274e-005
1058.75 3.37674e-005
1060.25 4.13275e-005
1060.26 4.13275e-005
1060.4 2.94116e-005
1060.41 2.94116e-005
1060.45 2.21749e-005
1060.46 2.21749e-005
1060.5 3.95274e-005
1060.51 3.95274e-005
1060.75 3.37674e-005
1060.76 3.37674e-005
1060.96 4.94252e-005
1062.25 4.13275e-005
1062.4 2.94116e-005
1062.45 2.21749e-005
1062.5 3.95274e-005
1062.75 3.37674e-005
1064.25 4.13275e-005
1064.4 2.94116e-005
1064.45 2.21749e-005
1064.5 3.95274e-005
1064.75 3.37674e-005
1064.95 4.94252e-005
1065.26 4.13275e-005
1065.41 2.94116e-005
1065.46 2.21749e-005
1065.51 3.95274e-005
1065.76 3.37674e-005
1066.25 4.13275e-005
1066.4 2.94116e-005
1066.45 2.21749e-005
1066.5 3.95274e-005
1066.75 3.37674e-005
1068.25 4.13275e-005
1068.4 2.94116e-005
1068.45 2.21749e-005
1068.5 3.95274e-005
1068.75 3.37674e-005
1070.25 4.13275e-005
1070.26 4.13275e-005
1070.4 2.94116e-005
1070.41 2.94116e-005
1070.45 2.21749e-005
1070.46 2.21749e-005
1070.5 3.95274e-005
1070.51 3.95274e-005
1070.75 3.37674e-005
1070.76 3.37674e-005
1070.96 4.94252e-005
1072.25 4.13275e-005
1072.4 2.94116e-005
1072.45 2.21749e-005
1072.5 3.95274e-005
1072.75 3.37674e-005
1072.95 4.94252e-005
1074.25 4.13275e-005
1074.4 2.94116e-005
1074.45 2.21749e-005
1074.5 3.95274e-005
1074.75 3.37674e-005
1074.95 4.94252e-005
1075.26 4.13275e-005
1075.41 2.94116e-005
1075.46 2.21749e-005
1075.51 3.95274e-005
1075.76 3.37674e-005
1075.96 4.94252e-005
1076.25 4.13275e-005
1076.4 2.94116e-005
1076.45 2.21749e-005
1076.5 3.95274e-005
1076.75 3.37674e-005
1076.95 4.94252e-005
1078.4 2.94116e-005
1078.45 2.21749e-005
1078.5 3.95274e-005
1078.75 3.37674e-005
1080.25 4.13275e-005
1080.26 4.13275e-005
1080.4 2.94116e-005
1080.41 2.94116e-005
1080.45 2.21749e-005
1080.46 2.21749e-005
1080.5 3.95274e-005
1080.51 3.95274e-005
1080.75 3.37674e-005
1080.76 3.37674e-005
1080.95 4.94252e-005
1082.25 4.13275e-005
1082.4 2.94116e-005
1082.45 2.21749e-005
1082.5 3.95274e-005
1082.75 3.37674e-005
1084.25 4.13275e-005
1084.4 2.94116e-005
1084.45 2.21749e-005
1084.5 3.95274e-005
1084.75 3.37674e-005
1084.95 4.94252e-005
1085.26 4.13275e-005
1085.41 2.94116e-005
1085.46 2.21749e-005
1085.51 3.95274e-005
1085.76 3.37674e-005
1086.25 4.13275e-005
1086.4 2.94116e-005
1086.45 2.21749e-005
1086.5 3.95274e-005
1086.75 3.37674e-005
1086.95 4.94252e-005
1088.25 4.13275e-005
1088.4 2.94116e-005
1088.45 2.21749e-005
1088.5 3.95274e-005
1088.75 3.37674e-005
1088.95 4.94252e-005
1090.25 4.13275e-005
1090.26 4.13275e-005
1090.4 2.94116e-005
1090.41 2.94116e-005
1090.45 2.21749e-005
1090.46 2.21749e-005
1090.5 3.95274e-005
1090.51 3.95274e-005
1090.75 3.37674e-005
1090.76 3.37674e-005
1090.96 4.94252e-005
1092.25 4.13275e-005
1092.4 2.94116e-005
1092.45 2.21749e-005
1092.5 3.95274e-005
1092.75 3.37674e-005
1092.95 4.94252e-005
1094.25 4.13275e-005
1094.4 2.94116e-005
1094.45 2.21749e-005
1094.5 3.95274e-005
1094.75 3.37674e-005
1094.95 4.94252e-005
1095.26 4.13275e-005
1095.41 2.94116e-005
1095.46 2.21749e-005
1095.51 3.95274e-005
1095.76 3.37674e-005
1096.25 4.13275e-005
1096.4 2.94116e-005
1096.45 2.21749e-005
1096.5 3.95274e-005
1096.75 3.37674e-005
1096.95 4.94252e-005
1098.25 4.13275e-005
1098.4 2.94116e-005
1098.45 2.21749e-005
1098.5 3.95274e-005
1098.75 3.37674e-005
1098.95 4.94252e-005
1100.25 4.13275e-005
1100.26 4.13275e-005
1100.4 2.94116e-005
1100.41 2.94116e-005
1100.45 2.21749e-005
1100.46 2.21749e-005
1100.5 3.95274e-005
1100.51 3.95274e-005
1100.75 3.37674e-005
1100.76 3.37674e-005
1100.96 4.94252e-005
1102.25 4.13275e-005
1102.4 2.94116e-005
1102.45 2.21749e-005
1102.5 3.95274e-005
1102.75 3.37674e-005
1104.25 4.13275e-005
1104.4 2.94116e-005
1104.45 2.21749e-005
1104.5 3.95274e-005
1104.75 3.37674e-005
1104.95 4.94252e-005
1105.26 4.13275e-005
1105.41 2.94116e-005
1105.46 2.21749e-005
1105.51 3.95274e-005
1105.76 3.37674e-005
1105.96 4.94252e-005
1106.25 4.13275e-005
1106.4 2.94116e-005
1106.45 2.21749e-005
1106.5 3.95274e-005
1106.75 3.37674e-005
1108.25 4.13275e-005
1108.4 2.94116e-005
1108.45 2.21749e-005
1108.5 3.95274e-005
1108.75 3.37674e-005
1108.95 4.94252e-005
1110.25 4.13275e-005
1110.26 4.13275e-005
1110.4 2.94116e-005
1110.41 2.94116e-005
1110.45 2.21749e-005
1110.46 2.21749e-005
1110.5 3.95274e-005
1110.51 3.95274e-005
1110.75 3.37674e-005
1110.76 3.37674e-005
1110.95 4.94252e-005
1110.96 4.94252e-005
1112.25 4.13275e-005
1112.4 2.94116e-005
1112.45 2.21749e-005
1112.5 3.95274e-005
1112.75 3.37674e-005
1112.95 4.94252e-005
1114.4 2.94116e-005
1114.45 2.21749e-005
1114.5 3.95274e-005
1114.75 3.37674e-005
1114.95 4.94252e-005
1115.26 4.13275e-005
1115.41 2.94116e-005
1115.46 2.21749e-005
1115.51 3.95274e-005
1115.76 3.37674e-005
1115.96 4.94252e-005
1116.25 4.13275e-005
1116.4 2.94116e-005
1116.45 2.21749e-005
1116.5 3.95274e-005
1116.75 3.37674e-005
1118.25 4.13275e-005
1118.4 2.94116e-005
1118.45 2.21749e-005
1118.5 3.95274e-005
1118.75 3.37674e-005
1118.95 4.94252e-005
1120.25 4.13275e-005
1120.26 4.13275e-005
1120.4 2.94116e-005
1120.41 2.94116e-005
1120.45 2.21749e-005
1120.46 2.21749e-005
1120.5 3.95274e-005
1120.51 3.95274e-005
1120.75 3.37674e-005
1120.76 3.37674e-005
1120.95 4.94252e-005
1120.96 4.94252e-005
1122.25 4.13275e-005
1122.4 2.94116e-005
1122.45 2.21749e-005
1122.5 3.95274e-005
1122.75 3.37674e-005
1122.95 4.94252e-005
1124.25 4.13275e-005
1124.4 2.94116e-005
1124.45 2.21749e-005
1124.5 3.95274e-005
1124.75 3.37674e-005
1124.95 4.94252e-005
1125.26 4.13275e-005
1125.41 2.94116e-005
1125.46 2.21749e-005
1125.51 3.95274e-005
1125.76 3.37674e-005
1126.25 4.13275e-005
1126.4 2.94116e-005
1126.45 2.21749e-005
1126.5 3.95274e-005
1126.75 3.37674e-005
1126.95 4.94252e-005
1128.25 4.13275e-005
1128.4 2.94116e-005
1128.45 2.21749e-005
1128.5 3.95274e-005
1128.75 3.37674e-005
1128.95 4.94252e-005
1130.25 4.13275e-005
1130.26 4.13275e-005
1130.4 2.94116e-005
1130.41 2.94116e-005
1130.45 2.21749e-005
1130.46 2.21749e-005
1130.5 3.95274e-005
1130.51 3.95274e-005
1130.75 3.37674e-005
1130.76 3.37674e-005
1130.96 4.94252e-005
1132.25 4.13275e-005
1132.4 2.94116e-005
1132.45 2.21749e-005
1132.5 3.95274e-005
1132.75 3.37674e-005
1134.25 4.13275e-005
1134.4 2.94116e-005
1134.45 2.21749e-005
1134.75 3.37674e-005
1135.26 4.13275e-005
1135.41 2.94116e-005
1135.46 2.21749e-005
1135.51 3.95274e-005
1135.76 3.37674e-005
1135.96 4.94252e-005
1136.25 4.13275e-005
1136.4 2.94116e-005
1136.45 2.21749e-005
1136.5 3.95274e-005
1136.75 3.37674e-005
1136.95 4.94252e-005
1138.25 4.13275e-005
1138.4 2.94116e-005
1138.45 2.21749e-005
1138.5 3.95274e-005
1138.75 3.37674e-005
1140.25 4.13275e-005
1140.26 4.13275e-005
1140.4 2.94116e-005
1140.41 2.94116e-005
1140.45 2.21749e-005
1140.46 2.21749e-005
1140.5 3.95274e-005
1140.51 3.95274e-005
1140.75 3.37674e-005
1140.76 3.37674e-005
1140.95 4.94252e-005
1140.96 4.94252e-005
1142.25 4.13275e-005
1142.4 2.94116e-005
1142.45 2.21749e-005
1142.5 3.95274e-005
1142.75 3.37674e-005
1144.25 4.13275e-005
1144.4 2.94116e-005
1144.45 2.21749e-005
1144.5 3.95274e-005
1144.75 3.37674e-005
1144.95 4.94252e-005
1145.26 4.13275e-005
1145.41 2.94116e-005
1145.46 2.21749e-005
1145.51 3.95274e-005
1145.76 3.37674e-005
1146.25 4.13275e-005
1146.4 2.94116e-005
1146.45 2.21749e-005
1146.5 3.95274e-005
1146.75 3.37674e-005
1146.95 4.94252e-005
1148.25 4.13275e-005
1148.4 2.94116e-005
1148.45 2.21749e-005
1148.5 3.95274e-005
1148.75 3.37674e-005
1148.95 4.94252e-005
1150.25 4.13275e-005
1150.26 4.13275e-005
1150.4 2.94116e-005
1150.41 2.94116e-005
1150.45 2.21749e-005
1150.46 2.21749e-005
1150.5 3.95274e-005
1150.51 3.95274e-005
1150.75 3.37674e-005
1150.76 3.37674e-005
1150.96 4.94252e-005
1152.25 4.13275e-005
1152.4 2.94116e-005
1152.45 2.21749e-005
1152.5 3.95274e-005
1152.75 3.37674e-005
1154.25 4.13275e-005
1154.4 2.94116e-005
1154.45 2.21749e-005
1154.5 3.95274e-005
1154.75 3.37674e-005
1154.95 4.94252e-005
1155.26 4.13275e-005
1155.41 2.94116e-005
1155.46 2.21749e-005
1155.51 3.95274e-005
1155.76 3.37674e-005
1156.25 4.13275e-005
1156.4 2.94116e-005
1156.45 2.21749e-005
1156.5 3.95274e-005
1156.75 3.37674e-005
1156.95 4.94252e-005
1158.25 4.13275e-005
1158.4 2.94116e-005
1158.45 2.21749e-005
1158.5 3.95274e-005
1158.75 3.37674e-005
1160.25 4.13275e-005
1160.26 4.13275e-005
1160.4 2.94116e-005
1160.41 2.94116e-005
1160.45 2.21749e-005
1160.46 2.21749e-005
1160.5 3.95274e-005
1160.51 3.95274e-005
1160.75 3.37674e-005
1160.76 3.37674e-005
1160.96 4.94252e-005
1162.25 4.13275e-005
1162.4 2.94116e-005
1162.45 2.21749e-005
1162.5 3.95274e-005
1162.75 3.37674e-005
1164.25 4.13275e-005
1164.4 2.94116e-005
1164.45 2.21749e-005
1164.5 3.95274e-005
1164.75 3.37674e-005
1164.95 4.94252e-005
1165.26 4.13275e-005
1165.41 2.94116e-005
1165.46 2.21749e-005
1165.51 3.95274e-005
1165.76 3.37674e-005
1165.96 4.94252e-005
1166.25 4.13275e-005
1166.4 2.94116e-005
1166.45 2.21749e-005
1166.5 3.95274e-005
1166.75 3.37674e-005
1166.95 4.94252e-005
1168.25 4.13275e-005
1168.4 2.94116e-005
1168.45 2.21749e-005
1168.5 3.95274e-005
1168.75 3.37674e-005
1168.95 4.94252e-005
1170.25 4.13275e-005
1170.26 4.13275e-005
1170.4 2.94116e-005
1170.41 2.94116e-005
1170.45 2.21749e-005
1170.46 2.21749e-005
1170.5 3.95274e-005
1170.51 3.95274e-005
1170.75 3.37674e-005
1170.76 3.37674e-005
1170.95 4.94252e-005
1172.25 4.13275e-005
1172.4 2.94116e-005
1172.45 2.21749e-005
1172.5 3.95274e-005
1172.75 3.37674e-005
1172.95 4.94252e-005
1174.4 2.94116e-005
1174.45 2.21749e-005
1174.5 3.95274e-005
1174.75 3.37674e-005
1174.95 4.94252e-005
1175.26 4.13275e-005
1175.41 2.94116e-005
1175.46 2.21749e-005
1175.51 3.95274e-005
1175.76 3.37674e-005
1175.96 4.94252e-005
1176.25 4.13275e-005
1176.4 2.94116e-005
1176.45 2.21749e-005
1176.5 3.95274e-005
1176.75 3.37674e-005
1176.95 4.94252e-005
1178.25 4.13275e-005
1178.4 2.94116e-005
1178.45 2.21749e-005
1178.5 3.95274e-005
1178.75 3.37674e-005
1178.95 4.94252e-005
1180.25 4.13275e-005
1180.26 4.13275e-005
1180.4 2.94116e-005
1180.41 2.94116e-005
1180.45 2.21749e-005
1180.46 2.21749e-005
1180.5 3.95274e-005
1180.51 3.95274e-005
1180.75 3.37674e-005
1180.76 3.37674e-005
1180.95 4.94252e-005
1180.96 4.94252e-005
1182.25 4.13275e-005
1182.4 2.94116e-005
1182.45 2.21749e-005
1182.5 3.95274e-005
1182.75 3.37674e-005
1182.95 4.94252e-005
1184.4 2.94116e-005
1184.45 2.21749e-005
1184.5 3.95274e-005
1184.75 3.37674e-005
1184.95 4.94252e-005
1185.26 4.13275e-005
1185.41 2.94116e-005
1185.46 2.21749e-005
1185.51 3.95274e-005
1185.76 3.37674e-005
1185.96 4.94252e-005
1186.25 4.13275e-005
1186.4 2.94116e-005
1186.45 2.21749e-005
1186.5 3.95274e-005
1186.75 3.37674e-005
1186.95 4.94252e-005
1188.25 4.13275e-005
1188.4 2.94116e-005
1188.45 2.21749e-005
1188.5 3.95274e-005
1188.75 3.37674e-005
1188.95 4.94252e-005
1190.25 4.13275e-005
1190.26 4.13275e-005
1190.4 2.94116e-005
1190.41 2.94116e-005
1190.45 2.21749e-005
1190.46 2.21749e-005
1190.5 3.95274e-005
1190.51 3.95274e-005
1190.75 3.37674e-005
1190.76 3.37674e-005
1192.4 2.94116e-005
1192.45 2.21749e-005
1192.5 3.95274e-005
1192.75 3.37674e-005
1194.25 4.13275e-005
1194.4 2.94116e-005
1194.45 2.21749e-005
1194.5 3.95274e-005
1194.75 3.37674e-005
1194.95 4.94252e-005
1195.26 4.13275e-005
1195.41 2.94116e-005
1195.46 2.21749e-005
1195.51 3.95274e-005
1195.76 3.37674e-005
1196.25 4.13275e-005
1196.4 2.94116e-005
1196.45 2.21749e-005
1196.5 3.95274e-005
1196.75 3.37674e-005
1198.25 4.13275e-005
1198.4 2.94116e-005
1198.45 2.21749e-005
1198.5 3.95274e-005
1198.75 3.37674e-005
