0.650061 4.84715e-005
0.65505 4.84627e-005
0.700055 4.5154e-005
0.705046 4.51477e-005
0.850043 3.37031e-005
0.855035 3.3709e-005
0.950041 3.2518e-005
0.955034 3.25179e-005
2.65006 4.49695e-005
2.70006 4.31828e-005
2.85005 3.61668e-005
2.95004 3.26655e-005
4.65006 4.1478e-005
4.70006 4.23594e-005
4.85005 3.87878e-005
4.95004 3.32459e-005
5.45506 5.11776e-005
5.65505 3.97283e-005
5.70505 4.24036e-005
5.85504 4.01545e-005
5.95503 3.36947e-005
6.45007 4.89713e-005
6.65011 3.79997e-005
6.70007 4.27501e-005
6.85006 4.15363e-005
6.95004 3.42374e-005
8.65005 3.4539e-005
8.7001 4.43228e-005
8.95005 3.56056e-005
10.4551 4.55201e-005
10.6501 3.6988e-005
10.655 3.70248e-005
10.7001 4.31149e-005
10.705 4.30977e-005
10.8051 5.29767e-005
10.855 4.85087e-005
10.95 3.16414e-005
10.955 3.16162e-005
12.7001 4.00126e-005
12.95 2.18443e-005
14.95 1.34004e-005
15.7051 4.9864e-005
15.955 1.07469e-005
16.95 1.04103e-005
18.95 1.62351e-005
20.95 2.10025e-005
20.955 2.1008e-005
22.95 2.65343e-005
24.95 3.61684e-005
25.955 4.1719e-005
30.6551 4.81388e-005
30.8501 4.47022e-005
30.8551 4.46549e-005
32.6501 5.07552e-005
32.8501 3.04616e-005
34.85 3.38273e-005
34.9501 4.18989e-005
35.4551 5.09893e-005
35.7551 5.30904e-005
35.8551 4.16991e-005
35.955 3.85135e-005
36.95 3.60347e-005
38.4001 4.91609e-005
38.7001 4.38655e-005
38.7501 3.63034e-005
38.95 3.43819e-005
40.4001 5.16943e-005
40.4051 5.17097e-005
40.7001 3.98704e-005
40.705 3.98937e-005
40.75 3.45628e-005
40.755 3.45981e-005
40.95 3.08262e-005
40.955 3.08023e-005
42.7001 4.93139e-005
42.95 2.1745e-005
44.95 1.49926e-005
45.955 1.3664e-005
46.95 1.43549e-005
48.95 2.04131e-005
50.95 2.57218e-005
50.955 2.57271e-005
52.8501 4.81713e-005
52.95 2.83935e-005
54.8501 4.45499e-005
54.95 3.20219e-005
55.855 4.39717e-005
55.955 3.41135e-005
56.9501 3.63215e-005
58.8501 4.74058e-005
58.9501 4.1082e-005
60.8501 4.50558e-005
60.8551 4.50241e-005
60.95 3.92297e-005
60.955 3.92067e-005
62.8501 3.25952e-005
62.95 3.07096e-005
64.7001 4.129e-005
64.85 2.15618e-005
64.95 2.45227e-005
65.7051 3.60579e-005
65.8551 1.74455e-005
65.955 2.2926e-005
66.7001 3.12543e-005
66.85 1.54088e-005
66.95 2.26675e-005
68.6001 5.21266e-005
68.7 2.36558e-005
68.85 1.94937e-005
68.95 2.60853e-005
70.4501 4.36116e-005
70.455 4.36379e-005
70.6001 4.81538e-005
70.6051 4.81811e-005
70.7001 2.24409e-005
70.705 2.2453e-005
70.8501 2.42508e-005
70.855 2.42462e-005
70.95 2.47201e-005
70.955 2.46951e-005
72.7001 3.07998e-005
72.85 2.26408e-005
72.95 1.47501e-005
74.7001 4.29828e-005
74.85 2.16337e-005
74.95 5.34737e-006
75.855 2.1384e-005
75.955 3.29453e-006
76.85 2.1315e-005
76.95 6.64617e-006
78.85 2.17151e-005
78.95 1.62572e-005
80.85 2.22748e-005
80.855 2.22751e-005
80.95 1.44055e-005
80.955 1.43697e-005
82.85 2.25072e-005
82.95 6.98373e-006
84.7001 4.22884e-005
84.7501 5.12547e-005
84.85 2.3004e-005
84.95 2.0012e-005
85.4551 5.13615e-005
85.7051 3.59621e-005
85.755 4.76989e-005
85.855 2.33485e-005
85.955 2.77472e-005
86.4501 4.31392e-005
86.7001 3.1232e-005
86.7501 4.41783e-005
86.85 2.37487e-005
86.95 3.55336e-005
88.4501 2.66251e-005
88.6001 5.32595e-005
88.7001 2.92423e-005
88.7501 3.7102e-005
88.8501 2.47189e-005
88.9501 5.13347e-005
90.45 1.60048e-005
90.455 1.60285e-005
90.6051 4.93357e-005
90.6551 4.49048e-005
90.7001 3.14556e-005
90.705 3.14397e-005
90.7501 3.72137e-005
90.755 3.72451e-005
90.8501 2.58829e-005
90.855 2.5886e-005
92.4501 2.55953e-005
92.6001 4.81064e-005
92.6501 4.20263e-005
92.7001 2.70389e-005
92.7501 5.06832e-005
92.85 2.71838e-005
94.4501 3.5253e-005
94.6001 4.74962e-005
94.6501 3.91523e-005
94.7 2.76069e-005
94.85 2.85994e-005
95.455 4.01162e-005
95.6051 4.74332e-005
95.6551 3.77133e-005
95.705 2.97824e-005
95.8551 2.93488e-005
96.6001 4.75328e-005
96.6501 3.62926e-005
96.7001 3.29027e-005
96.8501 3.01134e-005
98.6501 3.34511e-005
98.7001 4.11392e-005
98.8501 3.17116e-005
100.605 5.0132e-005
100.65 3.4157e-005
100.655 3.41779e-005
100.7 4.71246e-005
100.705 4.71229e-005
100.85 3.26409e-005
100.855 3.26413e-005
102.65 4.33462e-005
102.7 4.64761e-005
102.85 3.33346e-005
104.7 4.59125e-005
104.85 3.50169e-005
105.705 4.56623e-005
105.855 3.61952e-005
106.7 4.54369e-005
106.85 3.75552e-005
108.7 4.50522e-005
108.85 4.079e-005
110.7 4.5099e-005
110.705 4.51009e-005
110.85 4.22107e-005
110.855 4.22067e-005
112.8 4.82635e-005
112.85 4.05805e-005
114.7 4.72273e-005
114.8 4.40913e-005
114.85 3.89577e-005
115.705 4.79415e-005
115.805 4.26764e-005
115.855 3.81454e-005
116.8 4.17901e-005
116.85 3.73433e-005
118.85 3.57385e-005
120.8 4.11366e-005
120.805 4.11273e-005
120.85 3.3039e-005
120.855 3.30293e-005
122.8 3.73995e-005
122.85 2.97925e-005
124.8 3.38296e-005
124.85 2.82223e-005
125.805 3.21165e-005
125.855 2.81664e-005
126.65 4.60419e-005
126.8 3.04857e-005
126.85 2.8606e-005
128.65 3.63649e-005
128.8 2.74506e-005
128.85 3.08708e-005
128.95 4.67618e-005
130.4 4.55943e-005
130.405 4.55922e-005
130.6 3.96395e-005
130.605 3.96394e-005
130.65 3.27617e-005
130.655 3.27703e-005
130.8 2.58638e-005
130.805 2.58646e-005
130.85 3.3174e-005
130.855 3.31758e-005
130.95 4.37877e-005
130.955 4.37997e-005
132.6 3.95874e-005
132.65 3.65201e-005
132.8 2.66812e-005
132.85 3.39522e-005
134.4 4.56405e-005
134.6 3.95366e-005
134.65 4.0762e-005
134.8 2.84388e-005
134.85 3.48679e-005
135.405 4.61963e-005
135.655 4.30317e-005
135.805 2.96279e-005
135.855 3.53767e-005
136.4 4.6951e-005
136.6 3.94872e-005
136.8 3.09771e-005
136.85 3.59106e-005
138.4 4.90429e-005
138.6 3.94393e-005
138.8 3.41222e-005
138.85 3.70697e-005
140.4 5.12562e-005
140.405 5.12567e-005
140.6 4.19655e-005
140.605 4.19877e-005
140.8 4.12882e-005
140.805 4.1321e-005
140.85 3.65382e-005
140.855 3.65329e-005
142.4 5.14636e-005
142.85 3.6373e-005
144.4 5.16823e-005
144.45 4.50624e-005
144.7 4.69312e-005
144.85 3.99994e-005
145.455 3.89441e-005
145.705 4.3111e-005
145.855 4.29909e-005
146.45 3.29192e-005
146.7 3.93485e-005
146.85 4.65393e-005
146.95 5.21002e-005
148.4 5.21533e-005
148.45 2.10202e-005
148.7 3.18731e-005
148.95 4.56682e-005
150.45 1.39646e-005
150.455 1.39879e-005
150.7 2.80311e-005
150.705 2.80392e-005
150.95 3.72186e-005
150.955 3.71917e-005
152.45 2.83997e-005
152.7 3.2806e-005
152.85 5.04934e-005
152.95 2.64458e-005
154.45 4.60557e-005
154.7 3.97865e-005
154.85 4.51284e-005
154.95 1.57209e-005
155.705 4.3809e-005
155.855 4.31048e-005
155.955 1.03968e-005
156.7 4.80203e-005
156.85 4.16348e-005
156.95 5.34156e-006
158.85 4.04999e-005
158.95 6.59792e-006
160.855 4.57703e-005
160.95 1.2279e-005
160.955 1.22808e-005
162.95 1.34455e-005
164.95 1.53226e-005
165.955 1.64614e-005
166.95 1.76856e-005
168.95 2.03659e-005
170.95 2.21242e-005
170.955 2.21271e-005
172.95 2.44974e-005
174.95 2.87714e-005
175.955 3.14066e-005
176.95 3.42416e-005
178.95 4.04254e-005
180.65 4.65428e-005
180.655 4.65414e-005
180.95 4.18308e-005
180.955 4.18204e-005
182.65 4.6504e-005
182.85 4.92488e-005
182.95 3.79652e-005
184.85 4.76658e-005
184.95 3.47899e-005
185.655 4.84132e-005
185.955 3.35183e-005
186.65 4.95301e-005
186.85 4.98068e-005
186.95 3.25075e-005
188.65 5.24161e-005
188.95 3.13139e-005
190.95 3.117e-005
190.955 3.117e-005
192.95 3.117e-005
194.95 3.117e-005
195.955 3.117e-005
196.95 3.117e-005
198.95 3.117e-005
200.95 3.117e-005
200.955 3.117e-005
202.95 3.117e-005
204.95 3.117e-005
205.955 3.117e-005
206.95 3.117e-005
208.95 3.117e-005
210.95 3.117e-005
210.955 3.117e-005
212.95 3.117e-005
214.95 3.117e-005
215.955 3.117e-005
216.95 3.117e-005
218.95 3.117e-005
220.95 3.117e-005
220.955 3.117e-005
222.95 3.117e-005
224.95 3.117e-005
225.955 3.117e-005
226.95 3.117e-005
228.95 3.117e-005
230.95 3.117e-005
230.955 3.117e-005
232.95 3.117e-005
234.95 3.117e-005
235.955 3.117e-005
236.95 3.117e-005
238.95 3.117e-005
240.95 3.117e-005
240.955 3.117e-005
242.95 3.117e-005
244.95 3.117e-005
245.955 3.117e-005
246.95 3.117e-005
248.95 3.117e-005
250.95 3.117e-005
250.955 3.117e-005
252.95 3.117e-005
254.95 3.117e-005
255.955 3.117e-005
256.95 3.117e-005
258.95 3.117e-005
260.95 3.117e-005
260.955 3.117e-005
262.95 3.117e-005
264.95 3.117e-005
265.955 3.117e-005
266.95 3.117e-005
268.95 3.117e-005
270.95 3.117e-005
270.955 3.117e-005
272.95 3.117e-005
274.95 3.117e-005
275.955 3.117e-005
276.95 3.117e-005
278.95 3.117e-005
280.95 3.117e-005
280.955 3.117e-005
282.95 3.117e-005
284.95 3.117e-005
285.955 3.117e-005
286.95 3.117e-005
288.95 3.117e-005
290.95 3.117e-005
290.955 3.117e-005
292.95 3.117e-005
294.95 3.117e-005
295.955 3.117e-005
296.95 3.117e-005
298.95 3.117e-005
300.95 3.117e-005
300.955 3.117e-005
302.95 3.117e-005
304.95 3.117e-005
305.955 3.117e-005
306.95 3.117e-005
308.95 3.117e-005
310.95 3.117e-005
310.955 3.117e-005
312.95 3.117e-005
314.95 3.117e-005
315.955 3.117e-005
316.95 3.117e-005
318.95 3.117e-005
320.95 3.117e-005
320.955 3.117e-005
322.95 3.117e-005
324.95 3.117e-005
325.955 3.117e-005
326.95 3.117e-005
328.95 3.117e-005
330.95 3.117e-005
330.955 3.117e-005
332.95 3.117e-005
334.95 3.117e-005
335.955 3.117e-005
336.95 3.117e-005
338.95 3.117e-005
340.95 3.117e-005
340.955 3.117e-005
342.95 3.117e-005
344.95 3.117e-005
345.955 3.117e-005
346.95 3.117e-005
348.95 3.117e-005
350.95 3.117e-005
350.955 3.117e-005
352.95 3.117e-005
354.95 3.117e-005
355.955 3.117e-005
356.95 3.117e-005
358.95 3.117e-005
360.95 3.117e-005
360.955 3.117e-005
362.95 3.117e-005
364.95 3.117e-005
365.955 3.117e-005
366.95 3.117e-005
368.95 3.117e-005
370.95 3.117e-005
370.955 3.117e-005
372.95 3.117e-005
374.95 3.117e-005
375.955 3.117e-005
376.95 3.117e-005
378.95 3.117e-005
380.95 3.117e-005
380.955 3.117e-005
382.95 3.117e-005
384.95 3.117e-005
385.955 3.117e-005
386.95 3.117e-005
388.95 3.117e-005
390.95 3.117e-005
390.955 3.117e-005
392.95 3.117e-005
394.95 3.117e-005
395.955 3.117e-005
396.95 3.117e-005
398.95 3.117e-005
400.95 3.117e-005
400.955 3.117e-005
402.95 3.117e-005
404.95 3.117e-005
405.955 3.117e-005
406.95 3.117e-005
408.95 3.117e-005
410.95 3.117e-005
410.955 3.117e-005
412.95 3.117e-005
414.95 3.117e-005
415.955 3.117e-005
416.95 3.117e-005
418.95 3.117e-005
420.95 3.117e-005
420.955 3.117e-005
422.95 3.117e-005
424.95 3.117e-005
425.955 3.117e-005
426.95 3.117e-005
428.95 3.117e-005
430.95 3.117e-005
430.955 3.117e-005
432.95 3.117e-005
434.95 3.117e-005
435.955 3.117e-005
436.95 3.117e-005
438.95 3.117e-005
440.95 3.117e-005
440.955 3.117e-005
442.95 3.117e-005
444.95 3.117e-005
445.955 3.117e-005
446.95 3.117e-005
448.95 3.117e-005
450.95 3.117e-005
450.955 3.117e-005
452.95 3.117e-005
454.95 3.117e-005
455.955 3.117e-005
456.95 3.117e-005
458.95 3.117e-005
460.95 3.117e-005
460.955 3.117e-005
462.95 3.117e-005
464.95 3.117e-005
465.955 3.117e-005
466.95 3.117e-005
468.95 3.117e-005
470.95 3.117e-005
470.955 3.117e-005
472.95 3.117e-005
474.95 3.117e-005
475.955 3.117e-005
476.95 3.117e-005
478.95 3.117e-005
480.95 3.117e-005
480.955 3.117e-005
482.95 3.117e-005
484.95 3.117e-005
485.955 3.117e-005
486.95 3.117e-005
488.95 3.117e-005
490.95 3.117e-005
490.955 3.117e-005
492.95 3.117e-005
494.95 3.117e-005
495.955 3.117e-005
496.95 3.117e-005
498.95 3.117e-005
500.95 3.117e-005
500.955 3.117e-005
502.95 3.117e-005
504.95 3.117e-005
505.955 3.117e-005
506.95 3.117e-005
508.95 3.117e-005
510.95 3.117e-005
510.955 3.117e-005
512.95 3.117e-005
514.95 3.117e-005
515.955 3.117e-005
516.95 3.117e-005
518.95 3.117e-005
520.95 3.117e-005
520.955 3.117e-005
522.95 3.117e-005
524.95 3.117e-005
525.955 3.117e-005
526.95 3.117e-005
528.95 3.117e-005
530.95 3.117e-005
530.955 3.117e-005
532.95 3.117e-005
534.95 3.117e-005
535.955 3.117e-005
536.95 3.117e-005
538.95 3.117e-005
540.95 3.117e-005
540.955 3.117e-005
542.95 3.117e-005
544.95 3.117e-005
545.955 3.117e-005
546.95 3.117e-005
548.95 3.117e-005
550.95 3.117e-005
550.955 3.117e-005
552.95 3.117e-005
554.95 3.117e-005
555.955 3.117e-005
556.95 3.117e-005
558.95 3.117e-005
560.95 3.117e-005
560.955 3.117e-005
562.95 3.117e-005
564.95 3.117e-005
565.955 3.117e-005
566.95 3.117e-005
568.95 3.117e-005
570.95 3.117e-005
570.955 3.117e-005
572.95 3.117e-005
574.95 3.117e-005
575.955 3.117e-005
576.95 3.117e-005
578.95 3.117e-005
580.95 3.117e-005
580.955 3.117e-005
582.95 3.117e-005
584.95 3.117e-005
585.955 3.117e-005
586.95 3.117e-005
588.95 3.117e-005
590.95 3.117e-005
590.955 3.117e-005
592.95 3.117e-005
594.95 3.117e-005
595.955 3.117e-005
596.95 3.117e-005
598.95 3.117e-005
600.95 3.117e-005
600.955 3.117e-005
602.95 3.117e-005
604.95 3.117e-005
605.955 3.117e-005
606.95 3.117e-005
608.95 3.117e-005
610.95 3.117e-005
610.955 3.117e-005
612.95 3.117e-005
614.95 3.117e-005
615.955 3.117e-005
616.95 3.117e-005
618.95 3.117e-005
620.95 3.117e-005
620.955 3.117e-005
622.95 3.117e-005
624.95 3.117e-005
625.955 3.117e-005
626.95 3.117e-005
628.95 3.117e-005
630.95 3.117e-005
630.955 3.117e-005
632.95 3.117e-005
634.95 3.117e-005
635.955 3.117e-005
636.95 3.117e-005
638.95 3.117e-005
640.95 3.117e-005
640.955 3.117e-005
642.95 3.117e-005
644.95 3.117e-005
645.955 3.117e-005
646.95 3.117e-005
648.95 3.117e-005
650.95 3.117e-005
650.955 3.117e-005
652.95 3.117e-005
654.95 3.117e-005
655.955 3.117e-005
656.95 3.117e-005
658.95 3.117e-005
660.95 3.117e-005
660.955 3.117e-005
662.95 3.117e-005
664.95 3.117e-005
665.955 3.117e-005
666.95 3.117e-005
668.95 3.117e-005
670.95 3.117e-005
670.955 3.117e-005
672.95 3.117e-005
674.95 3.117e-005
675.955 3.117e-005
676.95 3.117e-005
678.95 3.117e-005
680.95 3.117e-005
680.955 3.117e-005
682.95 3.117e-005
684.95 3.117e-005
685.955 3.117e-005
686.95 3.117e-005
688.95 3.117e-005
690.95 3.117e-005
690.955 3.117e-005
692.95 3.117e-005
694.95 3.117e-005
695.955 3.117e-005
696.95 3.117e-005
698.95 3.117e-005
700.95 3.117e-005
700.955 3.117e-005
702.95 3.117e-005
704.95 3.117e-005
705.955 3.117e-005
706.95 3.117e-005
708.95 3.117e-005
710.95 3.117e-005
710.955 3.117e-005
712.95 3.117e-005
714.95 3.117e-005
715.955 3.117e-005
716.95 3.117e-005
718.95 3.117e-005
720.95 3.117e-005
720.955 3.117e-005
722.95 3.117e-005
724.95 3.117e-005
725.955 3.117e-005
726.95 3.117e-005
728.95 3.117e-005
730.95 3.117e-005
730.955 3.117e-005
732.95 3.117e-005
734.95 3.117e-005
735.955 3.117e-005
736.95 3.117e-005
738.95 3.117e-005
740.95 3.117e-005
740.955 3.117e-005
742.95 3.117e-005
744.95 3.117e-005
745.955 3.117e-005
746.95 3.117e-005
748.95 3.117e-005
750.95 3.117e-005
750.955 3.117e-005
752.95 3.117e-005
754.95 3.117e-005
755.955 3.117e-005
756.95 3.117e-005
758.95 3.117e-005
760.95 3.117e-005
760.955 3.117e-005
762.95 3.117e-005
764.95 3.117e-005
765.955 3.117e-005
766.95 3.117e-005
768.95 3.117e-005
770.95 3.117e-005
770.955 3.117e-005
772.95 3.117e-005
774.95 3.117e-005
775.955 3.117e-005
776.95 3.117e-005
778.95 3.117e-005
780.95 3.117e-005
780.955 3.117e-005
782.95 3.117e-005
784.95 3.117e-005
785.955 3.117e-005
786.95 3.117e-005
788.95 3.117e-005
790.95 3.117e-005
790.955 3.117e-005
792.95 3.117e-005
794.95 3.117e-005
795.955 3.117e-005
796.95 3.117e-005
798.95 3.117e-005
800.95 3.117e-005
800.955 3.117e-005
802.95 3.117e-005
804.95 3.117e-005
805.955 3.117e-005
806.95 3.117e-005
808.95 3.117e-005
810.95 3.117e-005
810.955 3.117e-005
812.95 3.117e-005
814.95 3.117e-005
815.955 3.117e-005
816.95 3.117e-005
818.95 3.117e-005
820.95 3.117e-005
820.955 3.117e-005
822.95 3.117e-005
824.95 3.117e-005
825.955 3.117e-005
826.95 3.117e-005
828.95 3.117e-005
830.95 3.117e-005
830.955 3.117e-005
832.95 3.117e-005
834.95 3.117e-005
835.955 3.117e-005
836.95 3.117e-005
838.95 3.117e-005
840.95 3.117e-005
840.955 3.117e-005
842.95 3.117e-005
844.95 3.117e-005
845.955 3.117e-005
846.95 3.117e-005
848.95 3.117e-005
850.95 3.117e-005
850.955 3.117e-005
852.95 3.117e-005
854.95 3.117e-005
855.955 3.117e-005
856.95 3.117e-005
858.95 3.117e-005
860.95 3.117e-005
860.955 3.117e-005
862.95 3.117e-005
864.95 3.117e-005
865.955 3.117e-005
866.95 3.117e-005
868.95 3.117e-005
870.95 3.117e-005
870.955 3.117e-005
872.95 3.117e-005
874.95 3.117e-005
875.955 3.117e-005
876.95 3.117e-005
878.95 3.117e-005
880.95 3.117e-005
880.955 3.117e-005
882.95 3.117e-005
884.95 3.117e-005
885.955 3.117e-005
886.95 3.117e-005
888.95 3.117e-005
890.95 3.117e-005
890.955 3.117e-005
892.95 3.117e-005
894.95 3.117e-005
895.955 3.117e-005
896.95 3.117e-005
898.95 3.117e-005
900.95 3.117e-005
900.955 3.117e-005
902.95 3.117e-005
904.95 3.117e-005
905.955 3.117e-005
906.95 3.117e-005
908.95 3.117e-005
910.95 3.117e-005
910.955 3.117e-005
912.95 3.117e-005
914.95 3.117e-005
915.955 3.117e-005
916.95 3.117e-005
918.95 3.117e-005
920.95 3.117e-005
920.955 3.117e-005
922.95 3.117e-005
924.95 3.117e-005
925.955 3.117e-005
926.95 3.117e-005
928.95 3.117e-005
930.95 3.117e-005
930.955 3.117e-005
932.95 3.117e-005
934.95 3.117e-005
935.955 3.117e-005
936.95 3.117e-005
938.95 3.117e-005
940.95 3.117e-005
940.955 3.117e-005
942.95 3.117e-005
944.95 3.117e-005
945.955 3.117e-005
946.95 3.117e-005
948.95 3.117e-005
950.95 3.117e-005
950.955 3.117e-005
952.95 3.117e-005
954.95 3.117e-005
955.955 3.117e-005
956.95 3.117e-005
958.95 3.117e-005
960.95 3.117e-005
960.955 3.117e-005
962.95 3.117e-005
964.95 3.117e-005
965.955 3.117e-005
966.95 3.117e-005
968.95 3.117e-005
970.95 3.117e-005
970.955 3.117e-005
972.95 3.117e-005
974.95 3.117e-005
975.955 3.117e-005
976.95 3.117e-005
978.95 3.117e-005
980.95 3.117e-005
980.955 3.117e-005
982.95 3.117e-005
984.95 3.117e-005
985.955 3.117e-005
986.95 3.117e-005
988.95 3.117e-005
990.95 3.117e-005
990.955 3.117e-005
992.95 3.117e-005
994.95 3.117e-005
995.955 3.117e-005
996.95 3.117e-005
998.95 3.117e-005
1000.95 3.117e-005
1000.96 3.117e-005
1002.95 3.117e-005
1004.95 3.117e-005
1005.96 3.117e-005
1006.95 3.117e-005
1008.95 3.117e-005
1010.95 3.117e-005
1010.96 3.117e-005
1012.95 3.117e-005
1014.95 3.117e-005
1015.96 3.117e-005
1016.95 3.117e-005
1018.95 3.117e-005
1020.95 3.117e-005
1020.96 3.117e-005
1022.95 3.117e-005
1024.95 3.117e-005
1025.96 3.117e-005
1026.95 3.117e-005
1028.95 3.117e-005
1030.95 3.117e-005
1030.96 3.117e-005
1032.95 3.117e-005
1034.95 3.117e-005
1035.96 3.117e-005
1036.95 3.117e-005
1038.95 3.117e-005
1040.95 3.117e-005
1040.96 3.117e-005
1042.95 3.117e-005
1044.95 3.117e-005
1045.96 3.117e-005
1046.95 3.117e-005
1048.95 3.117e-005
1050.95 3.117e-005
1050.96 3.117e-005
1052.95 3.117e-005
1054.95 3.117e-005
1055.96 3.117e-005
1056.95 3.117e-005
1058.95 3.117e-005
1060.95 3.117e-005
1060.96 3.117e-005
1062.95 3.117e-005
1064.95 3.117e-005
1065.96 3.117e-005
1066.95 3.117e-005
1068.95 3.117e-005
1070.95 3.117e-005
1070.96 3.117e-005
1072.95 3.117e-005
1074.95 3.117e-005
1075.96 3.117e-005
1076.95 3.117e-005
1078.95 3.117e-005
1080.95 3.117e-005
1080.96 3.117e-005
1082.95 3.117e-005
1084.95 3.117e-005
1085.96 3.117e-005
1086.95 3.117e-005
1088.95 3.117e-005
1090.95 3.117e-005
1090.96 3.117e-005
1092.95 3.117e-005
1094.95 3.117e-005
1095.96 3.117e-005
1096.95 3.117e-005
1098.95 3.117e-005
1100.95 3.117e-005
1100.96 3.117e-005
1102.95 3.117e-005
1104.95 3.117e-005
1105.96 3.117e-005
1106.95 3.117e-005
1108.95 3.117e-005
1110.95 3.117e-005
1110.96 3.117e-005
1112.95 3.117e-005
1114.95 3.117e-005
1115.96 3.117e-005
1116.95 3.117e-005
1118.95 3.117e-005
1120.95 3.117e-005
1120.96 3.117e-005
1122.95 3.117e-005
1124.95 3.117e-005
1125.96 3.117e-005
1126.95 3.117e-005
1128.95 3.117e-005
1130.95 3.117e-005
1130.96 3.117e-005
1132.95 3.117e-005
1134.95 3.117e-005
1135.96 3.117e-005
1136.95 3.117e-005
1138.95 3.117e-005
1140.95 3.117e-005
1140.96 3.117e-005
1142.95 3.117e-005
1144.95 3.117e-005
1145.96 3.117e-005
1146.95 3.117e-005
1148.95 3.117e-005
1150.95 3.117e-005
1150.96 3.117e-005
1152.95 3.117e-005
1154.95 3.117e-005
1155.96 3.117e-005
1156.95 3.117e-005
1158.95 3.117e-005
1160.95 3.117e-005
1160.96 3.117e-005
1162.95 3.117e-005
1164.95 3.117e-005
1165.96 3.117e-005
1166.95 3.117e-005
1168.95 3.117e-005
1170.95 3.117e-005
1170.96 3.117e-005
1172.95 3.117e-005
1174.95 3.117e-005
1175.96 3.117e-005
1176.95 3.117e-005
1178.95 3.117e-005
1180.95 3.117e-005
1180.96 3.117e-005
1182.95 3.117e-005
1184.95 3.117e-005
1185.96 3.117e-005
1186.95 3.117e-005
1188.95 3.117e-005
1190.95 3.117e-005
1190.96 3.117e-005
1192.95 3.117e-005
1194.95 3.117e-005
1195.96 3.117e-005
1196.95 3.117e-005
1198.95 3.117e-005
