0.10004 3.30727e-005
0.105034 3.30816e-005
0.300032 2.40295e-005
0.305025 2.40322e-005
2.10005 3.6738e-005
2.30004 2.51901e-005
4.10005 4.06299e-005
4.30004 2.65182e-005
5.10505 4.26518e-005
5.30503 2.72412e-005
6.10008 4.46894e-005
6.30006 2.799e-005
8.30005 2.95839e-005
8.55008 5.31142e-005
10.3001 3.0169e-005
10.305 3.0155e-005
10.5551 5.01781e-005
12.1001 5.20888e-005
12.3 2.50289e-005
14.3001 2.12958e-005
14.5501 4.60738e-005
15.305 2.02098e-005
15.5551 4.52511e-005
16.3 1.97831e-005
16.5501 4.45293e-005
18.3001 2.09767e-005
18.5501 4.33764e-005
20.3001 2.27037e-005
20.305 2.26849e-005
20.3551 4.55573e-005
20.5501 4.55252e-005
20.5551 4.55499e-005
22.3001 1.51692e-005
24.1001 4.47874e-005
24.1501 4.77396e-005
24.3 7.94896e-006
24.3501 4.48387e-005
25.105 4.24676e-005
25.1551 4.60464e-005
25.305 4.90087e-006
25.3551 4.55473e-005
26.1001 4.02893e-005
26.3 3.83411e-006
28.1 3.63521e-005
28.1501 4.22412e-005
28.3 9.20046e-006
28.3501 4.95689e-005
30.1 3.32378e-005
30.105 3.32341e-005
30.1501 4.10879e-005
30.155 4.10914e-005
30.3 1.58313e-005
30.305 1.58385e-005
30.3551 5.25931e-005
32.1001 3.20508e-005
32.1501 4.25062e-005
32.3 1.88784e-005
34.1001 3.1525e-005
34.1501 4.3946e-005
34.3 2.21498e-005
34.3501 5.17812e-005
35.105 3.15224e-005
35.1551 4.4677e-005
35.305 2.38495e-005
36.1001 3.16932e-005
36.1501 4.54052e-005
36.3 2.55595e-005
38.1001 3.25447e-005
38.1501 4.68821e-005
38.3 2.90588e-005
40.1001 3.37154e-005
40.105 3.37045e-005
40.1501 4.84829e-005
40.1551 4.84903e-005
40.3 3.17889e-005
40.305 3.17842e-005
42.1001 3.10098e-005
42.1501 5.14268e-005
42.3 3.03052e-005
44.1001 3.21218e-005
44.2501 4.60156e-005
44.3 2.97153e-005
44.3501 4.47714e-005
45.105 3.40542e-005
45.2051 4.91367e-005
45.2551 4.3565e-005
45.305 2.97762e-005
45.3551 4.21376e-005
46.1001 3.6706e-005
46.2001 4.64027e-005
46.2501 4.11517e-005
46.3 3.00719e-005
46.3501 3.95308e-005
48.1001 4.36827e-005
48.2501 3.63501e-005
48.3 3.13427e-005
48.3501 3.42937e-005
50.1051 5.1529e-005
50.2001 3.96781e-005
50.205 3.96937e-005
50.2501 3.38025e-005
50.255 3.38343e-005
50.3 3.22067e-005
50.305 3.21928e-005
50.3501 3.06874e-005
50.355 3.06985e-005
52.1001 4.98291e-005
52.2001 4.66698e-005
52.3 2.78677e-005
52.3501 3.72184e-005
54.1001 4.95121e-005
54.3 2.66885e-005
55.1051 4.98898e-005
55.305 2.74602e-005
56.1001 5.06098e-005
56.3 2.90563e-005
58.3 3.42431e-005
60.3 4.0632e-005
60.305 4.06413e-005
62.1001 4.60269e-005
62.3001 4.44453e-005
64.1 3.71752e-005
65.105 3.33743e-005
65.3051 5.04385e-005
66.1001 3.02575e-005
66.3001 5.24768e-005
68.1001 2.6815e-005
68.3501 4.85142e-005
70.1001 2.81399e-005
70.105 2.81484e-005
70.355 4.3909e-005
72.1001 3.23892e-005
74.1001 3.79386e-005
75.1051 4.10571e-005
76.1001 4.43023e-005
76.3001 5.26629e-005
78.1001 5.11773e-005
82.1001 4.59854e-005
84.1001 3.46607e-005
85.105 2.90685e-005
86.1 2.36577e-005
88.1 1.37703e-005
90.1 9.93826e-006
90.105 9.96171e-006
92.1 1.93619e-005
92.1501 4.63231e-005
94.1 2.88026e-005
94.1501 3.49437e-005
94.2001 4.92333e-005
94.3501 4.96073e-005
95.1051 3.35485e-005
95.155 2.93477e-005
95.2051 4.6264e-005
95.3051 5.1627e-005
95.3551 3.88322e-005
96.1001 3.82478e-005
96.1501 2.39629e-005
96.2001 4.33964e-005
96.3501 2.83033e-005
98.15 1.43283e-005
98.2001 3.7916e-005
98.3001 4.25517e-005
98.35 9.61652e-006
100.15 1.08036e-005
100.155 1.08124e-005
100.2 3.41979e-005
100.205 3.42171e-005
100.3 3.60665e-005
100.305 3.60441e-005
100.35 1.20138e-005
100.355 1.1973e-005
102.1 4.64543e-005
102.15 1.66835e-005
102.2 4.24507e-005
102.3 2.70726e-005
102.35 9.47624e-006
104.1 3.67354e-005
104.15 2.47153e-005
104.3 1.82189e-005
104.35 2.67711e-005
105.105 3.18583e-005
105.155 2.90249e-005
105.305 1.39074e-005
105.355 3.5902e-005
106.1 2.70371e-005
106.15 3.33805e-005
106.3 9.88857e-006
108.1 1.73945e-005
108.15 4.22914e-005
108.3 5.52249e-006
110.1 8.53466e-006
110.105 8.53886e-006
110.15 5.12607e-005
110.155 5.12814e-005
110.3 8.34737e-006
110.305 8.31712e-006
112.1 1.29386e-005
112.3 7.88837e-006
114.1 1.98496e-005
114.3 2.11061e-005
115.105 2.36159e-005
115.305 2.80273e-005
116.1 2.74342e-005
116.3 3.49199e-005
118.1 3.52605e-005
118.3 4.88265e-005
120.1 4.24958e-005
120.105 4.24807e-005
122.1 3.65184e-005
124.1 3.07525e-005
124.3 3.48618e-005
125.105 2.79764e-005
125.305 2.91998e-005
126.1 2.53429e-005
126.3 2.39421e-005
128.1 2.05726e-005
128.3 1.58609e-005
130.1 1.78166e-005
130.105 1.7851e-005
130.15 4.50914e-005
130.155 4.51074e-005
130.3 1.43214e-005
130.305 1.43079e-005
130.55 3.84306e-005
130.555 3.84261e-005
132.1 3.22111e-005
132.3 1.11854e-005
132.55 3.67145e-005
134.1 4.70342e-005
134.3 1.40036e-005
134.55 3.52024e-005
135.305 1.69932e-005
135.555 3.45281e-005
136.3 2.04468e-005
136.55 3.39216e-005
138.3 2.8125e-005
138.55 3.2899e-005
140.3 3.31629e-005
140.305 3.31321e-005
140.355 5.31054e-005
140.55 3.23467e-005
140.555 3.23473e-005
142.3 2.1605e-005
142.55 3.33587e-005
144.3 1.43098e-005
144.35 4.33666e-005
144.55 3.5759e-005
145.305 1.46001e-005
145.355 4.1252e-005
145.555 3.74112e-005
146.3 1.77132e-005
146.35 3.93358e-005
146.55 3.92938e-005
148.1 3.78191e-005
148.3 2.81732e-005
148.35 3.61297e-005
148.55 4.36887e-005
148.6 3.88792e-005
150.1 2.66242e-005
150.105 2.66439e-005
150.155 5.01453e-005
150.3 3.77714e-005
150.305 3.77572e-005
150.35 3.53035e-005
150.355 3.53182e-005
150.555 4.74049e-005
150.6 3.40077e-005
150.605 3.40437e-005
152.1 3.48623e-005
152.15 4.04054e-005
152.3 3.2887e-005
152.35 4.12175e-005
152.55 4.89001e-005
154.1 4.35016e-005
154.15 3.71591e-005
154.3 3.01611e-005
154.35 4.71559e-005
154.55 5.19059e-005
155.155 3.8643e-005
155.305 2.98117e-005
155.355 5.01464e-005
156.15 4.1978e-005
156.3 3.01843e-005
158.3 3.29507e-005
160.3 3.48798e-005
160.305 3.48443e-005
162.3 2.12512e-005
164.3 1.182e-005
165.105 5.29709e-005
165.305 1.24106e-005
166.1 5.22361e-005
166.3 1.67601e-005
168.3 2.95833e-005
170.3 3.99274e-005
170.305 3.98985e-005
172.1 4.98022e-005
172.3 2.85626e-005
174.1 4.2754e-005
174.3 1.82752e-005
174.35 5.12357e-005
174.55 5.12787e-005
175.105 4.00249e-005
175.305 1.4276e-005
176.1 3.80192e-005
176.3 1.21931e-005
176.35 4.60228e-005
178.1 3.65091e-005
178.25 5.10048e-005
178.3 1.61209e-005
178.35 4.08119e-005
178.6 4.11443e-005
180.1 3.8037e-005
180.105 3.8018e-005
180.25 4.47113e-005
180.255 4.4738e-005
180.3 2.26327e-005
180.305 2.26061e-005
180.35 3.7066e-005
180.355 3.7074e-005
180.6 3.86564e-005
180.605 3.86567e-005
182.1 3.04074e-005
182.3 1.2551e-005
182.35 4.05111e-005
182.6 3.88466e-005
184.1 2.27841e-005
184.3 7.68337e-006
184.6 3.9127e-005
185.105 1.89583e-005
185.305 1.03084e-005
185.355 4.64382e-005
185.605 3.93013e-005
186.1 1.51766e-005
186.3 1.47227e-005
186.35 4.85517e-005
186.6 3.94956e-005
188.1 7.63235e-006
188.2 4.17041e-005
188.3 2.51137e-005
188.6 3.99499e-005
190.1 1.69649e-006
190.105 1.69649e-006
190.2 3.57171e-005
190.205 3.57171e-005
190.3 3.44093e-005
190.305 3.44093e-005
190.6 4.03174e-005
190.605 4.03174e-005
192.1 1.69649e-006
192.2 3.57171e-005
192.3 3.44093e-005
194.1 1.69649e-006
194.2 3.57171e-005
194.3 3.44093e-005
194.6 4.03174e-005
195.105 1.69649e-006
195.205 3.57171e-005
195.305 3.44093e-005
195.605 4.03174e-005
196.1 1.69649e-006
196.2 3.57171e-005
196.3 3.44093e-005
196.6 4.03174e-005
198.1 1.69649e-006
198.2 3.57171e-005
198.3 3.44093e-005
198.6 4.03174e-005
200.1 1.69649e-006
200.105 1.69649e-006
200.2 3.57171e-005
200.205 3.57171e-005
200.3 3.44093e-005
200.305 3.44093e-005
200.6 4.03174e-005
200.605 4.03174e-005
202.1 1.69649e-006
202.2 3.57171e-005
202.3 3.44093e-005
202.6 4.03174e-005
204.1 1.69649e-006
204.2 3.57171e-005
204.3 3.44093e-005
205.105 1.69649e-006
205.205 3.57171e-005
205.305 3.44093e-005
205.605 4.03174e-005
206.1 1.69649e-006
206.2 3.57171e-005
206.3 3.44093e-005
206.6 4.03174e-005
208.1 1.69649e-006
208.2 3.57171e-005
208.3 3.44093e-005
208.6 4.03174e-005
210.1 1.69649e-006
210.105 1.69649e-006
210.2 3.57171e-005
210.205 3.57171e-005
210.3 3.44093e-005
210.305 3.44093e-005
210.6 4.03174e-005
210.605 4.03174e-005
212.1 1.69649e-006
212.2 3.57171e-005
212.3 3.44093e-005
212.6 4.03174e-005
214.1 1.69649e-006
214.2 3.57171e-005
214.3 3.44093e-005
215.105 1.69649e-006
215.205 3.57171e-005
215.305 3.44093e-005
215.605 4.03174e-005
216.1 1.69649e-006
216.2 3.57171e-005
216.3 3.44093e-005
216.6 4.03174e-005
218.1 1.69649e-006
218.2 3.57171e-005
218.3 3.44093e-005
218.6 4.03174e-005
220.1 1.69649e-006
220.105 1.69649e-006
220.2 3.57171e-005
220.205 3.57171e-005
220.3 3.44093e-005
220.305 3.44093e-005
220.6 4.03174e-005
220.605 4.03174e-005
222.1 1.69649e-006
222.2 3.57171e-005
222.3 3.44093e-005
224.1 1.69649e-006
224.2 3.57171e-005
224.3 3.44093e-005
224.6 4.03174e-005
225.105 1.69649e-006
225.205 3.57171e-005
225.305 3.44093e-005
225.605 4.03174e-005
226.1 1.69649e-006
226.2 3.57171e-005
226.3 3.44093e-005
226.6 4.03174e-005
228.1 1.69649e-006
228.2 3.57171e-005
228.3 3.44093e-005
228.6 4.03174e-005
230.1 1.69649e-006
230.105 1.69649e-006
230.2 3.57171e-005
230.205 3.57171e-005
230.3 3.44093e-005
230.305 3.44093e-005
230.6 4.03174e-005
230.605 4.03174e-005
232.1 1.69649e-006
232.2 3.57171e-005
232.3 3.44093e-005
232.6 4.03174e-005
234.1 1.69649e-006
234.2 3.57171e-005
234.3 3.44093e-005
235.105 1.69649e-006
235.205 3.57171e-005
235.305 3.44093e-005
235.605 4.03174e-005
236.1 1.69649e-006
236.2 3.57171e-005
236.3 3.44093e-005
238.1 1.69649e-006
238.2 3.57171e-005
238.3 3.44093e-005
238.6 4.03174e-005
240.1 1.69649e-006
240.105 1.69649e-006
240.2 3.57171e-005
240.205 3.57171e-005
240.3 3.44093e-005
240.305 3.44093e-005
240.6 4.03174e-005
240.605 4.03174e-005
242.1 1.69649e-006
242.2 3.57171e-005
242.3 3.44093e-005
242.6 4.03174e-005
244.1 1.69649e-006
244.2 3.57171e-005
244.3 3.44093e-005
244.6 4.03174e-005
245.105 1.69649e-006
245.205 3.57171e-005
245.305 3.44093e-005
245.605 4.03174e-005
246.1 1.69649e-006
246.2 3.57171e-005
246.3 3.44093e-005
246.6 4.03174e-005
248.1 1.69649e-006
248.2 3.57171e-005
248.3 3.44093e-005
248.6 4.03174e-005
250.1 1.69649e-006
250.105 1.69649e-006
250.2 3.57171e-005
250.205 3.57171e-005
250.3 3.44093e-005
250.305 3.44093e-005
250.6 4.03174e-005
250.605 4.03174e-005
252.1 1.69649e-006
252.2 3.57171e-005
252.3 3.44093e-005
252.6 4.03174e-005
254.1 1.69649e-006
254.2 3.57171e-005
254.3 3.44093e-005
255.105 1.69649e-006
255.205 3.57171e-005
255.305 3.44093e-005
255.605 4.03174e-005
256.1 1.69649e-006
256.2 3.57171e-005
256.3 3.44093e-005
256.6 4.03174e-005
258.1 1.69649e-006
258.2 3.57171e-005
258.3 3.44093e-005
258.6 4.03174e-005
260.1 1.69649e-006
260.105 1.69649e-006
260.2 3.57171e-005
260.205 3.57171e-005
260.3 3.44093e-005
260.305 3.44093e-005
260.6 4.03174e-005
260.605 4.03174e-005
262.1 1.69649e-006
262.2 3.57171e-005
262.3 3.44093e-005
262.6 4.03174e-005
264.1 1.69649e-006
264.2 3.57171e-005
264.3 3.44093e-005
264.6 4.03174e-005
265.105 1.69649e-006
265.205 3.57171e-005
265.305 3.44093e-005
265.605 4.03174e-005
266.1 1.69649e-006
266.2 3.57171e-005
266.3 3.44093e-005
266.6 4.03174e-005
268.1 1.69649e-006
268.2 3.57171e-005
268.3 3.44093e-005
270.1 1.69649e-006
270.105 1.69649e-006
270.2 3.57171e-005
270.205 3.57171e-005
270.3 3.44093e-005
270.305 3.44093e-005
270.6 4.03174e-005
270.605 4.03174e-005
272.1 1.69649e-006
272.2 3.57171e-005
272.3 3.44093e-005
272.6 4.03174e-005
274.1 1.69649e-006
274.2 3.57171e-005
274.3 3.44093e-005
274.6 4.03174e-005
275.105 1.69649e-006
275.205 3.57171e-005
275.305 3.44093e-005
275.605 4.03174e-005
276.1 1.69649e-006
276.2 3.57171e-005
276.3 3.44093e-005
276.6 4.03174e-005
278.1 1.69649e-006
278.2 3.57171e-005
278.3 3.44093e-005
278.6 4.03174e-005
280.1 1.69649e-006
280.105 1.69649e-006
280.2 3.57171e-005
280.205 3.57171e-005
280.3 3.44093e-005
280.305 3.44093e-005
280.6 4.03174e-005
280.605 4.03174e-005
282.1 1.69649e-006
282.2 3.57171e-005
282.3 3.44093e-005
282.6 4.03174e-005
284.1 1.69649e-006
284.2 3.57171e-005
284.3 3.44093e-005
284.6 4.03174e-005
285.105 1.69649e-006
285.205 3.57171e-005
285.305 3.44093e-005
285.605 4.03174e-005
286.1 1.69649e-006
286.2 3.57171e-005
286.3 3.44093e-005
286.6 4.03174e-005
288.1 1.69649e-006
288.2 3.57171e-005
288.3 3.44093e-005
288.6 4.03174e-005
290.1 1.69649e-006
290.105 1.69649e-006
290.2 3.57171e-005
290.205 3.57171e-005
290.3 3.44093e-005
290.305 3.44093e-005
290.6 4.03174e-005
290.605 4.03174e-005
292.1 1.69649e-006
292.2 3.57171e-005
292.3 3.44093e-005
292.6 4.03174e-005
294.1 1.69649e-006
294.2 3.57171e-005
294.3 3.44093e-005
294.6 4.03174e-005
295.105 1.69649e-006
295.205 3.57171e-005
295.305 3.44093e-005
295.605 4.03174e-005
296.1 1.69649e-006
296.2 3.57171e-005
296.3 3.44093e-005
296.6 4.03174e-005
298.1 1.69649e-006
298.2 3.57171e-005
298.3 3.44093e-005
298.6 4.03174e-005
300.1 1.69649e-006
300.105 1.69649e-006
300.2 3.57171e-005
300.205 3.57171e-005
300.3 3.44093e-005
300.305 3.44093e-005
300.6 4.03174e-005
300.605 4.03174e-005
302.1 1.69649e-006
302.2 3.57171e-005
302.3 3.44093e-005
302.6 4.03174e-005
304.1 1.69649e-006
304.2 3.57171e-005
304.3 3.44093e-005
304.6 4.03174e-005
305.105 1.69649e-006
305.205 3.57171e-005
305.305 3.44093e-005
305.605 4.03174e-005
306.1 1.69649e-006
306.2 3.57171e-005
306.3 3.44093e-005
306.6 4.03174e-005
308.1 1.69649e-006
308.2 3.57171e-005
308.3 3.44093e-005
308.6 4.03174e-005
310.1 1.69649e-006
310.105 1.69649e-006
310.2 3.57171e-005
310.205 3.57171e-005
310.3 3.44093e-005
310.305 3.44093e-005
310.6 4.03174e-005
310.605 4.03174e-005
312.1 1.69649e-006
312.2 3.57171e-005
312.3 3.44093e-005
312.6 4.03174e-005
314.1 1.69649e-006
314.2 3.57171e-005
314.3 3.44093e-005
314.6 4.03174e-005
315.105 1.69649e-006
315.205 3.57171e-005
315.305 3.44093e-005
315.605 4.03174e-005
316.1 1.69649e-006
316.2 3.57171e-005
316.3 3.44093e-005
316.6 4.03174e-005
318.1 1.69649e-006
318.2 3.57171e-005
318.3 3.44093e-005
318.6 4.03174e-005
320.1 1.69649e-006
320.105 1.69649e-006
320.2 3.57171e-005
320.205 3.57171e-005
320.3 3.44093e-005
320.305 3.44093e-005
320.6 4.03174e-005
320.605 4.03174e-005
322.1 1.69649e-006
322.2 3.57171e-005
322.3 3.44093e-005
322.6 4.03174e-005
324.1 1.69649e-006
324.2 3.57171e-005
324.3 3.44093e-005
324.6 4.03174e-005
325.105 1.69649e-006
325.205 3.57171e-005
325.305 3.44093e-005
325.605 4.03174e-005
326.1 1.69649e-006
326.2 3.57171e-005
326.3 3.44093e-005
326.6 4.03174e-005
328.1 1.69649e-006
328.2 3.57171e-005
328.3 3.44093e-005
328.6 4.03174e-005
330.1 1.69649e-006
330.105 1.69649e-006
330.2 3.57171e-005
330.205 3.57171e-005
330.3 3.44093e-005
330.305 3.44093e-005
330.6 4.03174e-005
330.605 4.03174e-005
332.1 1.69649e-006
332.2 3.57171e-005
332.3 3.44093e-005
332.6 4.03174e-005
334.1 1.69649e-006
334.2 3.57171e-005
334.3 3.44093e-005
334.6 4.03174e-005
335.105 1.69649e-006
335.205 3.57171e-005
335.305 3.44093e-005
335.605 4.03174e-005
336.1 1.69649e-006
336.2 3.57171e-005
336.3 3.44093e-005
336.6 4.03174e-005
338.1 1.69649e-006
338.2 3.57171e-005
338.3 3.44093e-005
338.6 4.03174e-005
340.1 1.69649e-006
340.105 1.69649e-006
340.2 3.57171e-005
340.205 3.57171e-005
340.3 3.44093e-005
340.305 3.44093e-005
340.6 4.03174e-005
340.605 4.03174e-005
342.1 1.69649e-006
342.2 3.57171e-005
342.3 3.44093e-005
344.1 1.69649e-006
344.2 3.57171e-005
344.3 3.44093e-005
344.6 4.03174e-005
345.105 1.69649e-006
345.205 3.57171e-005
345.305 3.44093e-005
345.605 4.03174e-005
346.1 1.69649e-006
346.2 3.57171e-005
346.3 3.44093e-005
346.6 4.03174e-005
348.1 1.69649e-006
348.2 3.57171e-005
348.3 3.44093e-005
348.6 4.03174e-005
350.1 1.69649e-006
350.105 1.69649e-006
350.2 3.57171e-005
350.205 3.57171e-005
350.3 3.44093e-005
350.305 3.44093e-005
350.6 4.03174e-005
350.605 4.03174e-005
352.1 1.69649e-006
352.2 3.57171e-005
352.3 3.44093e-005
352.6 4.03174e-005
354.1 1.69649e-006
354.2 3.57171e-005
354.3 3.44093e-005
354.6 4.03174e-005
355.105 1.69649e-006
355.205 3.57171e-005
355.305 3.44093e-005
355.605 4.03174e-005
356.1 1.69649e-006
356.2 3.57171e-005
356.3 3.44093e-005
356.6 4.03174e-005
358.1 1.69649e-006
358.2 3.57171e-005
358.3 3.44093e-005
358.6 4.03174e-005
360.1 1.69649e-006
360.105 1.69649e-006
360.2 3.57171e-005
360.205 3.57171e-005
360.3 3.44093e-005
360.305 3.44093e-005
360.6 4.03174e-005
360.605 4.03174e-005
362.1 1.69649e-006
362.2 3.57171e-005
362.3 3.44093e-005
362.6 4.03174e-005
364.1 1.69649e-006
364.2 3.57171e-005
364.3 3.44093e-005
364.6 4.03174e-005
365.105 1.69649e-006
365.205 3.57171e-005
365.305 3.44093e-005
365.605 4.03174e-005
366.1 1.69649e-006
366.2 3.57171e-005
366.3 3.44093e-005
366.6 4.03174e-005
368.1 1.69649e-006
368.2 3.57171e-005
368.3 3.44093e-005
368.6 4.03174e-005
370.1 1.69649e-006
370.105 1.69649e-006
370.2 3.57171e-005
370.205 3.57171e-005
370.3 3.44093e-005
370.305 3.44093e-005
370.6 4.03174e-005
370.605 4.03174e-005
372.1 1.69649e-006
372.2 3.57171e-005
372.3 3.44093e-005
374.1 1.69649e-006
374.2 3.57171e-005
374.3 3.44093e-005
374.6 4.03174e-005
375.105 1.69649e-006
375.205 3.57171e-005
375.305 3.44093e-005
375.605 4.03174e-005
376.1 1.69649e-006
376.2 3.57171e-005
376.3 3.44093e-005
376.6 4.03174e-005
378.1 1.69649e-006
378.2 3.57171e-005
378.3 3.44093e-005
378.6 4.03174e-005
380.1 1.69649e-006
380.105 1.69649e-006
380.2 3.57171e-005
380.205 3.57171e-005
380.3 3.44093e-005
380.305 3.44093e-005
380.6 4.03174e-005
382.1 1.69649e-006
382.2 3.57171e-005
382.3 3.44093e-005
382.6 4.03174e-005
384.1 1.69649e-006
384.2 3.57171e-005
384.3 3.44093e-005
384.6 4.03174e-005
385.105 1.69649e-006
385.205 3.57171e-005
385.305 3.44093e-005
386.1 1.69649e-006
386.2 3.57171e-005
386.3 3.44093e-005
386.6 4.03174e-005
388.1 1.69649e-006
388.2 3.57171e-005
388.3 3.44093e-005
388.6 4.03174e-005
390.1 1.69649e-006
390.105 1.69649e-006
390.2 3.57171e-005
390.205 3.57171e-005
390.3 3.44093e-005
390.305 3.44093e-005
390.6 4.03174e-005
390.605 4.03174e-005
392.1 1.69649e-006
392.2 3.57171e-005
392.3 3.44093e-005
392.6 4.03174e-005
394.1 1.69649e-006
394.2 3.57171e-005
394.3 3.44093e-005
394.6 4.03174e-005
395.105 1.69649e-006
395.205 3.57171e-005
395.305 3.44093e-005
395.605 4.03174e-005
396.1 1.69649e-006
396.2 3.57171e-005
396.3 3.44093e-005
396.6 4.03174e-005
398.1 1.69649e-006
398.2 3.57171e-005
398.3 3.44093e-005
398.6 4.03174e-005
400.1 1.69649e-006
400.105 1.69649e-006
400.2 3.57171e-005
400.205 3.57171e-005
400.3 3.44093e-005
400.305 3.44093e-005
400.6 4.03174e-005
400.605 4.03174e-005
402.1 1.69649e-006
402.2 3.57171e-005
402.3 3.44093e-005
402.6 4.03174e-005
404.1 1.69649e-006
404.2 3.57171e-005
404.3 3.44093e-005
404.6 4.03174e-005
405.105 1.69649e-006
405.205 3.57171e-005
405.305 3.44093e-005
405.605 4.03174e-005
406.1 1.69649e-006
406.2 3.57171e-005
406.3 3.44093e-005
406.6 4.03174e-005
408.1 1.69649e-006
408.2 3.57171e-005
408.3 3.44093e-005
408.6 4.03174e-005
410.1 1.69649e-006
410.105 1.69649e-006
410.2 3.57171e-005
410.205 3.57171e-005
410.3 3.44093e-005
410.305 3.44093e-005
410.6 4.03174e-005
410.605 4.03174e-005
412.1 1.69649e-006
412.2 3.57171e-005
412.3 3.44093e-005
412.6 4.03174e-005
414.1 1.69649e-006
414.2 3.57171e-005
414.3 3.44093e-005
414.6 4.03174e-005
415.105 1.69649e-006
415.205 3.57171e-005
415.305 3.44093e-005
415.605 4.03174e-005
416.1 1.69649e-006
416.2 3.57171e-005
416.3 3.44093e-005
416.6 4.03174e-005
418.1 1.69649e-006
418.2 3.57171e-005
418.3 3.44093e-005
418.6 4.03174e-005
420.1 1.69649e-006
420.105 1.69649e-006
420.2 3.57171e-005
420.205 3.57171e-005
420.3 3.44093e-005
420.305 3.44093e-005
420.6 4.03174e-005
420.605 4.03174e-005
422.1 1.69649e-006
422.2 3.57171e-005
422.3 3.44093e-005
422.6 4.03174e-005
424.1 1.69649e-006
424.2 3.57171e-005
424.3 3.44093e-005
424.6 4.03174e-005
425.105 1.69649e-006
425.205 3.57171e-005
425.305 3.44093e-005
425.605 4.03174e-005
426.1 1.69649e-006
426.2 3.57171e-005
426.3 3.44093e-005
426.6 4.03174e-005
428.1 1.69649e-006
428.2 3.57171e-005
428.3 3.44093e-005
428.6 4.03174e-005
430.1 1.69649e-006
430.105 1.69649e-006
430.2 3.57171e-005
430.205 3.57171e-005
430.3 3.44093e-005
430.305 3.44093e-005
430.6 4.03174e-005
430.605 4.03174e-005
432.1 1.69649e-006
432.2 3.57171e-005
432.3 3.44093e-005
432.6 4.03174e-005
434.1 1.69649e-006
434.2 3.57171e-005
434.3 3.44093e-005
434.6 4.03174e-005
435.105 1.69649e-006
435.205 3.57171e-005
435.305 3.44093e-005
435.605 4.03174e-005
436.1 1.69649e-006
436.2 3.57171e-005
436.3 3.44093e-005
436.6 4.03174e-005
438.1 1.69649e-006
438.2 3.57171e-005
438.3 3.44093e-005
438.6 4.03174e-005
440.1 1.69649e-006
440.105 1.69649e-006
440.2 3.57171e-005
440.205 3.57171e-005
440.3 3.44093e-005
440.305 3.44093e-005
440.6 4.03174e-005
440.605 4.03174e-005
442.1 1.69649e-006
442.2 3.57171e-005
442.3 3.44093e-005
442.6 4.03174e-005
444.1 1.69649e-006
444.2 3.57171e-005
444.3 3.44093e-005
444.6 4.03174e-005
445.105 1.69649e-006
445.205 3.57171e-005
445.305 3.44093e-005
445.605 4.03174e-005
446.1 1.69649e-006
446.2 3.57171e-005
446.3 3.44093e-005
446.6 4.03174e-005
448.1 1.69649e-006
448.2 3.57171e-005
448.3 3.44093e-005
448.6 4.03174e-005
450.1 1.69649e-006
450.105 1.69649e-006
450.2 3.57171e-005
450.205 3.57171e-005
450.3 3.44093e-005
450.305 3.44093e-005
450.6 4.03174e-005
450.605 4.03174e-005
452.1 1.69649e-006
452.2 3.57171e-005
452.3 3.44093e-005
452.6 4.03174e-005
454.1 1.69649e-006
454.2 3.57171e-005
454.3 3.44093e-005
454.6 4.03174e-005
455.105 1.69649e-006
455.205 3.57171e-005
455.305 3.44093e-005
455.605 4.03174e-005
456.1 1.69649e-006
456.2 3.57171e-005
456.3 3.44093e-005
458.1 1.69649e-006
458.2 3.57171e-005
458.3 3.44093e-005
458.6 4.03174e-005
460.1 1.69649e-006
460.105 1.69649e-006
460.2 3.57171e-005
460.205 3.57171e-005
460.3 3.44093e-005
460.305 3.44093e-005
460.6 4.03174e-005
460.605 4.03174e-005
462.1 1.69649e-006
462.2 3.57171e-005
462.3 3.44093e-005
462.6 4.03174e-005
464.1 1.69649e-006
464.2 3.57171e-005
464.3 3.44093e-005
464.6 4.03174e-005
465.105 1.69649e-006
465.205 3.57171e-005
465.305 3.44093e-005
465.605 4.03174e-005
466.1 1.69649e-006
466.2 3.57171e-005
466.3 3.44093e-005
466.6 4.03174e-005
468.1 1.69649e-006
468.2 3.57171e-005
468.3 3.44093e-005
468.6 4.03174e-005
470.1 1.69649e-006
470.105 1.69649e-006
470.2 3.57171e-005
470.205 3.57171e-005
470.3 3.44093e-005
470.305 3.44093e-005
470.6 4.03174e-005
470.605 4.03174e-005
472.1 1.69649e-006
472.2 3.57171e-005
472.3 3.44093e-005
474.1 1.69649e-006
474.2 3.57171e-005
474.3 3.44093e-005
475.105 1.69649e-006
475.205 3.57171e-005
475.305 3.44093e-005
475.605 4.03174e-005
476.1 1.69649e-006
476.2 3.57171e-005
476.3 3.44093e-005
476.6 4.03174e-005
478.1 1.69649e-006
478.2 3.57171e-005
478.3 3.44093e-005
480.1 1.69649e-006
480.105 1.69649e-006
480.2 3.57171e-005
480.205 3.57171e-005
480.3 3.44093e-005
480.305 3.44093e-005
480.6 4.03174e-005
480.605 4.03174e-005
482.1 1.69649e-006
482.2 3.57171e-005
482.3 3.44093e-005
482.6 4.03174e-005
484.1 1.69649e-006
484.2 3.57171e-005
484.3 3.44093e-005
484.6 4.03174e-005
485.105 1.69649e-006
485.205 3.57171e-005
485.305 3.44093e-005
485.605 4.03174e-005
486.1 1.69649e-006
486.2 3.57171e-005
486.3 3.44093e-005
486.6 4.03174e-005
488.1 1.69649e-006
488.2 3.57171e-005
488.3 3.44093e-005
488.6 4.03174e-005
490.1 1.69649e-006
490.105 1.69649e-006
490.2 3.57171e-005
490.205 3.57171e-005
490.3 3.44093e-005
490.305 3.44093e-005
490.6 4.03174e-005
490.605 4.03174e-005
492.1 1.69649e-006
492.2 3.57171e-005
492.3 3.44093e-005
492.6 4.03174e-005
494.1 1.69649e-006
494.2 3.57171e-005
494.3 3.44093e-005
494.6 4.03174e-005
495.105 1.69649e-006
495.205 3.57171e-005
495.305 3.44093e-005
495.605 4.03174e-005
496.1 1.69649e-006
496.2 3.57171e-005
496.3 3.44093e-005
496.6 4.03174e-005
498.1 1.69649e-006
498.2 3.57171e-005
498.3 3.44093e-005
498.6 4.03174e-005
500.1 1.69649e-006
500.105 1.69649e-006
500.2 3.57171e-005
500.205 3.57171e-005
500.3 3.44093e-005
500.305 3.44093e-005
500.6 4.03174e-005
500.605 4.03174e-005
502.1 1.69649e-006
502.2 3.57171e-005
502.3 3.44093e-005
502.6 4.03174e-005
504.1 1.69649e-006
504.2 3.57171e-005
504.3 3.44093e-005
504.6 4.03174e-005
505.105 1.69649e-006
505.205 3.57171e-005
505.305 3.44093e-005
505.605 4.03174e-005
506.1 1.69649e-006
506.2 3.57171e-005
506.3 3.44093e-005
506.6 4.03174e-005
508.1 1.69649e-006
508.2 3.57171e-005
508.3 3.44093e-005
508.6 4.03174e-005
510.1 1.69649e-006
510.105 1.69649e-006
510.2 3.57171e-005
510.205 3.57171e-005
510.3 3.44093e-005
510.305 3.44093e-005
510.6 4.03174e-005
510.605 4.03174e-005
512.1 1.69649e-006
512.2 3.57171e-005
512.3 3.44093e-005
512.6 4.03174e-005
514.1 1.69649e-006
514.2 3.57171e-005
514.3 3.44093e-005
515.105 1.69649e-006
515.205 3.57171e-005
515.305 3.44093e-005
515.605 4.03174e-005
516.1 1.69649e-006
516.2 3.57171e-005
516.3 3.44093e-005
516.6 4.03174e-005
518.1 1.69649e-006
518.2 3.57171e-005
518.3 3.44093e-005
518.6 4.03174e-005
520.1 1.69649e-006
520.105 1.69649e-006
520.2 3.57171e-005
520.205 3.57171e-005
520.3 3.44093e-005
520.305 3.44093e-005
520.6 4.03174e-005
520.605 4.03174e-005
522.1 1.69649e-006
522.2 3.57171e-005
522.3 3.44093e-005
522.6 4.03174e-005
524.1 1.69649e-006
524.2 3.57171e-005
524.3 3.44093e-005
524.6 4.03174e-005
525.105 1.69649e-006
525.205 3.57171e-005
525.305 3.44093e-005
525.605 4.03174e-005
526.1 1.69649e-006
526.2 3.57171e-005
526.3 3.44093e-005
526.6 4.03174e-005
528.1 1.69649e-006
528.2 3.57171e-005
528.3 3.44093e-005
528.6 4.03174e-005
530.1 1.69649e-006
530.105 1.69649e-006
530.2 3.57171e-005
530.205 3.57171e-005
530.3 3.44093e-005
530.305 3.44093e-005
530.6 4.03174e-005
530.605 4.03174e-005
532.1 1.69649e-006
532.2 3.57171e-005
532.3 3.44093e-005
532.6 4.03174e-005
534.1 1.69649e-006
534.2 3.57171e-005
534.3 3.44093e-005
534.6 4.03174e-005
535.105 1.69649e-006
535.205 3.57171e-005
535.305 3.44093e-005
535.605 4.03174e-005
536.1 1.69649e-006
536.2 3.57171e-005
536.3 3.44093e-005
538.1 1.69649e-006
538.2 3.57171e-005
538.3 3.44093e-005
538.6 4.03174e-005
540.1 1.69649e-006
540.105 1.69649e-006
540.2 3.57171e-005
540.205 3.57171e-005
540.3 3.44093e-005
540.305 3.44093e-005
540.6 4.03174e-005
540.605 4.03174e-005
542.1 1.69649e-006
542.2 3.57171e-005
542.3 3.44093e-005
542.6 4.03174e-005
544.1 1.69649e-006
544.2 3.57171e-005
544.3 3.44093e-005
544.6 4.03174e-005
545.105 1.69649e-006
545.205 3.57171e-005
545.305 3.44093e-005
545.605 4.03174e-005
546.1 1.69649e-006
546.2 3.57171e-005
546.3 3.44093e-005
546.6 4.03174e-005
548.1 1.69649e-006
548.2 3.57171e-005
548.3 3.44093e-005
548.6 4.03174e-005
550.1 1.69649e-006
550.105 1.69649e-006
550.2 3.57171e-005
550.205 3.57171e-005
550.3 3.44093e-005
550.305 3.44093e-005
550.6 4.03174e-005
550.605 4.03174e-005
552.1 1.69649e-006
552.2 3.57171e-005
552.3 3.44093e-005
552.6 4.03174e-005
554.1 1.69649e-006
554.2 3.57171e-005
554.3 3.44093e-005
554.6 4.03174e-005
555.105 1.69649e-006
555.205 3.57171e-005
555.305 3.44093e-005
555.605 4.03174e-005
556.1 1.69649e-006
556.2 3.57171e-005
556.3 3.44093e-005
556.6 4.03174e-005
558.1 1.69649e-006
558.2 3.57171e-005
558.3 3.44093e-005
558.6 4.03174e-005
560.1 1.69649e-006
560.105 1.69649e-006
560.2 3.57171e-005
560.205 3.57171e-005
560.3 3.44093e-005
560.305 3.44093e-005
560.6 4.03174e-005
560.605 4.03174e-005
562.1 1.69649e-006
562.2 3.57171e-005
562.3 3.44093e-005
562.6 4.03174e-005
564.1 1.69649e-006
564.2 3.57171e-005
564.3 3.44093e-005
564.6 4.03174e-005
565.105 1.69649e-006
565.205 3.57171e-005
565.305 3.44093e-005
565.605 4.03174e-005
566.1 1.69649e-006
566.2 3.57171e-005
566.3 3.44093e-005
566.6 4.03174e-005
568.1 1.69649e-006
568.2 3.57171e-005
568.3 3.44093e-005
568.6 4.03174e-005
570.1 1.69649e-006
570.105 1.69649e-006
570.2 3.57171e-005
570.205 3.57171e-005
570.3 3.44093e-005
570.305 3.44093e-005
570.605 4.03174e-005
572.1 1.69649e-006
572.2 3.57171e-005
572.3 3.44093e-005
572.6 4.03174e-005
574.1 1.69649e-006
574.2 3.57171e-005
574.3 3.44093e-005
574.6 4.03174e-005
575.105 1.69649e-006
575.205 3.57171e-005
575.305 3.44093e-005
575.605 4.03174e-005
576.1 1.69649e-006
576.2 3.57171e-005
576.3 3.44093e-005
576.6 4.03174e-005
578.1 1.69649e-006
578.2 3.57171e-005
578.3 3.44093e-005
578.6 4.03174e-005
580.1 1.69649e-006
580.105 1.69649e-006
580.2 3.57171e-005
580.205 3.57171e-005
580.3 3.44093e-005
580.305 3.44093e-005
580.6 4.03174e-005
580.605 4.03174e-005
582.1 1.69649e-006
582.2 3.57171e-005
582.3 3.44093e-005
582.6 4.03174e-005
584.1 1.69649e-006
584.2 3.57171e-005
584.3 3.44093e-005
584.6 4.03174e-005
585.105 1.69649e-006
585.205 3.57171e-005
585.305 3.44093e-005
585.605 4.03174e-005
586.1 1.69649e-006
586.2 3.57171e-005
586.3 3.44093e-005
586.6 4.03174e-005
588.1 1.69649e-006
588.2 3.57171e-005
588.3 3.44093e-005
588.6 4.03174e-005
590.1 1.69649e-006
590.105 1.69649e-006
590.2 3.57171e-005
590.205 3.57171e-005
590.3 3.44093e-005
590.305 3.44093e-005
590.6 4.03174e-005
590.605 4.03174e-005
592.1 1.69649e-006
592.2 3.57171e-005
592.3 3.44093e-005
592.6 4.03174e-005
594.1 1.69649e-006
594.2 3.57171e-005
594.3 3.44093e-005
594.6 4.03174e-005
595.105 1.69649e-006
595.205 3.57171e-005
595.305 3.44093e-005
595.605 4.03174e-005
596.1 1.69649e-006
596.2 3.57171e-005
596.3 3.44093e-005
596.6 4.03174e-005
598.1 1.69649e-006
598.2 3.57171e-005
598.3 3.44093e-005
598.6 4.03174e-005
600.1 1.69649e-006
600.105 1.69649e-006
600.2 3.57171e-005
600.205 3.57171e-005
600.3 3.44093e-005
600.305 3.44093e-005
600.6 4.03174e-005
600.605 4.03174e-005
602.1 1.69649e-006
602.2 3.57171e-005
602.3 3.44093e-005
602.6 4.03174e-005
604.1 1.69649e-006
604.2 3.57171e-005
604.3 3.44093e-005
604.6 4.03174e-005
605.105 1.69649e-006
605.205 3.57171e-005
605.305 3.44093e-005
605.605 4.03174e-005
606.1 1.69649e-006
606.2 3.57171e-005
606.3 3.44093e-005
606.6 4.03174e-005
608.1 1.69649e-006
608.2 3.57171e-005
608.3 3.44093e-005
608.6 4.03174e-005
610.1 1.69649e-006
610.105 1.69649e-006
610.2 3.57171e-005
610.205 3.57171e-005
610.3 3.44093e-005
610.305 3.44093e-005
610.6 4.03174e-005
610.605 4.03174e-005
612.1 1.69649e-006
612.2 3.57171e-005
612.3 3.44093e-005
612.6 4.03174e-005
614.1 1.69649e-006
614.2 3.57171e-005
614.3 3.44093e-005
614.6 4.03174e-005
615.105 1.69649e-006
615.205 3.57171e-005
615.305 3.44093e-005
615.605 4.03174e-005
616.1 1.69649e-006
616.2 3.57171e-005
616.3 3.44093e-005
616.6 4.03174e-005
618.1 1.69649e-006
618.2 3.57171e-005
618.3 3.44093e-005
618.6 4.03174e-005
620.1 1.69649e-006
620.105 1.69649e-006
620.2 3.57171e-005
620.205 3.57171e-005
620.3 3.44093e-005
620.305 3.44093e-005
620.6 4.03174e-005
620.605 4.03174e-005
622.1 1.69649e-006
622.2 3.57171e-005
622.3 3.44093e-005
622.6 4.03174e-005
624.1 1.69649e-006
624.2 3.57171e-005
624.3 3.44093e-005
624.6 4.03174e-005
625.105 1.69649e-006
625.205 3.57171e-005
625.305 3.44093e-005
625.605 4.03174e-005
626.1 1.69649e-006
626.2 3.57171e-005
626.3 3.44093e-005
626.6 4.03174e-005
628.1 1.69649e-006
628.2 3.57171e-005
628.3 3.44093e-005
628.6 4.03174e-005
630.1 1.69649e-006
630.105 1.69649e-006
630.2 3.57171e-005
630.205 3.57171e-005
630.3 3.44093e-005
630.305 3.44093e-005
630.6 4.03174e-005
630.605 4.03174e-005
632.1 1.69649e-006
632.2 3.57171e-005
632.3 3.44093e-005
632.6 4.03174e-005
634.1 1.69649e-006
634.2 3.57171e-005
634.3 3.44093e-005
635.105 1.69649e-006
635.205 3.57171e-005
635.305 3.44093e-005
635.605 4.03174e-005
636.1 1.69649e-006
636.2 3.57171e-005
636.3 3.44093e-005
636.6 4.03174e-005
638.1 1.69649e-006
638.2 3.57171e-005
638.3 3.44093e-005
638.6 4.03174e-005
640.1 1.69649e-006
640.105 1.69649e-006
640.2 3.57171e-005
640.205 3.57171e-005
640.3 3.44093e-005
640.305 3.44093e-005
640.605 4.03174e-005
642.1 1.69649e-006
642.2 3.57171e-005
642.3 3.44093e-005
642.6 4.03174e-005
644.1 1.69649e-006
644.2 3.57171e-005
644.3 3.44093e-005
644.6 4.03174e-005
645.105 1.69649e-006
645.205 3.57171e-005
645.305 3.44093e-005
645.605 4.03174e-005
646.1 1.69649e-006
646.2 3.57171e-005
646.3 3.44093e-005
646.6 4.03174e-005
648.1 1.69649e-006
648.2 3.57171e-005
648.3 3.44093e-005
648.6 4.03174e-005
650.1 1.69649e-006
650.105 1.69649e-006
650.2 3.57171e-005
650.205 3.57171e-005
650.3 3.44093e-005
650.305 3.44093e-005
650.6 4.03174e-005
650.605 4.03174e-005
652.1 1.69649e-006
652.2 3.57171e-005
652.3 3.44093e-005
652.6 4.03174e-005
654.1 1.69649e-006
654.2 3.57171e-005
654.3 3.44093e-005
654.6 4.03174e-005
655.105 1.69649e-006
655.205 3.57171e-005
655.305 3.44093e-005
655.605 4.03174e-005
656.1 1.69649e-006
656.2 3.57171e-005
656.3 3.44093e-005
656.6 4.03174e-005
658.1 1.69649e-006
658.2 3.57171e-005
658.3 3.44093e-005
658.6 4.03174e-005
660.1 1.69649e-006
660.105 1.69649e-006
660.2 3.57171e-005
660.205 3.57171e-005
660.3 3.44093e-005
660.305 3.44093e-005
660.6 4.03174e-005
660.605 4.03174e-005
662.1 1.69649e-006
662.2 3.57171e-005
662.3 3.44093e-005
662.6 4.03174e-005
664.1 1.69649e-006
664.2 3.57171e-005
664.3 3.44093e-005
664.6 4.03174e-005
665.105 1.69649e-006
665.205 3.57171e-005
665.305 3.44093e-005
665.605 4.03174e-005
666.1 1.69649e-006
666.2 3.57171e-005
666.3 3.44093e-005
666.6 4.03174e-005
668.1 1.69649e-006
668.2 3.57171e-005
668.3 3.44093e-005
668.6 4.03174e-005
670.1 1.69649e-006
670.105 1.69649e-006
670.2 3.57171e-005
670.205 3.57171e-005
670.3 3.44093e-005
670.305 3.44093e-005
670.6 4.03174e-005
670.605 4.03174e-005
672.1 1.69649e-006
672.2 3.57171e-005
672.3 3.44093e-005
672.6 4.03174e-005
674.1 1.69649e-006
674.2 3.57171e-005
674.3 3.44093e-005
675.105 1.69649e-006
675.205 3.57171e-005
675.305 3.44093e-005
675.605 4.03174e-005
676.1 1.69649e-006
676.2 3.57171e-005
676.3 3.44093e-005
676.6 4.03174e-005
678.1 1.69649e-006
678.2 3.57171e-005
678.3 3.44093e-005
678.6 4.03174e-005
680.1 1.69649e-006
680.105 1.69649e-006
680.2 3.57171e-005
680.205 3.57171e-005
680.3 3.44093e-005
680.305 3.44093e-005
680.6 4.03174e-005
680.605 4.03174e-005
682.1 1.69649e-006
682.2 3.57171e-005
682.3 3.44093e-005
682.6 4.03174e-005
684.1 1.69649e-006
684.2 3.57171e-005
684.3 3.44093e-005
684.6 4.03174e-005
685.105 1.69649e-006
685.205 3.57171e-005
685.305 3.44093e-005
685.605 4.03174e-005
686.1 1.69649e-006
686.2 3.57171e-005
686.3 3.44093e-005
686.6 4.03174e-005
688.1 1.69649e-006
688.2 3.57171e-005
688.3 3.44093e-005
688.6 4.03174e-005
690.1 1.69649e-006
690.105 1.69649e-006
690.2 3.57171e-005
690.205 3.57171e-005
690.3 3.44093e-005
690.305 3.44093e-005
690.6 4.03174e-005
690.605 4.03174e-005
692.1 1.69649e-006
692.2 3.57171e-005
692.3 3.44093e-005
692.6 4.03174e-005
694.1 1.69649e-006
694.2 3.57171e-005
694.3 3.44093e-005
694.6 4.03174e-005
695.105 1.69649e-006
695.205 3.57171e-005
695.305 3.44093e-005
695.605 4.03174e-005
696.1 1.69649e-006
696.2 3.57171e-005
696.3 3.44093e-005
696.6 4.03174e-005
698.1 1.69649e-006
698.2 3.57171e-005
698.3 3.44093e-005
698.6 4.03174e-005
700.1 1.69649e-006
700.105 1.69649e-006
700.2 3.57171e-005
700.205 3.57171e-005
700.3 3.44093e-005
700.305 3.44093e-005
700.6 4.03174e-005
700.605 4.03174e-005
702.1 1.69649e-006
702.2 3.57171e-005
702.3 3.44093e-005
702.6 4.03174e-005
704.1 1.69649e-006
704.2 3.57171e-005
704.3 3.44093e-005
704.6 4.03174e-005
705.105 1.69649e-006
705.205 3.57171e-005
705.305 3.44093e-005
705.605 4.03174e-005
706.1 1.69649e-006
706.2 3.57171e-005
706.3 3.44093e-005
706.6 4.03174e-005
708.1 1.69649e-006
708.2 3.57171e-005
708.3 3.44093e-005
708.6 4.03174e-005
710.1 1.69649e-006
710.105 1.69649e-006
710.2 3.57171e-005
710.205 3.57171e-005
710.3 3.44093e-005
710.305 3.44093e-005
710.6 4.03174e-005
710.605 4.03174e-005
712.1 1.69649e-006
712.2 3.57171e-005
712.3 3.44093e-005
712.6 4.03174e-005
714.1 1.69649e-006
714.2 3.57171e-005
714.3 3.44093e-005
714.6 4.03174e-005
715.105 1.69649e-006
715.205 3.57171e-005
715.305 3.44093e-005
715.605 4.03174e-005
716.1 1.69649e-006
716.2 3.57171e-005
716.3 3.44093e-005
716.6 4.03174e-005
718.1 1.69649e-006
718.2 3.57171e-005
718.3 3.44093e-005
718.6 4.03174e-005
720.1 1.69649e-006
720.105 1.69649e-006
720.2 3.57171e-005
720.205 3.57171e-005
720.3 3.44093e-005
720.305 3.44093e-005
720.605 4.03174e-005
722.1 1.69649e-006
722.2 3.57171e-005
722.3 3.44093e-005
724.1 1.69649e-006
724.2 3.57171e-005
724.3 3.44093e-005
724.6 4.03174e-005
725.105 1.69649e-006
725.205 3.57171e-005
725.305 3.44093e-005
725.605 4.03174e-005
726.1 1.69649e-006
726.2 3.57171e-005
726.3 3.44093e-005
726.6 4.03174e-005
728.1 1.69649e-006
728.2 3.57171e-005
728.3 3.44093e-005
728.6 4.03174e-005
730.1 1.69649e-006
730.105 1.69649e-006
730.2 3.57171e-005
730.205 3.57171e-005
730.3 3.44093e-005
730.305 3.44093e-005
730.6 4.03174e-005
730.605 4.03174e-005
732.1 1.69649e-006
732.2 3.57171e-005
732.3 3.44093e-005
732.6 4.03174e-005
734.1 1.69649e-006
734.2 3.57171e-005
734.3 3.44093e-005
734.6 4.03174e-005
735.105 1.69649e-006
735.205 3.57171e-005
735.305 3.44093e-005
735.605 4.03174e-005
736.1 1.69649e-006
736.2 3.57171e-005
736.3 3.44093e-005
736.6 4.03174e-005
738.1 1.69649e-006
738.2 3.57171e-005
738.3 3.44093e-005
738.6 4.03174e-005
740.1 1.69649e-006
740.105 1.69649e-006
740.2 3.57171e-005
740.205 3.57171e-005
740.3 3.44093e-005
740.305 3.44093e-005
740.6 4.03174e-005
740.605 4.03174e-005
742.1 1.69649e-006
742.2 3.57171e-005
742.3 3.44093e-005
742.6 4.03174e-005
744.1 1.69649e-006
744.2 3.57171e-005
744.3 3.44093e-005
744.6 4.03174e-005
745.105 1.69649e-006
745.205 3.57171e-005
745.305 3.44093e-005
745.605 4.03174e-005
746.1 1.69649e-006
746.2 3.57171e-005
746.3 3.44093e-005
746.6 4.03174e-005
748.1 1.69649e-006
748.2 3.57171e-005
748.3 3.44093e-005
750.1 1.69649e-006
750.105 1.69649e-006
750.2 3.57171e-005
750.205 3.57171e-005
750.3 3.44093e-005
750.305 3.44093e-005
750.6 4.03174e-005
750.605 4.03174e-005
752.1 1.69649e-006
752.2 3.57171e-005
752.3 3.44093e-005
754.1 1.69649e-006
754.2 3.57171e-005
754.3 3.44093e-005
754.6 4.03174e-005
755.105 1.69649e-006
755.205 3.57171e-005
755.305 3.44093e-005
755.605 4.03174e-005
756.1 1.69649e-006
756.2 3.57171e-005
756.3 3.44093e-005
756.6 4.03174e-005
758.1 1.69649e-006
758.2 3.57171e-005
758.3 3.44093e-005
758.6 4.03174e-005
760.1 1.69649e-006
760.105 1.69649e-006
760.2 3.57171e-005
760.205 3.57171e-005
760.3 3.44093e-005
760.305 3.44093e-005
760.6 4.03174e-005
760.605 4.03174e-005
762.1 1.69649e-006
762.2 3.57171e-005
762.3 3.44093e-005
762.6 4.03174e-005
764.1 1.69649e-006
764.2 3.57171e-005
764.3 3.44093e-005
764.6 4.03174e-005
765.105 1.69649e-006
765.205 3.57171e-005
765.305 3.44093e-005
765.605 4.03174e-005
766.1 1.69649e-006
766.2 3.57171e-005
766.3 3.44093e-005
766.6 4.03174e-005
768.1 1.69649e-006
768.2 3.57171e-005
768.3 3.44093e-005
768.6 4.03174e-005
770.1 1.69649e-006
770.105 1.69649e-006
770.2 3.57171e-005
770.205 3.57171e-005
770.3 3.44093e-005
770.305 3.44093e-005
770.6 4.03174e-005
770.605 4.03174e-005
772.1 1.69649e-006
772.2 3.57171e-005
772.3 3.44093e-005
772.6 4.03174e-005
774.1 1.69649e-006
774.2 3.57171e-005
774.3 3.44093e-005
774.6 4.03174e-005
775.105 1.69649e-006
775.205 3.57171e-005
775.305 3.44093e-005
775.605 4.03174e-005
776.1 1.69649e-006
776.2 3.57171e-005
776.3 3.44093e-005
776.6 4.03174e-005
778.1 1.69649e-006
778.2 3.57171e-005
778.3 3.44093e-005
780.1 1.69649e-006
780.105 1.69649e-006
780.2 3.57171e-005
780.205 3.57171e-005
780.3 3.44093e-005
780.305 3.44093e-005
780.6 4.03174e-005
780.605 4.03174e-005
782.1 1.69649e-006
782.2 3.57171e-005
782.3 3.44093e-005
782.6 4.03174e-005
784.1 1.69649e-006
784.2 3.57171e-005
784.3 3.44093e-005
784.6 4.03174e-005
785.105 1.69649e-006
785.205 3.57171e-005
785.305 3.44093e-005
785.605 4.03174e-005
786.1 1.69649e-006
786.2 3.57171e-005
786.3 3.44093e-005
786.6 4.03174e-005
788.1 1.69649e-006
788.2 3.57171e-005
788.3 3.44093e-005
788.6 4.03174e-005
790.1 1.69649e-006
790.105 1.69649e-006
790.2 3.57171e-005
790.205 3.57171e-005
790.3 3.44093e-005
790.305 3.44093e-005
790.6 4.03174e-005
790.605 4.03174e-005
792.1 1.69649e-006
792.2 3.57171e-005
792.3 3.44093e-005
792.6 4.03174e-005
794.1 1.69649e-006
794.2 3.57171e-005
794.3 3.44093e-005
794.6 4.03174e-005
795.105 1.69649e-006
795.205 3.57171e-005
795.305 3.44093e-005
795.605 4.03174e-005
796.1 1.69649e-006
796.2 3.57171e-005
796.3 3.44093e-005
796.6 4.03174e-005
798.1 1.69649e-006
798.2 3.57171e-005
798.3 3.44093e-005
800.1 1.69649e-006
800.105 1.69649e-006
800.2 3.57171e-005
800.205 3.57171e-005
800.3 3.44093e-005
800.305 3.44093e-005
800.6 4.03174e-005
800.605 4.03174e-005
802.1 1.69649e-006
802.2 3.57171e-005
802.3 3.44093e-005
802.6 4.03174e-005
804.1 1.69649e-006
804.2 3.57171e-005
804.3 3.44093e-005
804.6 4.03174e-005
805.105 1.69649e-006
805.205 3.57171e-005
805.305 3.44093e-005
805.605 4.03174e-005
806.1 1.69649e-006
806.2 3.57171e-005
806.3 3.44093e-005
806.6 4.03174e-005
808.1 1.69649e-006
808.2 3.57171e-005
808.3 3.44093e-005
810.1 1.69649e-006
810.105 1.69649e-006
810.2 3.57171e-005
810.205 3.57171e-005
810.3 3.44093e-005
810.305 3.44093e-005
810.6 4.03174e-005
810.605 4.03174e-005
812.1 1.69649e-006
812.2 3.57171e-005
812.3 3.44093e-005
812.6 4.03174e-005
814.1 1.69649e-006
814.2 3.57171e-005
814.3 3.44093e-005
814.6 4.03174e-005
815.105 1.69649e-006
815.205 3.57171e-005
815.305 3.44093e-005
815.605 4.03174e-005
816.1 1.69649e-006
816.2 3.57171e-005
816.3 3.44093e-005
816.6 4.03174e-005
818.1 1.69649e-006
818.2 3.57171e-005
818.3 3.44093e-005
818.6 4.03174e-005
820.1 1.69649e-006
820.105 1.69649e-006
820.2 3.57171e-005
820.205 3.57171e-005
820.3 3.44093e-005
820.305 3.44093e-005
820.6 4.03174e-005
820.605 4.03174e-005
822.1 1.69649e-006
822.2 3.57171e-005
822.3 3.44093e-005
822.6 4.03174e-005
824.1 1.69649e-006
824.2 3.57171e-005
824.3 3.44093e-005
824.6 4.03174e-005
825.105 1.69649e-006
825.205 3.57171e-005
825.305 3.44093e-005
825.605 4.03174e-005
826.1 1.69649e-006
826.2 3.57171e-005
826.3 3.44093e-005
826.6 4.03174e-005
828.1 1.69649e-006
828.2 3.57171e-005
828.3 3.44093e-005
828.6 4.03174e-005
830.1 1.69649e-006
830.105 1.69649e-006
830.2 3.57171e-005
830.205 3.57171e-005
830.3 3.44093e-005
830.305 3.44093e-005
830.6 4.03174e-005
830.605 4.03174e-005
832.1 1.69649e-006
832.2 3.57171e-005
832.3 3.44093e-005
834.1 1.69649e-006
834.2 3.57171e-005
834.3 3.44093e-005
834.6 4.03174e-005
835.105 1.69649e-006
835.205 3.57171e-005
835.305 3.44093e-005
835.605 4.03174e-005
836.1 1.69649e-006
836.2 3.57171e-005
836.3 3.44093e-005
836.6 4.03174e-005
838.1 1.69649e-006
838.2 3.57171e-005
838.3 3.44093e-005
838.6 4.03174e-005
840.1 1.69649e-006
840.105 1.69649e-006
840.2 3.57171e-005
840.205 3.57171e-005
840.3 3.44093e-005
840.305 3.44093e-005
840.6 4.03174e-005
840.605 4.03174e-005
842.1 1.69649e-006
842.2 3.57171e-005
842.3 3.44093e-005
842.6 4.03174e-005
844.1 1.69649e-006
844.2 3.57171e-005
844.3 3.44093e-005
844.6 4.03174e-005
845.105 1.69649e-006
845.205 3.57171e-005
845.305 3.44093e-005
845.605 4.03174e-005
846.1 1.69649e-006
846.2 3.57171e-005
846.3 3.44093e-005
846.6 4.03174e-005
848.1 1.69649e-006
848.2 3.57171e-005
848.3 3.44093e-005
848.6 4.03174e-005
850.1 1.69649e-006
850.105 1.69649e-006
850.2 3.57171e-005
850.205 3.57171e-005
850.3 3.44093e-005
850.305 3.44093e-005
850.6 4.03174e-005
850.605 4.03174e-005
852.1 1.69649e-006
852.2 3.57171e-005
852.3 3.44093e-005
852.6 4.03174e-005
854.1 1.69649e-006
854.2 3.57171e-005
854.3 3.44093e-005
854.6 4.03174e-005
855.105 1.69649e-006
855.205 3.57171e-005
855.305 3.44093e-005
855.605 4.03174e-005
856.1 1.69649e-006
856.2 3.57171e-005
856.3 3.44093e-005
856.6 4.03174e-005
858.1 1.69649e-006
858.2 3.57171e-005
858.3 3.44093e-005
858.6 4.03174e-005
860.1 1.69649e-006
860.105 1.69649e-006
860.2 3.57171e-005
860.205 3.57171e-005
860.3 3.44093e-005
860.305 3.44093e-005
860.6 4.03174e-005
860.605 4.03174e-005
862.1 1.69649e-006
862.2 3.57171e-005
862.3 3.44093e-005
862.6 4.03174e-005
864.1 1.69649e-006
864.2 3.57171e-005
864.3 3.44093e-005
864.6 4.03174e-005
865.105 1.69649e-006
865.205 3.57171e-005
865.305 3.44093e-005
865.605 4.03174e-005
866.1 1.69649e-006
866.2 3.57171e-005
866.3 3.44093e-005
866.6 4.03174e-005
868.1 1.69649e-006
868.2 3.57171e-005
868.3 3.44093e-005
870.1 1.69649e-006
870.105 1.69649e-006
870.2 3.57171e-005
870.205 3.57171e-005
870.3 3.44093e-005
870.305 3.44093e-005
870.6 4.03174e-005
870.605 4.03174e-005
872.1 1.69649e-006
872.2 3.57171e-005
872.3 3.44093e-005
872.6 4.03174e-005
874.1 1.69649e-006
874.2 3.57171e-005
874.3 3.44093e-005
874.6 4.03174e-005
875.105 1.69649e-006
875.205 3.57171e-005
875.305 3.44093e-005
875.605 4.03174e-005
876.1 1.69649e-006
876.2 3.57171e-005
876.3 3.44093e-005
876.6 4.03174e-005
878.1 1.69649e-006
878.2 3.57171e-005
878.3 3.44093e-005
878.6 4.03174e-005
880.1 1.69649e-006
880.105 1.69649e-006
880.2 3.57171e-005
880.205 3.57171e-005
880.3 3.44093e-005
880.305 3.44093e-005
880.6 4.03174e-005
880.605 4.03174e-005
882.1 1.69649e-006
882.2 3.57171e-005
882.3 3.44093e-005
882.6 4.03174e-005
884.1 1.69649e-006
884.2 3.57171e-005
884.3 3.44093e-005
884.6 4.03174e-005
885.105 1.69649e-006
885.205 3.57171e-005
885.305 3.44093e-005
885.605 4.03174e-005
886.1 1.69649e-006
886.2 3.57171e-005
886.3 3.44093e-005
886.6 4.03174e-005
888.1 1.69649e-006
888.2 3.57171e-005
888.3 3.44093e-005
888.6 4.03174e-005
890.1 1.69649e-006
890.105 1.69649e-006
890.2 3.57171e-005
890.205 3.57171e-005
890.3 3.44093e-005
890.305 3.44093e-005
890.6 4.03174e-005
890.605 4.03174e-005
892.1 1.69649e-006
892.2 3.57171e-005
892.3 3.44093e-005
892.6 4.03174e-005
894.1 1.69649e-006
894.2 3.57171e-005
894.3 3.44093e-005
894.6 4.03174e-005
895.105 1.69649e-006
895.205 3.57171e-005
895.305 3.44093e-005
895.605 4.03174e-005
896.1 1.69649e-006
896.2 3.57171e-005
896.3 3.44093e-005
896.6 4.03174e-005
898.1 1.69649e-006
898.2 3.57171e-005
898.3 3.44093e-005
898.6 4.03174e-005
900.1 1.69649e-006
900.105 1.69649e-006
900.2 3.57171e-005
900.205 3.57171e-005
900.3 3.44093e-005
900.6 4.03174e-005
900.605 4.03174e-005
902.1 1.69649e-006
902.2 3.57171e-005
902.3 3.44093e-005
902.6 4.03174e-005
904.1 1.69649e-006
904.2 3.57171e-005
904.3 3.44093e-005
904.6 4.03174e-005
905.105 1.69649e-006
905.205 3.57171e-005
905.305 3.44093e-005
905.605 4.03174e-005
906.1 1.69649e-006
906.2 3.57171e-005
906.3 3.44093e-005
906.6 4.03174e-005
908.1 1.69649e-006
908.2 3.57171e-005
908.3 3.44093e-005
908.6 4.03174e-005
910.1 1.69649e-006
910.105 1.69649e-006
910.2 3.57171e-005
910.205 3.57171e-005
910.3 3.44093e-005
910.305 3.44093e-005
910.6 4.03174e-005
910.605 4.03174e-005
912.1 1.69649e-006
912.2 3.57171e-005
912.3 3.44093e-005
912.6 4.03174e-005
914.1 1.69649e-006
914.2 3.57171e-005
914.3 3.44093e-005
914.6 4.03174e-005
915.105 1.69649e-006
915.205 3.57171e-005
915.305 3.44093e-005
915.605 4.03174e-005
916.1 1.69649e-006
916.2 3.57171e-005
916.3 3.44093e-005
916.6 4.03174e-005
918.1 1.69649e-006
918.2 3.57171e-005
918.3 3.44093e-005
918.6 4.03174e-005
920.1 1.69649e-006
920.105 1.69649e-006
920.2 3.57171e-005
920.205 3.57171e-005
920.3 3.44093e-005
920.305 3.44093e-005
920.6 4.03174e-005
920.605 4.03174e-005
922.1 1.69649e-006
922.2 3.57171e-005
922.3 3.44093e-005
922.6 4.03174e-005
924.1 1.69649e-006
924.2 3.57171e-005
924.3 3.44093e-005
924.6 4.03174e-005
925.105 1.69649e-006
925.205 3.57171e-005
925.305 3.44093e-005
925.605 4.03174e-005
926.1 1.69649e-006
926.2 3.57171e-005
926.3 3.44093e-005
926.6 4.03174e-005
928.1 1.69649e-006
928.2 3.57171e-005
928.3 3.44093e-005
928.6 4.03174e-005
930.1 1.69649e-006
930.105 1.69649e-006
930.2 3.57171e-005
930.205 3.57171e-005
930.3 3.44093e-005
930.305 3.44093e-005
930.6 4.03174e-005
930.605 4.03174e-005
932.1 1.69649e-006
932.2 3.57171e-005
932.3 3.44093e-005
932.6 4.03174e-005
934.1 1.69649e-006
934.2 3.57171e-005
934.3 3.44093e-005
934.6 4.03174e-005
935.105 1.69649e-006
935.205 3.57171e-005
935.305 3.44093e-005
935.605 4.03174e-005
936.1 1.69649e-006
936.2 3.57171e-005
936.3 3.44093e-005
936.6 4.03174e-005
938.1 1.69649e-006
938.2 3.57171e-005
938.3 3.44093e-005
938.6 4.03174e-005
940.1 1.69649e-006
940.105 1.69649e-006
940.2 3.57171e-005
940.205 3.57171e-005
940.3 3.44093e-005
940.305 3.44093e-005
940.6 4.03174e-005
940.605 4.03174e-005
942.1 1.69649e-006
942.2 3.57171e-005
942.3 3.44093e-005
942.6 4.03174e-005
944.1 1.69649e-006
944.2 3.57171e-005
944.3 3.44093e-005
944.6 4.03174e-005
945.105 1.69649e-006
945.205 3.57171e-005
945.305 3.44093e-005
945.605 4.03174e-005
946.1 1.69649e-006
946.2 3.57171e-005
946.3 3.44093e-005
948.1 1.69649e-006
948.2 3.57171e-005
948.3 3.44093e-005
948.6 4.03174e-005
950.1 1.69649e-006
950.105 1.69649e-006
950.2 3.57171e-005
950.205 3.57171e-005
950.3 3.44093e-005
950.305 3.44093e-005
950.6 4.03174e-005
950.605 4.03174e-005
952.1 1.69649e-006
952.2 3.57171e-005
952.3 3.44093e-005
952.6 4.03174e-005
954.1 1.69649e-006
954.2 3.57171e-005
954.3 3.44093e-005
954.6 4.03174e-005
955.105 1.69649e-006
955.205 3.57171e-005
955.305 3.44093e-005
955.605 4.03174e-005
956.1 1.69649e-006
956.2 3.57171e-005
956.3 3.44093e-005
956.6 4.03174e-005
958.1 1.69649e-006
958.2 3.57171e-005
958.3 3.44093e-005
958.6 4.03174e-005
960.1 1.69649e-006
960.105 1.69649e-006
960.2 3.57171e-005
960.205 3.57171e-005
960.3 3.44093e-005
960.305 3.44093e-005
960.6 4.03174e-005
960.605 4.03174e-005
962.1 1.69649e-006
962.2 3.57171e-005
962.3 3.44093e-005
962.6 4.03174e-005
964.1 1.69649e-006
964.2 3.57171e-005
964.3 3.44093e-005
964.6 4.03174e-005
965.105 1.69649e-006
965.205 3.57171e-005
965.305 3.44093e-005
965.605 4.03174e-005
966.1 1.69649e-006
966.2 3.57171e-005
966.3 3.44093e-005
966.6 4.03174e-005
968.1 1.69649e-006
968.2 3.57171e-005
968.3 3.44093e-005
968.6 4.03174e-005
970.1 1.69649e-006
970.105 1.69649e-006
970.2 3.57171e-005
970.205 3.57171e-005
970.3 3.44093e-005
970.305 3.44093e-005
970.6 4.03174e-005
970.605 4.03174e-005
972.1 1.69649e-006
972.2 3.57171e-005
972.3 3.44093e-005
972.6 4.03174e-005
974.1 1.69649e-006
974.2 3.57171e-005
974.3 3.44093e-005
974.6 4.03174e-005
975.105 1.69649e-006
975.205 3.57171e-005
975.305 3.44093e-005
975.605 4.03174e-005
976.1 1.69649e-006
976.2 3.57171e-005
976.3 3.44093e-005
976.6 4.03174e-005
978.1 1.69649e-006
978.2 3.57171e-005
978.3 3.44093e-005
978.6 4.03174e-005
980.1 1.69649e-006
980.105 1.69649e-006
980.2 3.57171e-005
980.205 3.57171e-005
980.3 3.44093e-005
980.305 3.44093e-005
980.6 4.03174e-005
980.605 4.03174e-005
982.1 1.69649e-006
982.2 3.57171e-005
982.3 3.44093e-005
982.6 4.03174e-005
984.1 1.69649e-006
984.2 3.57171e-005
984.3 3.44093e-005
984.6 4.03174e-005
985.105 1.69649e-006
985.205 3.57171e-005
985.305 3.44093e-005
985.605 4.03174e-005
986.1 1.69649e-006
986.2 3.57171e-005
986.3 3.44093e-005
986.6 4.03174e-005
988.1 1.69649e-006
988.2 3.57171e-005
988.3 3.44093e-005
988.6 4.03174e-005
990.1 1.69649e-006
990.105 1.69649e-006
990.2 3.57171e-005
990.205 3.57171e-005
990.3 3.44093e-005
990.305 3.44093e-005
990.6 4.03174e-005
990.605 4.03174e-005
992.1 1.69649e-006
992.2 3.57171e-005
992.3 3.44093e-005
992.6 4.03174e-005
994.1 1.69649e-006
994.2 3.57171e-005
994.3 3.44093e-005
994.6 4.03174e-005
995.105 1.69649e-006
995.205 3.57171e-005
995.305 3.44093e-005
995.605 4.03174e-005
996.1 1.69649e-006
996.2 3.57171e-005
996.3 3.44093e-005
996.6 4.03174e-005
998.1 1.69649e-006
998.2 3.57171e-005
998.3 3.44093e-005
998.6 4.03174e-005
1000.1 1.69649e-006
1000.11 1.69649e-006
1000.2 3.57171e-005
1000.21 3.57171e-005
1000.3 3.44093e-005
1000.31 3.44093e-005
1000.6 4.03174e-005
1000.61 4.03174e-005
1002.1 1.69649e-006
1002.2 3.57171e-005
1002.3 3.44093e-005
1002.6 4.03174e-005
1004.1 1.69649e-006
1004.2 3.57171e-005
1004.3 3.44093e-005
1004.6 4.03174e-005
1005.11 1.69649e-006
1005.21 3.57171e-005
1005.31 3.44093e-005
1005.61 4.03174e-005
1006.1 1.69649e-006
1006.2 3.57171e-005
1006.3 3.44093e-005
1008.1 1.69649e-006
1008.2 3.57171e-005
1008.3 3.44093e-005
1008.6 4.03174e-005
1010.1 1.69649e-006
1010.11 1.69649e-006
1010.2 3.57171e-005
1010.21 3.57171e-005
1010.3 3.44093e-005
1010.31 3.44093e-005
1010.6 4.03174e-005
1010.61 4.03174e-005
1012.1 1.69649e-006
1012.2 3.57171e-005
1012.3 3.44093e-005
1012.6 4.03174e-005
1014.1 1.69649e-006
1014.2 3.57171e-005
1014.3 3.44093e-005
1014.6 4.03174e-005
1015.11 1.69649e-006
1015.21 3.57171e-005
1015.31 3.44093e-005
1015.61 4.03174e-005
1016.1 1.69649e-006
1016.2 3.57171e-005
1016.3 3.44093e-005
1018.1 1.69649e-006
1018.2 3.57171e-005
1018.3 3.44093e-005
1018.6 4.03174e-005
1020.1 1.69649e-006
1020.11 1.69649e-006
1020.2 3.57171e-005
1020.21 3.57171e-005
1020.3 3.44093e-005
1020.31 3.44093e-005
1020.6 4.03174e-005
1020.61 4.03174e-005
1022.1 1.69649e-006
1022.2 3.57171e-005
1022.3 3.44093e-005
1022.6 4.03174e-005
1024.1 1.69649e-006
1024.2 3.57171e-005
1024.3 3.44093e-005
1024.6 4.03174e-005
1025.11 1.69649e-006
1025.21 3.57171e-005
1025.31 3.44093e-005
1025.61 4.03174e-005
1026.1 1.69649e-006
1026.2 3.57171e-005
1026.3 3.44093e-005
1026.6 4.03174e-005
1028.1 1.69649e-006
1028.2 3.57171e-005
1028.3 3.44093e-005
1028.6 4.03174e-005
1030.1 1.69649e-006
1030.11 1.69649e-006
1030.2 3.57171e-005
1030.21 3.57171e-005
1030.31 3.44093e-005
1030.6 4.03174e-005
1030.61 4.03174e-005
1032.1 1.69649e-006
1032.2 3.57171e-005
1032.3 3.44093e-005
1032.6 4.03174e-005
1034.1 1.69649e-006
1034.2 3.57171e-005
1034.3 3.44093e-005
1034.6 4.03174e-005
1035.11 1.69649e-006
1035.21 3.57171e-005
1035.31 3.44093e-005
1035.61 4.03174e-005
1036.1 1.69649e-006
1036.2 3.57171e-005
1036.3 3.44093e-005
1036.6 4.03174e-005
1038.1 1.69649e-006
1038.2 3.57171e-005
1038.3 3.44093e-005
1038.6 4.03174e-005
1040.1 1.69649e-006
1040.11 1.69649e-006
1040.2 3.57171e-005
1040.21 3.57171e-005
1040.3 3.44093e-005
1040.31 3.44093e-005
1040.6 4.03174e-005
1040.61 4.03174e-005
1042.1 1.69649e-006
1042.2 3.57171e-005
1042.3 3.44093e-005
1042.6 4.03174e-005
1044.1 1.69649e-006
1044.2 3.57171e-005
1044.3 3.44093e-005
1044.6 4.03174e-005
1045.11 1.69649e-006
1045.21 3.57171e-005
1045.31 3.44093e-005
1045.61 4.03174e-005
1046.1 1.69649e-006
1046.2 3.57171e-005
1046.3 3.44093e-005
1046.6 4.03174e-005
1048.1 1.69649e-006
1048.2 3.57171e-005
1048.3 3.44093e-005
1048.6 4.03174e-005
1050.1 1.69649e-006
1050.11 1.69649e-006
1050.2 3.57171e-005
1050.21 3.57171e-005
1050.3 3.44093e-005
1050.31 3.44093e-005
1050.6 4.03174e-005
1050.61 4.03174e-005
1052.1 1.69649e-006
1052.2 3.57171e-005
1052.3 3.44093e-005
1052.6 4.03174e-005
1054.1 1.69649e-006
1054.2 3.57171e-005
1054.3 3.44093e-005
1054.6 4.03174e-005
1055.11 1.69649e-006
1055.21 3.57171e-005
1055.31 3.44093e-005
1055.61 4.03174e-005
1056.1 1.69649e-006
1056.2 3.57171e-005
1056.3 3.44093e-005
1056.6 4.03174e-005
1058.1 1.69649e-006
1058.2 3.57171e-005
1058.3 3.44093e-005
1058.6 4.03174e-005
1060.1 1.69649e-006
1060.11 1.69649e-006
1060.2 3.57171e-005
1060.21 3.57171e-005
1060.3 3.44093e-005
1060.31 3.44093e-005
1060.6 4.03174e-005
1060.61 4.03174e-005
1062.1 1.69649e-006
1062.2 3.57171e-005
1062.3 3.44093e-005
1062.6 4.03174e-005
1064.1 1.69649e-006
1064.2 3.57171e-005
1064.3 3.44093e-005
1064.6 4.03174e-005
1065.11 1.69649e-006
1065.21 3.57171e-005
1065.31 3.44093e-005
1065.61 4.03174e-005
1066.1 1.69649e-006
1066.2 3.57171e-005
1066.3 3.44093e-005
1068.1 1.69649e-006
1068.2 3.57171e-005
1068.3 3.44093e-005
1068.6 4.03174e-005
1070.1 1.69649e-006
1070.11 1.69649e-006
1070.2 3.57171e-005
1070.21 3.57171e-005
1070.3 3.44093e-005
1070.31 3.44093e-005
1070.61 4.03174e-005
1072.1 1.69649e-006
1072.2 3.57171e-005
1072.3 3.44093e-005
1072.6 4.03174e-005
1074.1 1.69649e-006
1074.2 3.57171e-005
1074.3 3.44093e-005
1074.6 4.03174e-005
1075.11 1.69649e-006
1075.21 3.57171e-005
1075.31 3.44093e-005
1075.61 4.03174e-005
1076.1 1.69649e-006
1076.2 3.57171e-005
1076.3 3.44093e-005
1076.6 4.03174e-005
1078.1 1.69649e-006
1078.2 3.57171e-005
1078.3 3.44093e-005
1078.6 4.03174e-005
1080.1 1.69649e-006
1080.11 1.69649e-006
1080.2 3.57171e-005
1080.21 3.57171e-005
1080.3 3.44093e-005
1080.31 3.44093e-005
1080.6 4.03174e-005
1080.61 4.03174e-005
1082.1 1.69649e-006
1082.2 3.57171e-005
1082.3 3.44093e-005
1082.6 4.03174e-005
1084.1 1.69649e-006
1084.2 3.57171e-005
1084.3 3.44093e-005
1084.6 4.03174e-005
1085.11 1.69649e-006
1085.21 3.57171e-005
1085.31 3.44093e-005
1085.61 4.03174e-005
1086.1 1.69649e-006
1086.2 3.57171e-005
1086.3 3.44093e-005
1086.6 4.03174e-005
1088.1 1.69649e-006
1088.2 3.57171e-005
1088.3 3.44093e-005
1088.6 4.03174e-005
1090.1 1.69649e-006
1090.11 1.69649e-006
1090.2 3.57171e-005
1090.21 3.57171e-005
1090.3 3.44093e-005
1090.31 3.44093e-005
1090.6 4.03174e-005
1090.61 4.03174e-005
1092.1 1.69649e-006
1092.2 3.57171e-005
1092.3 3.44093e-005
1092.6 4.03174e-005
1094.1 1.69649e-006
1094.2 3.57171e-005
1094.3 3.44093e-005
1094.6 4.03174e-005
1095.11 1.69649e-006
1095.21 3.57171e-005
1095.31 3.44093e-005
1095.61 4.03174e-005
1096.1 1.69649e-006
1096.2 3.57171e-005
1096.3 3.44093e-005
1096.6 4.03174e-005
1098.1 1.69649e-006
1098.2 3.57171e-005
1098.3 3.44093e-005
1098.6 4.03174e-005
1100.1 1.69649e-006
1100.11 1.69649e-006
1100.2 3.57171e-005
1100.21 3.57171e-005
1100.3 3.44093e-005
1100.31 3.44093e-005
1100.6 4.03174e-005
1100.61 4.03174e-005
1102.1 1.69649e-006
1102.2 3.57171e-005
1102.3 3.44093e-005
1102.6 4.03174e-005
1104.1 1.69649e-006
1104.2 3.57171e-005
1104.3 3.44093e-005
1104.6 4.03174e-005
1105.11 1.69649e-006
1105.21 3.57171e-005
1105.31 3.44093e-005
1105.61 4.03174e-005
1106.1 1.69649e-006
1106.2 3.57171e-005
1106.3 3.44093e-005
1106.6 4.03174e-005
1108.1 1.69649e-006
1108.2 3.57171e-005
1108.3 3.44093e-005
1110.1 1.69649e-006
1110.11 1.69649e-006
1110.2 3.57171e-005
1110.21 3.57171e-005
1110.3 3.44093e-005
1110.31 3.44093e-005
1110.6 4.03174e-005
1110.61 4.03174e-005
1112.1 1.69649e-006
1112.2 3.57171e-005
1112.3 3.44093e-005
1112.6 4.03174e-005
1114.1 1.69649e-006
1114.2 3.57171e-005
1114.3 3.44093e-005
1115.11 1.69649e-006
1115.21 3.57171e-005
1115.31 3.44093e-005
1115.61 4.03174e-005
1116.1 1.69649e-006
1116.2 3.57171e-005
1116.3 3.44093e-005
1116.6 4.03174e-005
1118.1 1.69649e-006
1118.2 3.57171e-005
1118.3 3.44093e-005
1118.6 4.03174e-005
1120.1 1.69649e-006
1120.11 1.69649e-006
1120.2 3.57171e-005
1120.21 3.57171e-005
1120.3 3.44093e-005
1120.31 3.44093e-005
1120.6 4.03174e-005
1120.61 4.03174e-005
1122.1 1.69649e-006
1122.2 3.57171e-005
1122.3 3.44093e-005
1122.6 4.03174e-005
1124.1 1.69649e-006
1124.2 3.57171e-005
1124.3 3.44093e-005
1124.6 4.03174e-005
1125.11 1.69649e-006
1125.21 3.57171e-005
1125.31 3.44093e-005
1125.61 4.03174e-005
1126.1 1.69649e-006
1126.2 3.57171e-005
1126.3 3.44093e-005
1126.6 4.03174e-005
1128.1 1.69649e-006
1128.2 3.57171e-005
1128.3 3.44093e-005
1128.6 4.03174e-005
1130.1 1.69649e-006
1130.11 1.69649e-006
1130.2 3.57171e-005
1130.21 3.57171e-005
1130.3 3.44093e-005
1130.31 3.44093e-005
1130.6 4.03174e-005
1130.61 4.03174e-005
1132.1 1.69649e-006
1132.2 3.57171e-005
1132.3 3.44093e-005
1132.6 4.03174e-005
1134.1 1.69649e-006
1134.2 3.57171e-005
1134.3 3.44093e-005
1134.6 4.03174e-005
1135.11 1.69649e-006
1135.21 3.57171e-005
1135.31 3.44093e-005
1135.61 4.03174e-005
1136.1 1.69649e-006
1136.2 3.57171e-005
1136.3 3.44093e-005
1136.6 4.03174e-005
1138.1 1.69649e-006
1138.2 3.57171e-005
1138.3 3.44093e-005
1138.6 4.03174e-005
1140.1 1.69649e-006
1140.11 1.69649e-006
1140.2 3.57171e-005
1140.21 3.57171e-005
1140.3 3.44093e-005
1140.31 3.44093e-005
1140.6 4.03174e-005
1140.61 4.03174e-005
1142.1 1.69649e-006
1142.2 3.57171e-005
1142.3 3.44093e-005
1142.6 4.03174e-005
1144.1 1.69649e-006
1144.2 3.57171e-005
1144.3 3.44093e-005
1144.6 4.03174e-005
1145.11 1.69649e-006
1145.21 3.57171e-005
1145.31 3.44093e-005
1145.61 4.03174e-005
1146.1 1.69649e-006
1146.2 3.57171e-005
1146.3 3.44093e-005
1148.1 1.69649e-006
1148.2 3.57171e-005
1148.3 3.44093e-005
1148.6 4.03174e-005
1150.1 1.69649e-006
1150.11 1.69649e-006
1150.2 3.57171e-005
1150.21 3.57171e-005
1150.3 3.44093e-005
1150.31 3.44093e-005
1150.6 4.03174e-005
1150.61 4.03174e-005
1152.1 1.69649e-006
1152.2 3.57171e-005
1152.3 3.44093e-005
1152.6 4.03174e-005
1154.1 1.69649e-006
1154.2 3.57171e-005
1154.3 3.44093e-005
1154.6 4.03174e-005
1155.11 1.69649e-006
1155.21 3.57171e-005
1155.31 3.44093e-005
1155.61 4.03174e-005
1156.1 1.69649e-006
1156.2 3.57171e-005
1156.3 3.44093e-005
1156.6 4.03174e-005
1158.1 1.69649e-006
1158.2 3.57171e-005
1158.3 3.44093e-005
1158.6 4.03174e-005
1160.1 1.69649e-006
1160.11 1.69649e-006
1160.2 3.57171e-005
1160.21 3.57171e-005
1160.3 3.44093e-005
1160.31 3.44093e-005
1160.6 4.03174e-005
1160.61 4.03174e-005
1162.1 1.69649e-006
1162.2 3.57171e-005
1162.3 3.44093e-005
1164.1 1.69649e-006
1164.2 3.57171e-005
1164.3 3.44093e-005
1164.6 4.03174e-005
1165.11 1.69649e-006
1165.21 3.57171e-005
1165.31 3.44093e-005
1165.61 4.03174e-005
1166.1 1.69649e-006
1166.2 3.57171e-005
1166.3 3.44093e-005
1166.6 4.03174e-005
1168.1 1.69649e-006
1168.2 3.57171e-005
1168.3 3.44093e-005
1168.6 4.03174e-005
1170.1 1.69649e-006
1170.11 1.69649e-006
1170.2 3.57171e-005
1170.21 3.57171e-005
1170.3 3.44093e-005
1170.31 3.44093e-005
1170.6 4.03174e-005
1170.61 4.03174e-005
1172.1 1.69649e-006
1172.2 3.57171e-005
1172.3 3.44093e-005
1172.6 4.03174e-005
1174.1 1.69649e-006
1174.2 3.57171e-005
1174.3 3.44093e-005
1174.6 4.03174e-005
1175.11 1.69649e-006
1175.21 3.57171e-005
1175.31 3.44093e-005
1175.61 4.03174e-005
1176.1 1.69649e-006
1176.2 3.57171e-005
1176.3 3.44093e-005
1176.6 4.03174e-005
1178.1 1.69649e-006
1178.2 3.57171e-005
1178.3 3.44093e-005
1178.6 4.03174e-005
1180.1 1.69649e-006
1180.11 1.69649e-006
1180.2 3.57171e-005
1180.21 3.57171e-005
1180.3 3.44093e-005
1180.31 3.44093e-005
1180.6 4.03174e-005
1180.61 4.03174e-005
1182.1 1.69649e-006
1182.2 3.57171e-005
1182.3 3.44093e-005
1182.6 4.03174e-005
1184.1 1.69649e-006
1184.2 3.57171e-005
1184.3 3.44093e-005
1184.6 4.03174e-005
1185.11 1.69649e-006
1185.21 3.57171e-005
1185.31 3.44093e-005
1185.61 4.03174e-005
1186.1 1.69649e-006
1186.2 3.57171e-005
1186.3 3.44093e-005
1186.6 4.03174e-005
1188.1 1.69649e-006
1188.2 3.57171e-005
1188.3 3.44093e-005
1188.6 4.03174e-005
1190.1 1.69649e-006
1190.11 1.69649e-006
1190.2 3.57171e-005
1190.21 3.57171e-005
1190.3 3.44093e-005
1190.31 3.44093e-005
1190.6 4.03174e-005
1190.61 4.03174e-005
1192.1 1.69649e-006
1192.2 3.57171e-005
1192.3 3.44093e-005
1192.6 4.03174e-005
1194.1 1.69649e-006
1194.2 3.57171e-005
1194.3 3.44093e-005
1194.6 4.03174e-005
1195.11 1.69649e-006
1195.21 3.57171e-005
1195.31 3.44093e-005
1196.1 1.69649e-006
1196.2 3.57171e-005
1196.3 3.44093e-005
1196.6 4.03174e-005
1198.1 1.69649e-006
1198.2 3.57171e-005
1198.3 3.44093e-005
1198.6 4.03174e-005
