0.0500375 3.29847e-005
0.0550343 3.29935e-005
0.15003 2.34225e-005
0.155025 2.34236e-005
0.200057 4.87701e-005
0.20505 4.87889e-005
0.300053 4.42734e-005
0.305046 4.42829e-005
0.350049 3.835e-005
0.35504 3.83555e-005
2.05004 3.66433e-005
2.15003 2.38701e-005
2.30006 4.81715e-005
2.35006 4.05864e-005
4.05005 4.05304e-005
4.15004 2.43226e-005
4.35006 4.28698e-005
5.05504 4.25503e-005
5.15503 2.45517e-005
5.35507 4.40326e-005
6.05005 4.45862e-005
6.15005 2.47797e-005
6.35008 4.5193e-005
8.15006 2.52411e-005
10.0551 5.29088e-005
10.15 2.56857e-005
10.155 2.56865e-005
10.3551 4.97941e-005
12.0501 5.21009e-005
12.15 2.77568e-005
14.1501 3.26969e-005
15.0551 5.20911e-005
15.1551 3.59182e-005
15.3051 5.08151e-005
16.0501 5.24092e-005
16.1501 3.94424e-005
16.3001 4.85381e-005
18.1501 4.72258e-005
18.3001 4.43315e-005
20.3001 4.0597e-005
20.305 4.05867e-005
22.0501 4.98211e-005
22.3001 3.74798e-005
24.0501 4.49056e-005
24.1501 2.98718e-005
24.3001 3.66762e-005
25.055 4.25803e-005
25.155 2.39068e-005
25.3051 3.72098e-005
26.0501 4.03956e-005
26.1501 1.81318e-005
26.3001 3.83318e-005
28.05 3.64422e-005
28.15 8.12727e-006
28.2001 3.77805e-005
28.3001 4.2158e-005
30.0501 3.32754e-005
30.055 3.32717e-005
30.15 9.88884e-006
30.155 9.90059e-006
30.2001 2.65064e-005
30.205 2.65093e-005
30.3001 4.71751e-005
30.305 4.71826e-005
32.0501 3.20727e-005
32.15 1.46373e-005
32.2001 2.76872e-005
34.05 3.15297e-005
34.15 1.94042e-005
34.2 2.8917e-005
34.3501 4.09811e-005
35.055 3.15183e-005
35.155 2.18027e-005
35.205 2.95516e-005
35.2551 4.77882e-005
35.3551 3.68875e-005
36.05 3.16805e-005
36.15 2.41787e-005
36.2001 3.01898e-005
36.2501 4.27496e-005
36.3501 3.30983e-005
38.05 3.25154e-005
38.15 2.8957e-005
38.2001 3.15003e-005
38.2501 3.29056e-005
38.3501 2.67236e-005
40.0501 3.38267e-005
40.055 3.38156e-005
40.15 3.2757e-005
40.155 3.27365e-005
40.2001 3.23646e-005
40.205 3.2357e-005
40.2501 2.54396e-005
40.255 2.54507e-005
40.3501 2.40986e-005
40.355 2.41078e-005
42.0501 3.10322e-005
42.1501 2.56649e-005
42.2001 3.30899e-005
42.2501 3.05697e-005
42.3501 2.89596e-005
44.0501 3.20478e-005
44.15 2.22145e-005
44.2001 4.04396e-005
44.2501 3.66447e-005
44.3501 3.54478e-005
45.0551 3.39392e-005
45.155 2.24613e-005
45.2051 4.57494e-005
45.2551 3.99211e-005
45.3551 3.9076e-005
46.0501 3.65575e-005
46.15 2.40291e-005
46.2501 4.32685e-005
46.3501 4.28302e-005
48.15 3.01735e-005
48.3501 5.07177e-005
50.1501 3.78333e-005
50.155 3.78296e-005
52.1501 3.75567e-005
54.1501 3.96564e-005
54.2501 4.31536e-005
55.0551 4.98627e-005
55.155 4.15111e-005
55.255 4.20589e-005
56.1501 4.37919e-005
56.2501 4.19502e-005
58.0501 5.2959e-005
58.2501 4.46315e-005
60.2001 5.18652e-005
60.2051 5.18513e-005
60.2501 4.94849e-005
60.2551 4.94808e-005
60.5001 4.22011e-005
60.505 4.22276e-005
62.0501 4.62639e-005
62.1501 4.74261e-005
62.2001 4.65758e-005
64.05 3.73781e-005
64.2001 4.19872e-005
64.2501 4.67374e-005
65.055 3.35496e-005
65.1551 3.76505e-005
65.2051 4.00232e-005
65.2551 4.62401e-005
65.3551 5.1691e-005
66.05 3.03956e-005
66.1501 3.51139e-005
66.2001 3.83513e-005
66.2501 4.58297e-005
66.3501 4.3186e-005
68.0501 2.68452e-005
68.15 3.16019e-005
68.2001 3.59585e-005
68.2501 4.52598e-005
68.3501 2.66033e-005
70.0501 2.80559e-005
70.055 2.80642e-005
70.1501 3.0284e-005
70.155 3.02692e-005
70.2001 3.48698e-005
70.205 3.48645e-005
70.2501 4.50828e-005
70.255 4.50836e-005
70.3501 1.54866e-005
70.355 1.54963e-005
72.0501 3.22646e-005
72.1501 2.45324e-005
72.2001 3.28319e-005
72.2501 4.57185e-005
72.35 2.01786e-005
74.0501 3.77884e-005
74.15 1.94411e-005
74.2 3.09541e-005
74.2501 4.69738e-005
74.35 2.58392e-005
75.055 4.08978e-005
75.155 1.73192e-005
75.205 3.00805e-005
75.255 4.78241e-005
75.355 2.88743e-005
76.0501 4.4136e-005
76.15 1.56674e-005
76.2 2.92673e-005
76.2501 4.88009e-005
76.3501 3.19579e-005
76.6001 5.00046e-005
78.15 1.42961e-005
78.2 2.78061e-005
78.2501 5.11386e-005
78.3501 3.83158e-005
78.4501 5.2403e-005
78.6001 3.58395e-005
80.1501 1.57233e-005
80.155 1.57235e-005
80.2001 2.72243e-005
80.205 2.72371e-005
80.3501 4.34334e-005
80.3551 4.34318e-005
80.4001 4.80931e-005
80.4051 4.81078e-005
80.4501 4.92091e-005
80.4551 4.92563e-005
80.6001 3.17502e-005
80.605 3.17965e-005
82.0501 4.62708e-005
82.1501 1.92731e-005
82.2001 3.31248e-005
82.3501 4.66621e-005
84.0501 3.49411e-005
84.1501 2.71973e-005
85.055 2.93443e-005
85.155 3.1888e-005
86.05 2.39253e-005
86.1501 3.67688e-005
88.05 1.39845e-005
88.1501 4.69917e-005
90.05 9.70327e-006
90.055 9.72674e-006
92.05 1.9126e-005
92.1501 4.49108e-005
94.05 2.85665e-005
94.1501 3.70989e-005
95.055 3.33123e-005
95.155 3.50379e-005
96.0501 3.80116e-005
96.1501 3.45631e-005
98.0501 4.74585e-005
98.1501 3.8364e-005
100.15 4.51703e-005
100.155 4.51353e-005
102.15 3.23277e-005
104.05 3.6978e-005
104.15 2.4282e-005
105.055 3.21007e-005
105.155 2.37595e-005
105.305 4.18614e-005
105.355 5.05424e-005
106.05 2.72791e-005
106.15 2.59602e-005
106.3 3.28112e-005
108.05 1.76341e-005
108.15 3.60284e-005
108.3 1.48556e-005
110.05 8.49517e-006
110.055 8.4989e-006
110.15 4.86076e-005
110.155 4.861e-005
110.3 3.5886e-006
110.305 3.58634e-006
112.05 1.27841e-005
112.15 4.97121e-005
112.3 1.76774e-005
114.05 1.96655e-005
114.3 3.5013e-005
115.055 2.34261e-005
115.155 5.19413e-005
115.305 4.37791e-005
116.05 2.72408e-005
116.3 5.24703e-005
118.05 3.50632e-005
120.05 4.26472e-005
120.055 4.26321e-005
122.05 3.66657e-005
122.15 5.30445e-005
124.05 3.08932e-005
124.15 4.96321e-005
125.055 2.81121e-005
125.155 4.79431e-005
125.255 5.17919e-005
126.05 2.5472e-005
126.15 4.62905e-005
126.3 4.70778e-005
128.05 2.06803e-005
128.15 4.30361e-005
128.3 3.58688e-005
130.05 1.74714e-005
130.055 1.75057e-005
130.15 4.00435e-005
130.155 4.00412e-005
130.255 4.96467e-005
130.3 2.93716e-005
130.305 2.94073e-005
130.355 5.19197e-005
132.05 3.18436e-005
132.15 4.05666e-005
132.25 4.02928e-005
132.3 4.46991e-005
134.05 4.66615e-005
134.15 4.38478e-005
134.25 3.45585e-005
135.155 4.63731e-005
135.255 3.36919e-005
136.25 3.43473e-005
138.25 3.97475e-005
140.255 4.77293e-005
142.15 4.36207e-005
142.2 4.68466e-005
144.15 2.50625e-005
144.2 4.84415e-005
145.155 1.61558e-005
145.205 5.1318e-005
146.05 5.10306e-005
146.15 8.81427e-006
148.05 3.81354e-005
148.15 1.58578e-005
148.35 4.16989e-005
148.6 4.51205e-005
150.05 2.64267e-005
150.055 2.64463e-005
150.15 3.12737e-005
150.155 3.12326e-005
150.35 3.58445e-005
150.355 3.58545e-005
150.6 3.6455e-005
150.605 3.64821e-005
150.65 5.04431e-005
150.655 5.04771e-005
152.05 3.46502e-005
152.15 1.51239e-005
152.35 4.02595e-005
154.05 4.32826e-005
154.15 6.56538e-006
154.2 4.50721e-005
154.35 4.53375e-005
155.055 4.77053e-005
155.155 1.27522e-005
155.205 3.89564e-005
155.355 4.80746e-005
156.05 5.21213e-005
156.15 2.05223e-005
156.2 3.41945e-005
158.15 3.69176e-005
158.2 3.08564e-005
160.15 5.12627e-005
160.155 5.12281e-005
160.2 3.62146e-005
160.205 3.62162e-005
162.15 3.82265e-005
162.2 3.84026e-005
164.15 2.83293e-005
164.2 4.32993e-005
165.055 5.30341e-005
165.155 2.57543e-005
165.205 4.65323e-005
165.305 4.90964e-005
166.05 5.22489e-005
166.15 2.55291e-005
166.3 4.33558e-005
168.15 3.17616e-005
168.3 3.94299e-005
170.15 4.19436e-005
170.155 4.19311e-005
170.3 4.29686e-005
170.305 4.29294e-005
172.15 3.72094e-005
172.3 2.9183e-005
174.05 4.2906e-005
174.15 3.32574e-005
174.2 4.84647e-005
174.3 2.39663e-005
175.055 4.0145e-005
175.155 3.16615e-005
175.205 4.46939e-005
175.255 3.83954e-005
175.305 2.65682e-005
176.05 3.81016e-005
176.15 3.03942e-005
176.2 4.12366e-005
176.25 3.0325e-005
176.3 3.18512e-005
176.35 3.40961e-005
176.6 4.87392e-005
178.05 3.65026e-005
178.15 2.89448e-005
178.2 3.544e-005
178.25 1.51327e-005
178.3 4.66047e-005
178.35 1.94476e-005
178.4 4.36955e-005
178.6 4.23729e-005
180.05 3.82278e-005
180.055 3.82088e-005
180.15 2.99659e-005
180.155 2.99964e-005
180.2 3.2158e-005
180.205 3.21595e-005
180.25 1.0885e-005
180.255 1.09165e-005
180.35 9.51035e-006
180.355 9.51908e-006
180.4 3.50613e-005
180.405 3.50568e-005
180.6 4.05995e-005
180.605 4.05858e-005
182.05 3.05982e-005
182.15 4.26046e-005
182.2 3.27969e-005
182.25 2.69716e-005
182.3 4.2119e-005
182.35 1.64938e-005
182.4 3.59673e-005
182.6 3.58816e-005
184.05 2.29747e-005
184.2 3.35138e-005
184.25 4.47754e-005
184.3 2.70548e-005
184.35 2.61408e-005
184.4 4.17232e-005
184.6 3.32493e-005
185.055 1.91485e-005
185.205 3.39019e-005
185.305 2.08948e-005
185.355 3.12527e-005
185.605 3.28876e-005
186.05 1.53665e-005
186.2 3.43038e-005
186.3 1.71631e-005
186.35 3.63914e-005
186.6 3.32024e-005
188.05 7.81873e-006
188.2 3.51619e-005
188.3 2.14906e-005
188.6 3.57512e-005
190.05 1.69649e-006
190.055 1.69649e-006
190.2 3.59884e-005
190.205 3.59884e-005
190.3 3.28548e-005
190.305 3.28548e-005
190.6 3.88278e-005
190.605 3.88278e-005
192.05 1.69649e-006
192.2 3.59884e-005
192.3 3.28548e-005
192.6 3.88278e-005
194.05 1.69649e-006
194.2 3.59884e-005
194.3 3.28548e-005
194.6 3.88278e-005
195.055 1.69649e-006
195.205 3.59884e-005
195.305 3.28548e-005
195.605 3.88278e-005
196.05 1.69649e-006
196.2 3.59884e-005
196.3 3.28548e-005
196.6 3.88278e-005
198.05 1.69649e-006
198.2 3.59884e-005
198.3 3.28548e-005
198.6 3.88278e-005
200.05 1.69649e-006
200.055 1.69649e-006
200.2 3.59884e-005
200.205 3.59884e-005
200.3 3.28548e-005
200.305 3.28548e-005
200.6 3.88278e-005
200.605 3.88278e-005
202.05 1.69649e-006
202.2 3.59884e-005
202.3 3.28548e-005
202.6 3.88278e-005
204.05 1.69649e-006
204.2 3.59884e-005
204.3 3.28548e-005
204.6 3.88278e-005
205.055 1.69649e-006
205.205 3.59884e-005
205.305 3.28548e-005
205.605 3.88278e-005
206.05 1.69649e-006
206.2 3.59884e-005
206.3 3.28548e-005
206.6 3.88278e-005
208.05 1.69649e-006
208.2 3.59884e-005
208.3 3.28548e-005
208.6 3.88278e-005
210.05 1.69649e-006
210.055 1.69649e-006
210.2 3.59884e-005
210.205 3.59884e-005
210.3 3.28548e-005
210.305 3.28548e-005
210.6 3.88278e-005
210.605 3.88278e-005
212.05 1.69649e-006
212.2 3.59884e-005
212.3 3.28548e-005
212.6 3.88278e-005
214.05 1.69649e-006
214.2 3.59884e-005
214.3 3.28548e-005
215.055 1.69649e-006
215.205 3.59884e-005
215.305 3.28548e-005
215.605 3.88278e-005
216.05 1.69649e-006
216.2 3.59884e-005
216.3 3.28548e-005
216.6 3.88278e-005
218.05 1.69649e-006
218.2 3.59884e-005
218.3 3.28548e-005
218.6 3.88278e-005
220.05 1.69649e-006
220.055 1.69649e-006
220.2 3.59884e-005
220.205 3.59884e-005
220.3 3.28548e-005
220.305 3.28548e-005
220.6 3.88278e-005
220.605 3.88278e-005
222.05 1.69649e-006
222.2 3.59884e-005
222.3 3.28548e-005
222.6 3.88278e-005
224.05 1.69649e-006
224.2 3.59884e-005
224.3 3.28548e-005
224.6 3.88278e-005
225.055 1.69649e-006
225.205 3.59884e-005
225.305 3.28548e-005
225.605 3.88278e-005
226.05 1.69649e-006
226.2 3.59884e-005
226.3 3.28548e-005
226.6 3.88278e-005
228.05 1.69649e-006
228.2 3.59884e-005
228.3 3.28548e-005
228.6 3.88278e-005
230.05 1.69649e-006
230.055 1.69649e-006
230.2 3.59884e-005
230.205 3.59884e-005
230.3 3.28548e-005
230.305 3.28548e-005
230.6 3.88278e-005
230.605 3.88278e-005
232.05 1.69649e-006
232.2 3.59884e-005
232.3 3.28548e-005
232.6 3.88278e-005
234.05 1.69649e-006
234.2 3.59884e-005
234.3 3.28548e-005
234.6 3.88278e-005
235.055 1.69649e-006
235.205 3.59884e-005
235.305 3.28548e-005
235.605 3.88278e-005
236.05 1.69649e-006
236.2 3.59884e-005
236.3 3.28548e-005
236.6 3.88278e-005
238.05 1.69649e-006
238.2 3.59884e-005
238.3 3.28548e-005
238.6 3.88278e-005
240.05 1.69649e-006
240.055 1.69649e-006
240.2 3.59884e-005
240.205 3.59884e-005
240.3 3.28548e-005
240.305 3.28548e-005
240.6 3.88278e-005
240.605 3.88278e-005
242.05 1.69649e-006
242.2 3.59884e-005
242.3 3.28548e-005
242.6 3.88278e-005
244.05 1.69649e-006
244.2 3.59884e-005
244.3 3.28548e-005
244.6 3.88278e-005
245.055 1.69649e-006
245.205 3.59884e-005
245.305 3.28548e-005
245.605 3.88278e-005
246.05 1.69649e-006
246.2 3.59884e-005
246.3 3.28548e-005
246.6 3.88278e-005
248.05 1.69649e-006
248.2 3.59884e-005
248.3 3.28548e-005
248.6 3.88278e-005
250.05 1.69649e-006
250.055 1.69649e-006
250.2 3.59884e-005
250.205 3.59884e-005
250.3 3.28548e-005
250.305 3.28548e-005
250.6 3.88278e-005
250.605 3.88278e-005
252.05 1.69649e-006
252.2 3.59884e-005
252.3 3.28548e-005
252.6 3.88278e-005
254.05 1.69649e-006
254.2 3.59884e-005
254.3 3.28548e-005
254.6 3.88278e-005
255.055 1.69649e-006
255.205 3.59884e-005
255.305 3.28548e-005
255.605 3.88278e-005
256.05 1.69649e-006
256.2 3.59884e-005
256.3 3.28548e-005
256.6 3.88278e-005
258.05 1.69649e-006
258.2 3.59884e-005
258.3 3.28548e-005
258.6 3.88278e-005
260.05 1.69649e-006
260.055 1.69649e-006
260.2 3.59884e-005
260.205 3.59884e-005
260.3 3.28548e-005
260.305 3.28548e-005
260.6 3.88278e-005
260.605 3.88278e-005
262.05 1.69649e-006
262.2 3.59884e-005
262.3 3.28548e-005
262.6 3.88278e-005
264.05 1.69649e-006
264.2 3.59884e-005
264.3 3.28548e-005
264.6 3.88278e-005
265.055 1.69649e-006
265.205 3.59884e-005
265.305 3.28548e-005
265.605 3.88278e-005
266.05 1.69649e-006
266.2 3.59884e-005
266.3 3.28548e-005
266.6 3.88278e-005
268.05 1.69649e-006
268.2 3.59884e-005
268.3 3.28548e-005
268.6 3.88278e-005
270.05 1.69649e-006
270.055 1.69649e-006
270.2 3.59884e-005
270.205 3.59884e-005
270.3 3.28548e-005
270.305 3.28548e-005
270.6 3.88278e-005
270.605 3.88278e-005
272.05 1.69649e-006
272.2 3.59884e-005
272.3 3.28548e-005
272.6 3.88278e-005
274.05 1.69649e-006
274.2 3.59884e-005
274.3 3.28548e-005
274.6 3.88278e-005
275.055 1.69649e-006
275.205 3.59884e-005
275.305 3.28548e-005
275.605 3.88278e-005
276.05 1.69649e-006
276.2 3.59884e-005
276.3 3.28548e-005
276.6 3.88278e-005
278.05 1.69649e-006
278.2 3.59884e-005
278.3 3.28548e-005
278.6 3.88278e-005
280.05 1.69649e-006
280.055 1.69649e-006
280.2 3.59884e-005
280.205 3.59884e-005
280.3 3.28548e-005
280.305 3.28548e-005
280.6 3.88278e-005
280.605 3.88278e-005
282.05 1.69649e-006
282.2 3.59884e-005
282.3 3.28548e-005
282.6 3.88278e-005
284.05 1.69649e-006
284.2 3.59884e-005
284.3 3.28548e-005
284.6 3.88278e-005
285.055 1.69649e-006
285.205 3.59884e-005
285.305 3.28548e-005
285.605 3.88278e-005
286.05 1.69649e-006
286.2 3.59884e-005
286.3 3.28548e-005
286.6 3.88278e-005
288.05 1.69649e-006
288.2 3.59884e-005
288.3 3.28548e-005
288.6 3.88278e-005
290.05 1.69649e-006
290.055 1.69649e-006
290.2 3.59884e-005
290.205 3.59884e-005
290.3 3.28548e-005
290.305 3.28548e-005
290.6 3.88278e-005
290.605 3.88278e-005
292.05 1.69649e-006
292.2 3.59884e-005
292.3 3.28548e-005
292.6 3.88278e-005
294.05 1.69649e-006
294.2 3.59884e-005
294.3 3.28548e-005
294.6 3.88278e-005
295.055 1.69649e-006
295.205 3.59884e-005
295.305 3.28548e-005
295.605 3.88278e-005
296.05 1.69649e-006
296.2 3.59884e-005
296.3 3.28548e-005
296.6 3.88278e-005
298.05 1.69649e-006
298.2 3.59884e-005
298.3 3.28548e-005
298.6 3.88278e-005
300.05 1.69649e-006
300.055 1.69649e-006
300.2 3.59884e-005
300.205 3.59884e-005
300.3 3.28548e-005
300.305 3.28548e-005
300.6 3.88278e-005
300.605 3.88278e-005
302.05 1.69649e-006
302.2 3.59884e-005
302.3 3.28548e-005
302.6 3.88278e-005
304.05 1.69649e-006
304.2 3.59884e-005
304.3 3.28548e-005
304.6 3.88278e-005
305.055 1.69649e-006
305.205 3.59884e-005
305.305 3.28548e-005
305.605 3.88278e-005
306.05 1.69649e-006
306.2 3.59884e-005
306.3 3.28548e-005
306.6 3.88278e-005
308.05 1.69649e-006
308.2 3.59884e-005
308.3 3.28548e-005
308.6 3.88278e-005
310.05 1.69649e-006
310.055 1.69649e-006
310.2 3.59884e-005
310.205 3.59884e-005
310.3 3.28548e-005
310.305 3.28548e-005
310.6 3.88278e-005
310.605 3.88278e-005
312.05 1.69649e-006
312.2 3.59884e-005
312.3 3.28548e-005
312.6 3.88278e-005
314.05 1.69649e-006
314.2 3.59884e-005
314.3 3.28548e-005
314.6 3.88278e-005
315.055 1.69649e-006
315.205 3.59884e-005
315.305 3.28548e-005
315.605 3.88278e-005
316.05 1.69649e-006
316.2 3.59884e-005
316.3 3.28548e-005
316.6 3.88278e-005
318.05 1.69649e-006
318.2 3.59884e-005
318.3 3.28548e-005
318.6 3.88278e-005
320.05 1.69649e-006
320.055 1.69649e-006
320.2 3.59884e-005
320.205 3.59884e-005
320.3 3.28548e-005
320.305 3.28548e-005
320.6 3.88278e-005
320.605 3.88278e-005
322.05 1.69649e-006
322.2 3.59884e-005
322.3 3.28548e-005
322.6 3.88278e-005
324.05 1.69649e-006
324.2 3.59884e-005
324.3 3.28548e-005
324.6 3.88278e-005
325.055 1.69649e-006
325.205 3.59884e-005
325.305 3.28548e-005
325.605 3.88278e-005
326.05 1.69649e-006
326.2 3.59884e-005
326.3 3.28548e-005
326.6 3.88278e-005
328.05 1.69649e-006
328.2 3.59884e-005
328.3 3.28548e-005
328.6 3.88278e-005
330.05 1.69649e-006
330.055 1.69649e-006
330.2 3.59884e-005
330.205 3.59884e-005
330.3 3.28548e-005
330.305 3.28548e-005
330.6 3.88278e-005
330.605 3.88278e-005
332.05 1.69649e-006
332.2 3.59884e-005
332.3 3.28548e-005
332.6 3.88278e-005
334.05 1.69649e-006
334.2 3.59884e-005
334.3 3.28548e-005
334.6 3.88278e-005
335.055 1.69649e-006
335.205 3.59884e-005
335.305 3.28548e-005
335.605 3.88278e-005
336.05 1.69649e-006
336.2 3.59884e-005
336.3 3.28548e-005
336.6 3.88278e-005
338.05 1.69649e-006
338.2 3.59884e-005
338.3 3.28548e-005
338.6 3.88278e-005
340.05 1.69649e-006
340.055 1.69649e-006
340.2 3.59884e-005
340.205 3.59884e-005
340.3 3.28548e-005
340.305 3.28548e-005
340.6 3.88278e-005
340.605 3.88278e-005
342.05 1.69649e-006
342.3 3.28548e-005
342.6 3.88278e-005
344.05 1.69649e-006
344.2 3.59884e-005
344.3 3.28548e-005
344.6 3.88278e-005
345.055 1.69649e-006
345.205 3.59884e-005
345.305 3.28548e-005
345.605 3.88278e-005
346.05 1.69649e-006
346.2 3.59884e-005
346.3 3.28548e-005
346.6 3.88278e-005
348.05 1.69649e-006
348.2 3.59884e-005
348.3 3.28548e-005
348.6 3.88278e-005
350.05 1.69649e-006
350.055 1.69649e-006
350.2 3.59884e-005
350.205 3.59884e-005
350.3 3.28548e-005
350.305 3.28548e-005
350.6 3.88278e-005
350.605 3.88278e-005
352.05 1.69649e-006
352.2 3.59884e-005
352.3 3.28548e-005
352.6 3.88278e-005
354.05 1.69649e-006
354.2 3.59884e-005
354.3 3.28548e-005
354.6 3.88278e-005
355.055 1.69649e-006
355.205 3.59884e-005
355.305 3.28548e-005
355.605 3.88278e-005
356.05 1.69649e-006
356.2 3.59884e-005
356.3 3.28548e-005
356.6 3.88278e-005
358.05 1.69649e-006
358.2 3.59884e-005
358.3 3.28548e-005
358.6 3.88278e-005
360.05 1.69649e-006
360.055 1.69649e-006
360.2 3.59884e-005
360.205 3.59884e-005
360.3 3.28548e-005
360.305 3.28548e-005
360.6 3.88278e-005
360.605 3.88278e-005
362.05 1.69649e-006
362.2 3.59884e-005
362.3 3.28548e-005
362.6 3.88278e-005
364.05 1.69649e-006
364.2 3.59884e-005
364.3 3.28548e-005
364.6 3.88278e-005
365.055 1.69649e-006
365.205 3.59884e-005
365.305 3.28548e-005
365.605 3.88278e-005
366.05 1.69649e-006
366.2 3.59884e-005
366.3 3.28548e-005
366.6 3.88278e-005
368.05 1.69649e-006
368.2 3.59884e-005
368.3 3.28548e-005
370.05 1.69649e-006
370.055 1.69649e-006
370.2 3.59884e-005
370.205 3.59884e-005
370.3 3.28548e-005
370.305 3.28548e-005
370.6 3.88278e-005
370.605 3.88278e-005
372.05 1.69649e-006
372.2 3.59884e-005
372.3 3.28548e-005
372.6 3.88278e-005
374.05 1.69649e-006
374.2 3.59884e-005
374.3 3.28548e-005
374.6 3.88278e-005
375.055 1.69649e-006
375.205 3.59884e-005
375.305 3.28548e-005
375.605 3.88278e-005
376.05 1.69649e-006
376.2 3.59884e-005
376.3 3.28548e-005
376.6 3.88278e-005
378.05 1.69649e-006
378.2 3.59884e-005
378.3 3.28548e-005
378.6 3.88278e-005
380.05 1.69649e-006
380.055 1.69649e-006
380.2 3.59884e-005
380.205 3.59884e-005
380.3 3.28548e-005
380.305 3.28548e-005
380.6 3.88278e-005
380.605 3.88278e-005
382.05 1.69649e-006
382.2 3.59884e-005
382.3 3.28548e-005
382.6 3.88278e-005
384.05 1.69649e-006
384.2 3.59884e-005
384.3 3.28548e-005
384.6 3.88278e-005
385.055 1.69649e-006
385.205 3.59884e-005
385.305 3.28548e-005
385.605 3.88278e-005
386.05 1.69649e-006
386.2 3.59884e-005
386.3 3.28548e-005
386.6 3.88278e-005
388.05 1.69649e-006
388.2 3.59884e-005
388.3 3.28548e-005
388.6 3.88278e-005
390.05 1.69649e-006
390.055 1.69649e-006
390.2 3.59884e-005
390.205 3.59884e-005
390.3 3.28548e-005
390.305 3.28548e-005
390.6 3.88278e-005
390.605 3.88278e-005
392.05 1.69649e-006
392.2 3.59884e-005
392.3 3.28548e-005
392.6 3.88278e-005
394.05 1.69649e-006
394.2 3.59884e-005
394.3 3.28548e-005
394.6 3.88278e-005
395.055 1.69649e-006
395.205 3.59884e-005
395.305 3.28548e-005
395.605 3.88278e-005
396.05 1.69649e-006
396.2 3.59884e-005
396.3 3.28548e-005
396.6 3.88278e-005
398.05 1.69649e-006
398.2 3.59884e-005
398.3 3.28548e-005
398.6 3.88278e-005
400.05 1.69649e-006
400.055 1.69649e-006
400.2 3.59884e-005
400.205 3.59884e-005
400.3 3.28548e-005
400.305 3.28548e-005
400.6 3.88278e-005
400.605 3.88278e-005
402.05 1.69649e-006
402.2 3.59884e-005
402.3 3.28548e-005
402.6 3.88278e-005
404.05 1.69649e-006
404.2 3.59884e-005
404.3 3.28548e-005
404.6 3.88278e-005
405.055 1.69649e-006
405.205 3.59884e-005
405.305 3.28548e-005
405.605 3.88278e-005
406.05 1.69649e-006
406.2 3.59884e-005
406.3 3.28548e-005
406.6 3.88278e-005
408.05 1.69649e-006
408.2 3.59884e-005
408.3 3.28548e-005
408.6 3.88278e-005
410.05 1.69649e-006
410.055 1.69649e-006
410.2 3.59884e-005
410.205 3.59884e-005
410.3 3.28548e-005
410.305 3.28548e-005
410.6 3.88278e-005
412.05 1.69649e-006
412.2 3.59884e-005
412.3 3.28548e-005
412.6 3.88278e-005
414.05 1.69649e-006
414.2 3.59884e-005
414.3 3.28548e-005
414.6 3.88278e-005
415.055 1.69649e-006
415.205 3.59884e-005
415.305 3.28548e-005
415.605 3.88278e-005
416.05 1.69649e-006
416.2 3.59884e-005
416.3 3.28548e-005
416.6 3.88278e-005
418.05 1.69649e-006
418.2 3.59884e-005
418.3 3.28548e-005
418.6 3.88278e-005
420.05 1.69649e-006
420.055 1.69649e-006
420.2 3.59884e-005
420.205 3.59884e-005
420.3 3.28548e-005
420.305 3.28548e-005
420.6 3.88278e-005
420.605 3.88278e-005
422.05 1.69649e-006
422.2 3.59884e-005
422.3 3.28548e-005
422.6 3.88278e-005
424.05 1.69649e-006
424.2 3.59884e-005
424.3 3.28548e-005
424.6 3.88278e-005
425.055 1.69649e-006
425.205 3.59884e-005
425.305 3.28548e-005
425.605 3.88278e-005
426.05 1.69649e-006
426.2 3.59884e-005
426.3 3.28548e-005
426.6 3.88278e-005
428.05 1.69649e-006
428.2 3.59884e-005
428.3 3.28548e-005
428.6 3.88278e-005
430.05 1.69649e-006
430.055 1.69649e-006
430.2 3.59884e-005
430.205 3.59884e-005
430.3 3.28548e-005
430.305 3.28548e-005
430.6 3.88278e-005
430.605 3.88278e-005
432.05 1.69649e-006
432.2 3.59884e-005
432.3 3.28548e-005
432.6 3.88278e-005
434.05 1.69649e-006
434.2 3.59884e-005
434.3 3.28548e-005
434.6 3.88278e-005
435.055 1.69649e-006
435.205 3.59884e-005
435.305 3.28548e-005
435.605 3.88278e-005
436.05 1.69649e-006
436.2 3.59884e-005
436.3 3.28548e-005
436.6 3.88278e-005
438.05 1.69649e-006
438.2 3.59884e-005
438.3 3.28548e-005
438.6 3.88278e-005
440.05 1.69649e-006
440.055 1.69649e-006
440.2 3.59884e-005
440.205 3.59884e-005
440.3 3.28548e-005
440.305 3.28548e-005
440.6 3.88278e-005
440.605 3.88278e-005
442.05 1.69649e-006
442.2 3.59884e-005
442.3 3.28548e-005
442.6 3.88278e-005
444.05 1.69649e-006
444.2 3.59884e-005
444.3 3.28548e-005
444.6 3.88278e-005
445.055 1.69649e-006
445.205 3.59884e-005
445.305 3.28548e-005
445.605 3.88278e-005
446.05 1.69649e-006
446.2 3.59884e-005
446.3 3.28548e-005
446.6 3.88278e-005
448.05 1.69649e-006
448.2 3.59884e-005
448.3 3.28548e-005
448.6 3.88278e-005
450.05 1.69649e-006
450.055 1.69649e-006
450.2 3.59884e-005
450.205 3.59884e-005
450.3 3.28548e-005
450.305 3.28548e-005
450.6 3.88278e-005
450.605 3.88278e-005
452.05 1.69649e-006
452.2 3.59884e-005
452.3 3.28548e-005
452.6 3.88278e-005
454.05 1.69649e-006
454.2 3.59884e-005
454.3 3.28548e-005
454.6 3.88278e-005
455.055 1.69649e-006
455.205 3.59884e-005
455.305 3.28548e-005
455.605 3.88278e-005
456.05 1.69649e-006
456.2 3.59884e-005
456.3 3.28548e-005
456.6 3.88278e-005
458.05 1.69649e-006
458.2 3.59884e-005
458.3 3.28548e-005
458.6 3.88278e-005
460.05 1.69649e-006
460.055 1.69649e-006
460.2 3.59884e-005
460.205 3.59884e-005
460.3 3.28548e-005
460.305 3.28548e-005
460.6 3.88278e-005
460.605 3.88278e-005
462.05 1.69649e-006
462.2 3.59884e-005
462.3 3.28548e-005
462.6 3.88278e-005
464.05 1.69649e-006
464.2 3.59884e-005
464.3 3.28548e-005
464.6 3.88278e-005
465.055 1.69649e-006
465.205 3.59884e-005
465.305 3.28548e-005
465.605 3.88278e-005
466.05 1.69649e-006
466.2 3.59884e-005
466.3 3.28548e-005
466.6 3.88278e-005
468.05 1.69649e-006
468.2 3.59884e-005
468.3 3.28548e-005
468.6 3.88278e-005
470.05 1.69649e-006
470.055 1.69649e-006
470.2 3.59884e-005
470.205 3.59884e-005
470.3 3.28548e-005
470.305 3.28548e-005
470.6 3.88278e-005
470.605 3.88278e-005
472.05 1.69649e-006
472.3 3.28548e-005
472.6 3.88278e-005
474.05 1.69649e-006
474.2 3.59884e-005
474.3 3.28548e-005
474.6 3.88278e-005
475.055 1.69649e-006
475.205 3.59884e-005
475.305 3.28548e-005
475.605 3.88278e-005
476.05 1.69649e-006
476.2 3.59884e-005
476.3 3.28548e-005
476.6 3.88278e-005
478.05 1.69649e-006
478.2 3.59884e-005
478.3 3.28548e-005
478.6 3.88278e-005
480.05 1.69649e-006
480.055 1.69649e-006
480.2 3.59884e-005
480.205 3.59884e-005
480.3 3.28548e-005
480.305 3.28548e-005
480.6 3.88278e-005
480.605 3.88278e-005
482.05 1.69649e-006
482.2 3.59884e-005
482.3 3.28548e-005
482.6 3.88278e-005
484.05 1.69649e-006
484.2 3.59884e-005
484.3 3.28548e-005
484.6 3.88278e-005
485.055 1.69649e-006
485.205 3.59884e-005
485.305 3.28548e-005
485.605 3.88278e-005
486.05 1.69649e-006
486.2 3.59884e-005
486.3 3.28548e-005
486.6 3.88278e-005
488.05 1.69649e-006
488.2 3.59884e-005
488.3 3.28548e-005
488.6 3.88278e-005
490.05 1.69649e-006
490.055 1.69649e-006
490.2 3.59884e-005
490.205 3.59884e-005
490.3 3.28548e-005
490.305 3.28548e-005
490.6 3.88278e-005
490.605 3.88278e-005
492.05 1.69649e-006
492.2 3.59884e-005
492.3 3.28548e-005
492.6 3.88278e-005
494.05 1.69649e-006
494.2 3.59884e-005
494.3 3.28548e-005
494.6 3.88278e-005
495.055 1.69649e-006
495.205 3.59884e-005
495.305 3.28548e-005
495.605 3.88278e-005
496.05 1.69649e-006
496.2 3.59884e-005
496.3 3.28548e-005
496.6 3.88278e-005
498.05 1.69649e-006
498.2 3.59884e-005
498.3 3.28548e-005
498.6 3.88278e-005
500.05 1.69649e-006
500.055 1.69649e-006
500.2 3.59884e-005
500.205 3.59884e-005
500.3 3.28548e-005
500.305 3.28548e-005
500.6 3.88278e-005
500.605 3.88278e-005
502.05 1.69649e-006
502.2 3.59884e-005
502.3 3.28548e-005
502.6 3.88278e-005
504.05 1.69649e-006
504.2 3.59884e-005
504.3 3.28548e-005
504.6 3.88278e-005
505.055 1.69649e-006
505.205 3.59884e-005
505.305 3.28548e-005
505.605 3.88278e-005
506.05 1.69649e-006
506.2 3.59884e-005
506.3 3.28548e-005
506.6 3.88278e-005
508.05 1.69649e-006
508.2 3.59884e-005
508.3 3.28548e-005
508.6 3.88278e-005
510.05 1.69649e-006
510.055 1.69649e-006
510.2 3.59884e-005
510.205 3.59884e-005
510.3 3.28548e-005
510.305 3.28548e-005
510.6 3.88278e-005
510.605 3.88278e-005
512.05 1.69649e-006
512.2 3.59884e-005
512.3 3.28548e-005
512.6 3.88278e-005
514.05 1.69649e-006
514.2 3.59884e-005
514.3 3.28548e-005
514.6 3.88278e-005
515.055 1.69649e-006
515.205 3.59884e-005
515.305 3.28548e-005
515.605 3.88278e-005
516.05 1.69649e-006
516.2 3.59884e-005
516.3 3.28548e-005
516.6 3.88278e-005
518.05 1.69649e-006
518.2 3.59884e-005
518.3 3.28548e-005
518.6 3.88278e-005
520.05 1.69649e-006
520.055 1.69649e-006
520.2 3.59884e-005
520.205 3.59884e-005
520.3 3.28548e-005
520.305 3.28548e-005
520.6 3.88278e-005
520.605 3.88278e-005
522.05 1.69649e-006
522.2 3.59884e-005
522.3 3.28548e-005
522.6 3.88278e-005
524.05 1.69649e-006
524.2 3.59884e-005
524.3 3.28548e-005
524.6 3.88278e-005
525.055 1.69649e-006
525.205 3.59884e-005
525.305 3.28548e-005
525.605 3.88278e-005
526.05 1.69649e-006
526.2 3.59884e-005
526.3 3.28548e-005
526.6 3.88278e-005
528.05 1.69649e-006
528.2 3.59884e-005
528.3 3.28548e-005
528.6 3.88278e-005
530.05 1.69649e-006
530.055 1.69649e-006
530.2 3.59884e-005
530.205 3.59884e-005
530.3 3.28548e-005
530.305 3.28548e-005
530.6 3.88278e-005
530.605 3.88278e-005
532.05 1.69649e-006
532.2 3.59884e-005
532.3 3.28548e-005
532.6 3.88278e-005
534.05 1.69649e-006
534.2 3.59884e-005
534.3 3.28548e-005
534.6 3.88278e-005
535.055 1.69649e-006
535.205 3.59884e-005
535.305 3.28548e-005
535.605 3.88278e-005
536.05 1.69649e-006
536.2 3.59884e-005
536.3 3.28548e-005
536.6 3.88278e-005
538.05 1.69649e-006
538.2 3.59884e-005
538.3 3.28548e-005
538.6 3.88278e-005
540.05 1.69649e-006
540.055 1.69649e-006
540.2 3.59884e-005
540.205 3.59884e-005
540.3 3.28548e-005
540.305 3.28548e-005
540.6 3.88278e-005
540.605 3.88278e-005
542.05 1.69649e-006
542.2 3.59884e-005
542.3 3.28548e-005
542.6 3.88278e-005
544.05 1.69649e-006
544.2 3.59884e-005
544.3 3.28548e-005
544.6 3.88278e-005
545.055 1.69649e-006
545.205 3.59884e-005
545.305 3.28548e-005
545.605 3.88278e-005
546.05 1.69649e-006
546.2 3.59884e-005
546.3 3.28548e-005
546.6 3.88278e-005
548.05 1.69649e-006
548.2 3.59884e-005
548.3 3.28548e-005
548.6 3.88278e-005
550.05 1.69649e-006
550.055 1.69649e-006
550.2 3.59884e-005
550.205 3.59884e-005
550.3 3.28548e-005
550.305 3.28548e-005
550.6 3.88278e-005
550.605 3.88278e-005
552.05 1.69649e-006
552.2 3.59884e-005
552.3 3.28548e-005
554.05 1.69649e-006
554.2 3.59884e-005
554.3 3.28548e-005
554.6 3.88278e-005
555.055 1.69649e-006
555.205 3.59884e-005
555.305 3.28548e-005
555.605 3.88278e-005
556.05 1.69649e-006
556.2 3.59884e-005
556.3 3.28548e-005
556.6 3.88278e-005
558.05 1.69649e-006
558.2 3.59884e-005
558.3 3.28548e-005
558.6 3.88278e-005
560.05 1.69649e-006
560.055 1.69649e-006
560.2 3.59884e-005
560.205 3.59884e-005
560.3 3.28548e-005
560.305 3.28548e-005
560.6 3.88278e-005
560.605 3.88278e-005
562.05 1.69649e-006
562.2 3.59884e-005
562.3 3.28548e-005
562.6 3.88278e-005
564.05 1.69649e-006
564.2 3.59884e-005
564.3 3.28548e-005
564.6 3.88278e-005
565.055 1.69649e-006
565.205 3.59884e-005
565.305 3.28548e-005
565.605 3.88278e-005
566.05 1.69649e-006
566.2 3.59884e-005
566.3 3.28548e-005
566.6 3.88278e-005
568.05 1.69649e-006
568.2 3.59884e-005
568.3 3.28548e-005
568.6 3.88278e-005
570.05 1.69649e-006
570.055 1.69649e-006
570.2 3.59884e-005
570.205 3.59884e-005
570.3 3.28548e-005
570.305 3.28548e-005
570.6 3.88278e-005
570.605 3.88278e-005
572.05 1.69649e-006
572.2 3.59884e-005
572.3 3.28548e-005
572.6 3.88278e-005
574.05 1.69649e-006
574.2 3.59884e-005
574.3 3.28548e-005
574.6 3.88278e-005
575.055 1.69649e-006
575.205 3.59884e-005
575.305 3.28548e-005
575.605 3.88278e-005
576.05 1.69649e-006
576.2 3.59884e-005
576.3 3.28548e-005
576.6 3.88278e-005
578.05 1.69649e-006
578.2 3.59884e-005
578.3 3.28548e-005
578.6 3.88278e-005
580.05 1.69649e-006
580.055 1.69649e-006
580.2 3.59884e-005
580.205 3.59884e-005
580.3 3.28548e-005
580.305 3.28548e-005
580.6 3.88278e-005
580.605 3.88278e-005
582.05 1.69649e-006
582.2 3.59884e-005
582.3 3.28548e-005
582.6 3.88278e-005
584.05 1.69649e-006
584.2 3.59884e-005
584.3 3.28548e-005
584.6 3.88278e-005
585.055 1.69649e-006
585.205 3.59884e-005
585.305 3.28548e-005
585.605 3.88278e-005
586.05 1.69649e-006
586.2 3.59884e-005
586.3 3.28548e-005
586.6 3.88278e-005
588.05 1.69649e-006
588.2 3.59884e-005
588.3 3.28548e-005
588.6 3.88278e-005
590.05 1.69649e-006
590.055 1.69649e-006
590.2 3.59884e-005
590.205 3.59884e-005
590.3 3.28548e-005
590.305 3.28548e-005
590.6 3.88278e-005
590.605 3.88278e-005
592.05 1.69649e-006
592.2 3.59884e-005
592.3 3.28548e-005
592.6 3.88278e-005
594.05 1.69649e-006
594.2 3.59884e-005
594.3 3.28548e-005
594.6 3.88278e-005
595.055 1.69649e-006
595.205 3.59884e-005
595.305 3.28548e-005
595.605 3.88278e-005
596.05 1.69649e-006
596.2 3.59884e-005
596.3 3.28548e-005
596.6 3.88278e-005
598.05 1.69649e-006
598.2 3.59884e-005
598.3 3.28548e-005
598.6 3.88278e-005
600.05 1.69649e-006
600.055 1.69649e-006
600.2 3.59884e-005
600.205 3.59884e-005
600.3 3.28548e-005
600.305 3.28548e-005
600.6 3.88278e-005
600.605 3.88278e-005
602.05 1.69649e-006
602.2 3.59884e-005
602.3 3.28548e-005
602.6 3.88278e-005
604.05 1.69649e-006
604.2 3.59884e-005
604.3 3.28548e-005
604.6 3.88278e-005
605.055 1.69649e-006
605.205 3.59884e-005
605.305 3.28548e-005
605.605 3.88278e-005
606.05 1.69649e-006
606.2 3.59884e-005
606.3 3.28548e-005
606.6 3.88278e-005
608.05 1.69649e-006
608.2 3.59884e-005
608.3 3.28548e-005
608.6 3.88278e-005
610.05 1.69649e-006
610.055 1.69649e-006
610.2 3.59884e-005
610.205 3.59884e-005
610.3 3.28548e-005
610.305 3.28548e-005
610.6 3.88278e-005
610.605 3.88278e-005
612.05 1.69649e-006
612.2 3.59884e-005
612.3 3.28548e-005
612.6 3.88278e-005
614.05 1.69649e-006
614.2 3.59884e-005
614.3 3.28548e-005
614.6 3.88278e-005
615.055 1.69649e-006
615.205 3.59884e-005
615.305 3.28548e-005
615.605 3.88278e-005
616.05 1.69649e-006
616.2 3.59884e-005
616.3 3.28548e-005
616.6 3.88278e-005
618.05 1.69649e-006
618.2 3.59884e-005
618.3 3.28548e-005
618.6 3.88278e-005
620.05 1.69649e-006
620.055 1.69649e-006
620.2 3.59884e-005
620.205 3.59884e-005
620.3 3.28548e-005
620.305 3.28548e-005
620.6 3.88278e-005
620.605 3.88278e-005
622.05 1.69649e-006
622.2 3.59884e-005
622.3 3.28548e-005
622.6 3.88278e-005
624.05 1.69649e-006
624.2 3.59884e-005
624.3 3.28548e-005
624.6 3.88278e-005
625.055 1.69649e-006
625.205 3.59884e-005
625.305 3.28548e-005
625.605 3.88278e-005
626.05 1.69649e-006
626.3 3.28548e-005
626.6 3.88278e-005
628.05 1.69649e-006
628.2 3.59884e-005
628.3 3.28548e-005
628.6 3.88278e-005
630.05 1.69649e-006
630.055 1.69649e-006
630.2 3.59884e-005
630.205 3.59884e-005
630.3 3.28548e-005
630.305 3.28548e-005
630.6 3.88278e-005
630.605 3.88278e-005
632.05 1.69649e-006
632.2 3.59884e-005
632.3 3.28548e-005
632.6 3.88278e-005
634.05 1.69649e-006
634.2 3.59884e-005
634.3 3.28548e-005
634.6 3.88278e-005
635.055 1.69649e-006
635.205 3.59884e-005
635.305 3.28548e-005
635.605 3.88278e-005
636.05 1.69649e-006
636.2 3.59884e-005
636.3 3.28548e-005
638.05 1.69649e-006
638.2 3.59884e-005
638.3 3.28548e-005
638.6 3.88278e-005
640.05 1.69649e-006
640.055 1.69649e-006
640.2 3.59884e-005
640.205 3.59884e-005
640.3 3.28548e-005
640.305 3.28548e-005
640.6 3.88278e-005
640.605 3.88278e-005
642.05 1.69649e-006
642.2 3.59884e-005
642.3 3.28548e-005
642.6 3.88278e-005
644.05 1.69649e-006
644.2 3.59884e-005
644.3 3.28548e-005
644.6 3.88278e-005
645.055 1.69649e-006
645.205 3.59884e-005
645.305 3.28548e-005
645.605 3.88278e-005
646.05 1.69649e-006
646.2 3.59884e-005
646.3 3.28548e-005
646.6 3.88278e-005
648.05 1.69649e-006
648.2 3.59884e-005
648.3 3.28548e-005
648.6 3.88278e-005
650.05 1.69649e-006
650.055 1.69649e-006
650.2 3.59884e-005
650.205 3.59884e-005
650.3 3.28548e-005
650.305 3.28548e-005
650.6 3.88278e-005
650.605 3.88278e-005
652.05 1.69649e-006
652.2 3.59884e-005
652.3 3.28548e-005
652.6 3.88278e-005
654.05 1.69649e-006
654.2 3.59884e-005
654.3 3.28548e-005
654.6 3.88278e-005
655.055 1.69649e-006
655.205 3.59884e-005
655.305 3.28548e-005
655.605 3.88278e-005
656.05 1.69649e-006
656.2 3.59884e-005
656.3 3.28548e-005
656.6 3.88278e-005
658.05 1.69649e-006
658.2 3.59884e-005
658.3 3.28548e-005
658.6 3.88278e-005
660.05 1.69649e-006
660.055 1.69649e-006
660.2 3.59884e-005
660.205 3.59884e-005
660.3 3.28548e-005
660.305 3.28548e-005
660.6 3.88278e-005
660.605 3.88278e-005
662.05 1.69649e-006
662.2 3.59884e-005
662.3 3.28548e-005
662.6 3.88278e-005
664.05 1.69649e-006
664.2 3.59884e-005
664.3 3.28548e-005
664.6 3.88278e-005
665.055 1.69649e-006
665.205 3.59884e-005
665.305 3.28548e-005
665.605 3.88278e-005
666.05 1.69649e-006
666.2 3.59884e-005
666.3 3.28548e-005
666.6 3.88278e-005
668.05 1.69649e-006
668.3 3.28548e-005
668.6 3.88278e-005
670.05 1.69649e-006
670.055 1.69649e-006
670.2 3.59884e-005
670.205 3.59884e-005
670.3 3.28548e-005
670.305 3.28548e-005
670.6 3.88278e-005
670.605 3.88278e-005
672.05 1.69649e-006
672.2 3.59884e-005
672.3 3.28548e-005
672.6 3.88278e-005
674.05 1.69649e-006
674.2 3.59884e-005
674.3 3.28548e-005
674.6 3.88278e-005
675.055 1.69649e-006
675.205 3.59884e-005
675.305 3.28548e-005
675.605 3.88278e-005
676.05 1.69649e-006
676.2 3.59884e-005
676.3 3.28548e-005
676.6 3.88278e-005
678.05 1.69649e-006
678.2 3.59884e-005
678.3 3.28548e-005
678.6 3.88278e-005
680.05 1.69649e-006
680.055 1.69649e-006
680.2 3.59884e-005
680.205 3.59884e-005
680.3 3.28548e-005
680.305 3.28548e-005
680.6 3.88278e-005
680.605 3.88278e-005
682.05 1.69649e-006
682.2 3.59884e-005
682.3 3.28548e-005
682.6 3.88278e-005
684.05 1.69649e-006
684.2 3.59884e-005
684.3 3.28548e-005
684.6 3.88278e-005
685.055 1.69649e-006
685.205 3.59884e-005
685.305 3.28548e-005
685.605 3.88278e-005
686.05 1.69649e-006
686.2 3.59884e-005
686.3 3.28548e-005
686.6 3.88278e-005
688.05 1.69649e-006
688.2 3.59884e-005
688.3 3.28548e-005
688.6 3.88278e-005
690.05 1.69649e-006
690.055 1.69649e-006
690.2 3.59884e-005
690.205 3.59884e-005
690.3 3.28548e-005
690.305 3.28548e-005
690.6 3.88278e-005
690.605 3.88278e-005
692.05 1.69649e-006
692.2 3.59884e-005
692.3 3.28548e-005
692.6 3.88278e-005
694.05 1.69649e-006
694.2 3.59884e-005
694.3 3.28548e-005
694.6 3.88278e-005
695.055 1.69649e-006
695.205 3.59884e-005
695.305 3.28548e-005
695.605 3.88278e-005
696.05 1.69649e-006
696.2 3.59884e-005
696.3 3.28548e-005
696.6 3.88278e-005
698.05 1.69649e-006
698.2 3.59884e-005
698.3 3.28548e-005
698.6 3.88278e-005
700.05 1.69649e-006
700.055 1.69649e-006
700.2 3.59884e-005
700.205 3.59884e-005
700.3 3.28548e-005
700.305 3.28548e-005
700.6 3.88278e-005
700.605 3.88278e-005
702.05 1.69649e-006
702.2 3.59884e-005
702.3 3.28548e-005
702.6 3.88278e-005
704.05 1.69649e-006
704.2 3.59884e-005
704.3 3.28548e-005
704.6 3.88278e-005
705.055 1.69649e-006
705.205 3.59884e-005
705.305 3.28548e-005
705.605 3.88278e-005
706.05 1.69649e-006
706.2 3.59884e-005
706.3 3.28548e-005
706.6 3.88278e-005
708.05 1.69649e-006
708.2 3.59884e-005
708.3 3.28548e-005
708.6 3.88278e-005
710.05 1.69649e-006
710.055 1.69649e-006
710.2 3.59884e-005
710.205 3.59884e-005
710.3 3.28548e-005
710.305 3.28548e-005
710.6 3.88278e-005
710.605 3.88278e-005
712.05 1.69649e-006
712.2 3.59884e-005
712.3 3.28548e-005
712.6 3.88278e-005
714.05 1.69649e-006
714.2 3.59884e-005
714.3 3.28548e-005
714.6 3.88278e-005
715.055 1.69649e-006
715.205 3.59884e-005
715.305 3.28548e-005
715.605 3.88278e-005
716.05 1.69649e-006
716.2 3.59884e-005
716.3 3.28548e-005
716.6 3.88278e-005
718.05 1.69649e-006
718.2 3.59884e-005
718.3 3.28548e-005
718.6 3.88278e-005
720.05 1.69649e-006
720.055 1.69649e-006
720.2 3.59884e-005
720.205 3.59884e-005
720.3 3.28548e-005
720.305 3.28548e-005
720.6 3.88278e-005
720.605 3.88278e-005
722.05 1.69649e-006
722.2 3.59884e-005
722.3 3.28548e-005
722.6 3.88278e-005
724.05 1.69649e-006
724.2 3.59884e-005
724.3 3.28548e-005
724.6 3.88278e-005
725.055 1.69649e-006
725.205 3.59884e-005
725.305 3.28548e-005
725.605 3.88278e-005
726.05 1.69649e-006
726.2 3.59884e-005
726.3 3.28548e-005
726.6 3.88278e-005
728.05 1.69649e-006
728.2 3.59884e-005
728.3 3.28548e-005
728.6 3.88278e-005
730.05 1.69649e-006
730.055 1.69649e-006
730.2 3.59884e-005
730.205 3.59884e-005
730.3 3.28548e-005
730.305 3.28548e-005
730.6 3.88278e-005
730.605 3.88278e-005
732.05 1.69649e-006
732.2 3.59884e-005
732.3 3.28548e-005
732.6 3.88278e-005
734.05 1.69649e-006
734.2 3.59884e-005
734.3 3.28548e-005
734.6 3.88278e-005
735.055 1.69649e-006
735.205 3.59884e-005
735.305 3.28548e-005
735.605 3.88278e-005
736.05 1.69649e-006
736.2 3.59884e-005
736.3 3.28548e-005
736.6 3.88278e-005
738.05 1.69649e-006
738.2 3.59884e-005
738.3 3.28548e-005
738.6 3.88278e-005
740.05 1.69649e-006
740.055 1.69649e-006
740.2 3.59884e-005
740.205 3.59884e-005
740.3 3.28548e-005
740.305 3.28548e-005
740.6 3.88278e-005
740.605 3.88278e-005
742.05 1.69649e-006
742.2 3.59884e-005
742.3 3.28548e-005
742.6 3.88278e-005
744.05 1.69649e-006
744.3 3.28548e-005
744.6 3.88278e-005
745.055 1.69649e-006
745.205 3.59884e-005
745.305 3.28548e-005
745.605 3.88278e-005
746.05 1.69649e-006
746.2 3.59884e-005
746.3 3.28548e-005
746.6 3.88278e-005
748.05 1.69649e-006
748.2 3.59884e-005
748.3 3.28548e-005
748.6 3.88278e-005
750.05 1.69649e-006
750.055 1.69649e-006
750.2 3.59884e-005
750.205 3.59884e-005
750.3 3.28548e-005
750.305 3.28548e-005
750.605 3.88278e-005
752.05 1.69649e-006
752.2 3.59884e-005
752.3 3.28548e-005
752.6 3.88278e-005
754.05 1.69649e-006
754.2 3.59884e-005
754.3 3.28548e-005
754.6 3.88278e-005
755.055 1.69649e-006
755.205 3.59884e-005
755.305 3.28548e-005
755.605 3.88278e-005
756.05 1.69649e-006
756.2 3.59884e-005
756.3 3.28548e-005
756.6 3.88278e-005
758.05 1.69649e-006
758.2 3.59884e-005
758.3 3.28548e-005
758.6 3.88278e-005
760.05 1.69649e-006
760.055 1.69649e-006
760.2 3.59884e-005
760.205 3.59884e-005
760.3 3.28548e-005
760.305 3.28548e-005
760.6 3.88278e-005
760.605 3.88278e-005
762.05 1.69649e-006
762.2 3.59884e-005
762.3 3.28548e-005
762.6 3.88278e-005
764.05 1.69649e-006
764.2 3.59884e-005
764.3 3.28548e-005
764.6 3.88278e-005
765.055 1.69649e-006
765.205 3.59884e-005
765.305 3.28548e-005
765.605 3.88278e-005
766.05 1.69649e-006
766.2 3.59884e-005
766.3 3.28548e-005
766.6 3.88278e-005
768.05 1.69649e-006
768.2 3.59884e-005
768.3 3.28548e-005
768.6 3.88278e-005
770.05 1.69649e-006
770.055 1.69649e-006
770.2 3.59884e-005
770.205 3.59884e-005
770.3 3.28548e-005
770.305 3.28548e-005
770.6 3.88278e-005
770.605 3.88278e-005
772.05 1.69649e-006
772.2 3.59884e-005
772.3 3.28548e-005
772.6 3.88278e-005
774.05 1.69649e-006
774.2 3.59884e-005
774.3 3.28548e-005
774.6 3.88278e-005
775.055 1.69649e-006
775.205 3.59884e-005
775.305 3.28548e-005
775.605 3.88278e-005
776.05 1.69649e-006
776.2 3.59884e-005
776.3 3.28548e-005
776.6 3.88278e-005
778.05 1.69649e-006
778.2 3.59884e-005
778.3 3.28548e-005
778.6 3.88278e-005
780.05 1.69649e-006
780.055 1.69649e-006
780.2 3.59884e-005
780.205 3.59884e-005
780.3 3.28548e-005
780.305 3.28548e-005
780.6 3.88278e-005
780.605 3.88278e-005
782.05 1.69649e-006
782.2 3.59884e-005
782.3 3.28548e-005
782.6 3.88278e-005
784.05 1.69649e-006
784.2 3.59884e-005
784.3 3.28548e-005
784.6 3.88278e-005
785.055 1.69649e-006
785.205 3.59884e-005
785.305 3.28548e-005
785.605 3.88278e-005
786.05 1.69649e-006
786.2 3.59884e-005
786.3 3.28548e-005
786.6 3.88278e-005
788.05 1.69649e-006
788.2 3.59884e-005
788.3 3.28548e-005
788.6 3.88278e-005
790.05 1.69649e-006
790.055 1.69649e-006
790.2 3.59884e-005
790.205 3.59884e-005
790.3 3.28548e-005
790.305 3.28548e-005
790.6 3.88278e-005
790.605 3.88278e-005
792.05 1.69649e-006
792.2 3.59884e-005
792.3 3.28548e-005
792.6 3.88278e-005
794.05 1.69649e-006
794.2 3.59884e-005
794.3 3.28548e-005
794.6 3.88278e-005
795.055 1.69649e-006
795.205 3.59884e-005
795.305 3.28548e-005
795.605 3.88278e-005
796.05 1.69649e-006
796.2 3.59884e-005
796.3 3.28548e-005
796.6 3.88278e-005
798.05 1.69649e-006
798.2 3.59884e-005
798.3 3.28548e-005
798.6 3.88278e-005
800.05 1.69649e-006
800.055 1.69649e-006
800.2 3.59884e-005
800.205 3.59884e-005
800.3 3.28548e-005
800.305 3.28548e-005
800.6 3.88278e-005
800.605 3.88278e-005
802.05 1.69649e-006
802.2 3.59884e-005
802.3 3.28548e-005
802.6 3.88278e-005
804.05 1.69649e-006
804.2 3.59884e-005
804.3 3.28548e-005
804.6 3.88278e-005
805.055 1.69649e-006
805.205 3.59884e-005
805.305 3.28548e-005
805.605 3.88278e-005
806.05 1.69649e-006
806.2 3.59884e-005
806.3 3.28548e-005
806.6 3.88278e-005
808.05 1.69649e-006
808.2 3.59884e-005
808.3 3.28548e-005
808.6 3.88278e-005
810.05 1.69649e-006
810.055 1.69649e-006
810.2 3.59884e-005
810.205 3.59884e-005
810.3 3.28548e-005
810.305 3.28548e-005
810.6 3.88278e-005
810.605 3.88278e-005
812.05 1.69649e-006
812.2 3.59884e-005
812.3 3.28548e-005
812.6 3.88278e-005
814.05 1.69649e-006
814.2 3.59884e-005
814.3 3.28548e-005
814.6 3.88278e-005
815.055 1.69649e-006
815.205 3.59884e-005
815.305 3.28548e-005
815.605 3.88278e-005
816.05 1.69649e-006
816.2 3.59884e-005
816.3 3.28548e-005
816.6 3.88278e-005
818.05 1.69649e-006
818.2 3.59884e-005
818.3 3.28548e-005
818.6 3.88278e-005
820.05 1.69649e-006
820.055 1.69649e-006
820.2 3.59884e-005
820.205 3.59884e-005
820.3 3.28548e-005
820.305 3.28548e-005
820.6 3.88278e-005
820.605 3.88278e-005
822.05 1.69649e-006
822.2 3.59884e-005
822.3 3.28548e-005
822.6 3.88278e-005
824.05 1.69649e-006
824.2 3.59884e-005
824.3 3.28548e-005
824.6 3.88278e-005
825.055 1.69649e-006
825.205 3.59884e-005
825.305 3.28548e-005
825.605 3.88278e-005
826.05 1.69649e-006
826.2 3.59884e-005
826.3 3.28548e-005
826.6 3.88278e-005
828.05 1.69649e-006
828.2 3.59884e-005
828.3 3.28548e-005
828.6 3.88278e-005
830.05 1.69649e-006
830.055 1.69649e-006
830.2 3.59884e-005
830.205 3.59884e-005
830.3 3.28548e-005
830.305 3.28548e-005
830.6 3.88278e-005
830.605 3.88278e-005
832.05 1.69649e-006
832.2 3.59884e-005
832.3 3.28548e-005
832.6 3.88278e-005
834.05 1.69649e-006
834.2 3.59884e-005
834.3 3.28548e-005
834.6 3.88278e-005
835.055 1.69649e-006
835.205 3.59884e-005
835.305 3.28548e-005
835.605 3.88278e-005
836.05 1.69649e-006
836.2 3.59884e-005
836.3 3.28548e-005
836.6 3.88278e-005
838.05 1.69649e-006
838.2 3.59884e-005
838.3 3.28548e-005
838.6 3.88278e-005
840.05 1.69649e-006
840.055 1.69649e-006
840.2 3.59884e-005
840.205 3.59884e-005
840.3 3.28548e-005
840.305 3.28548e-005
840.605 3.88278e-005
842.05 1.69649e-006
842.2 3.59884e-005
842.3 3.28548e-005
842.6 3.88278e-005
844.05 1.69649e-006
844.2 3.59884e-005
844.3 3.28548e-005
844.6 3.88278e-005
845.055 1.69649e-006
845.205 3.59884e-005
845.305 3.28548e-005
845.605 3.88278e-005
846.05 1.69649e-006
846.2 3.59884e-005
846.3 3.28548e-005
846.6 3.88278e-005
848.05 1.69649e-006
848.2 3.59884e-005
848.3 3.28548e-005
848.6 3.88278e-005
850.05 1.69649e-006
850.055 1.69649e-006
850.2 3.59884e-005
850.205 3.59884e-005
850.3 3.28548e-005
850.305 3.28548e-005
850.6 3.88278e-005
850.605 3.88278e-005
852.05 1.69649e-006
852.2 3.59884e-005
852.3 3.28548e-005
854.05 1.69649e-006
854.2 3.59884e-005
854.3 3.28548e-005
854.6 3.88278e-005
855.055 1.69649e-006
855.205 3.59884e-005
855.305 3.28548e-005
855.605 3.88278e-005
856.05 1.69649e-006
856.2 3.59884e-005
856.3 3.28548e-005
856.6 3.88278e-005
858.05 1.69649e-006
858.2 3.59884e-005
858.3 3.28548e-005
858.6 3.88278e-005
860.05 1.69649e-006
860.055 1.69649e-006
860.2 3.59884e-005
860.205 3.59884e-005
860.3 3.28548e-005
860.305 3.28548e-005
860.6 3.88278e-005
860.605 3.88278e-005
862.05 1.69649e-006
862.2 3.59884e-005
862.3 3.28548e-005
862.6 3.88278e-005
864.05 1.69649e-006
864.2 3.59884e-005
864.3 3.28548e-005
864.6 3.88278e-005
865.055 1.69649e-006
865.205 3.59884e-005
865.305 3.28548e-005
865.605 3.88278e-005
866.05 1.69649e-006
866.2 3.59884e-005
866.3 3.28548e-005
866.6 3.88278e-005
868.05 1.69649e-006
868.2 3.59884e-005
868.3 3.28548e-005
868.6 3.88278e-005
870.05 1.69649e-006
870.055 1.69649e-006
870.2 3.59884e-005
870.205 3.59884e-005
870.3 3.28548e-005
870.305 3.28548e-005
870.6 3.88278e-005
870.605 3.88278e-005
872.05 1.69649e-006
872.2 3.59884e-005
872.3 3.28548e-005
872.6 3.88278e-005
874.05 1.69649e-006
874.2 3.59884e-005
874.3 3.28548e-005
874.6 3.88278e-005
875.055 1.69649e-006
875.205 3.59884e-005
875.305 3.28548e-005
875.605 3.88278e-005
876.05 1.69649e-006
876.2 3.59884e-005
876.3 3.28548e-005
876.6 3.88278e-005
878.05 1.69649e-006
878.2 3.59884e-005
878.3 3.28548e-005
878.6 3.88278e-005
880.05 1.69649e-006
880.055 1.69649e-006
880.2 3.59884e-005
880.205 3.59884e-005
880.3 3.28548e-005
880.305 3.28548e-005
880.6 3.88278e-005
880.605 3.88278e-005
882.05 1.69649e-006
882.2 3.59884e-005
882.3 3.28548e-005
882.6 3.88278e-005
884.05 1.69649e-006
884.2 3.59884e-005
884.3 3.28548e-005
884.6 3.88278e-005
885.055 1.69649e-006
885.205 3.59884e-005
885.305 3.28548e-005
885.605 3.88278e-005
886.05 1.69649e-006
886.2 3.59884e-005
886.3 3.28548e-005
886.6 3.88278e-005
888.05 1.69649e-006
888.2 3.59884e-005
888.3 3.28548e-005
888.6 3.88278e-005
890.05 1.69649e-006
890.055 1.69649e-006
890.2 3.59884e-005
890.205 3.59884e-005
890.3 3.28548e-005
890.305 3.28548e-005
890.6 3.88278e-005
890.605 3.88278e-005
892.05 1.69649e-006
892.2 3.59884e-005
892.3 3.28548e-005
892.6 3.88278e-005
894.05 1.69649e-006
894.2 3.59884e-005
894.3 3.28548e-005
894.6 3.88278e-005
895.055 1.69649e-006
895.205 3.59884e-005
895.305 3.28548e-005
895.605 3.88278e-005
896.05 1.69649e-006
896.2 3.59884e-005
896.3 3.28548e-005
896.6 3.88278e-005
898.05 1.69649e-006
898.2 3.59884e-005
898.3 3.28548e-005
898.6 3.88278e-005
900.05 1.69649e-006
900.055 1.69649e-006
900.2 3.59884e-005
900.205 3.59884e-005
900.3 3.28548e-005
900.305 3.28548e-005
900.6 3.88278e-005
900.605 3.88278e-005
902.05 1.69649e-006
902.2 3.59884e-005
902.3 3.28548e-005
902.6 3.88278e-005
904.05 1.69649e-006
904.2 3.59884e-005
904.3 3.28548e-005
904.6 3.88278e-005
905.055 1.69649e-006
905.205 3.59884e-005
905.305 3.28548e-005
905.605 3.88278e-005
906.05 1.69649e-006
906.2 3.59884e-005
906.3 3.28548e-005
906.6 3.88278e-005
908.05 1.69649e-006
908.2 3.59884e-005
908.3 3.28548e-005
908.6 3.88278e-005
910.05 1.69649e-006
910.055 1.69649e-006
910.2 3.59884e-005
910.205 3.59884e-005
910.3 3.28548e-005
910.305 3.28548e-005
910.6 3.88278e-005
910.605 3.88278e-005
912.05 1.69649e-006
912.2 3.59884e-005
912.3 3.28548e-005
912.6 3.88278e-005
914.05 1.69649e-006
914.2 3.59884e-005
914.3 3.28548e-005
914.6 3.88278e-005
915.055 1.69649e-006
915.205 3.59884e-005
915.305 3.28548e-005
915.605 3.88278e-005
916.05 1.69649e-006
916.2 3.59884e-005
916.3 3.28548e-005
916.6 3.88278e-005
918.05 1.69649e-006
918.2 3.59884e-005
918.3 3.28548e-005
918.6 3.88278e-005
920.05 1.69649e-006
920.055 1.69649e-006
920.2 3.59884e-005
920.205 3.59884e-005
920.3 3.28548e-005
920.305 3.28548e-005
920.6 3.88278e-005
920.605 3.88278e-005
922.05 1.69649e-006
922.2 3.59884e-005
922.3 3.28548e-005
922.6 3.88278e-005
924.05 1.69649e-006
924.3 3.28548e-005
924.6 3.88278e-005
925.055 1.69649e-006
925.205 3.59884e-005
925.305 3.28548e-005
925.605 3.88278e-005
926.05 1.69649e-006
926.2 3.59884e-005
926.3 3.28548e-005
926.6 3.88278e-005
928.05 1.69649e-006
928.2 3.59884e-005
928.3 3.28548e-005
928.6 3.88278e-005
930.05 1.69649e-006
930.055 1.69649e-006
930.2 3.59884e-005
930.205 3.59884e-005
930.3 3.28548e-005
930.305 3.28548e-005
930.6 3.88278e-005
930.605 3.88278e-005
932.05 1.69649e-006
932.2 3.59884e-005
932.3 3.28548e-005
932.6 3.88278e-005
934.05 1.69649e-006
934.2 3.59884e-005
934.3 3.28548e-005
934.6 3.88278e-005
935.055 1.69649e-006
935.205 3.59884e-005
935.305 3.28548e-005
935.605 3.88278e-005
936.05 1.69649e-006
936.2 3.59884e-005
936.3 3.28548e-005
936.6 3.88278e-005
938.05 1.69649e-006
938.2 3.59884e-005
938.3 3.28548e-005
938.6 3.88278e-005
940.05 1.69649e-006
940.055 1.69649e-006
940.2 3.59884e-005
940.205 3.59884e-005
940.3 3.28548e-005
940.305 3.28548e-005
940.6 3.88278e-005
940.605 3.88278e-005
942.05 1.69649e-006
942.2 3.59884e-005
942.3 3.28548e-005
942.6 3.88278e-005
944.05 1.69649e-006
944.2 3.59884e-005
944.3 3.28548e-005
944.6 3.88278e-005
945.055 1.69649e-006
945.205 3.59884e-005
945.305 3.28548e-005
945.605 3.88278e-005
946.05 1.69649e-006
946.2 3.59884e-005
946.3 3.28548e-005
946.6 3.88278e-005
948.05 1.69649e-006
948.2 3.59884e-005
948.3 3.28548e-005
948.6 3.88278e-005
950.05 1.69649e-006
950.055 1.69649e-006
950.2 3.59884e-005
950.205 3.59884e-005
950.3 3.28548e-005
950.305 3.28548e-005
950.6 3.88278e-005
950.605 3.88278e-005
952.05 1.69649e-006
952.2 3.59884e-005
952.3 3.28548e-005
952.6 3.88278e-005
954.05 1.69649e-006
954.2 3.59884e-005
954.3 3.28548e-005
954.6 3.88278e-005
955.055 1.69649e-006
955.205 3.59884e-005
955.305 3.28548e-005
955.605 3.88278e-005
956.05 1.69649e-006
956.2 3.59884e-005
956.3 3.28548e-005
956.6 3.88278e-005
958.05 1.69649e-006
958.2 3.59884e-005
958.3 3.28548e-005
958.6 3.88278e-005
960.05 1.69649e-006
960.055 1.69649e-006
960.2 3.59884e-005
960.205 3.59884e-005
960.3 3.28548e-005
960.305 3.28548e-005
960.6 3.88278e-005
960.605 3.88278e-005
962.05 1.69649e-006
962.2 3.59884e-005
962.3 3.28548e-005
962.6 3.88278e-005
964.05 1.69649e-006
964.2 3.59884e-005
964.3 3.28548e-005
964.6 3.88278e-005
965.055 1.69649e-006
965.205 3.59884e-005
965.305 3.28548e-005
965.605 3.88278e-005
966.05 1.69649e-006
966.2 3.59884e-005
966.3 3.28548e-005
966.6 3.88278e-005
968.05 1.69649e-006
968.2 3.59884e-005
968.3 3.28548e-005
968.6 3.88278e-005
970.05 1.69649e-006
970.055 1.69649e-006
970.2 3.59884e-005
970.205 3.59884e-005
970.3 3.28548e-005
970.305 3.28548e-005
970.6 3.88278e-005
970.605 3.88278e-005
972.05 1.69649e-006
972.2 3.59884e-005
972.3 3.28548e-005
972.6 3.88278e-005
974.05 1.69649e-006
974.2 3.59884e-005
974.3 3.28548e-005
974.6 3.88278e-005
975.055 1.69649e-006
975.205 3.59884e-005
975.305 3.28548e-005
975.605 3.88278e-005
976.05 1.69649e-006
976.2 3.59884e-005
976.3 3.28548e-005
976.6 3.88278e-005
978.05 1.69649e-006
978.2 3.59884e-005
978.3 3.28548e-005
978.6 3.88278e-005
980.05 1.69649e-006
980.055 1.69649e-006
980.205 3.59884e-005
980.3 3.28548e-005
980.305 3.28548e-005
980.6 3.88278e-005
980.605 3.88278e-005
982.05 1.69649e-006
982.2 3.59884e-005
982.3 3.28548e-005
982.6 3.88278e-005
984.05 1.69649e-006
984.2 3.59884e-005
984.3 3.28548e-005
984.6 3.88278e-005
985.055 1.69649e-006
985.205 3.59884e-005
985.305 3.28548e-005
985.605 3.88278e-005
986.05 1.69649e-006
986.2 3.59884e-005
986.3 3.28548e-005
986.6 3.88278e-005
988.05 1.69649e-006
988.2 3.59884e-005
988.3 3.28548e-005
988.6 3.88278e-005
990.05 1.69649e-006
990.055 1.69649e-006
990.2 3.59884e-005
990.205 3.59884e-005
990.3 3.28548e-005
990.305 3.28548e-005
990.6 3.88278e-005
990.605 3.88278e-005
992.05 1.69649e-006
992.2 3.59884e-005
992.3 3.28548e-005
992.6 3.88278e-005
994.05 1.69649e-006
994.2 3.59884e-005
994.3 3.28548e-005
994.6 3.88278e-005
995.055 1.69649e-006
995.205 3.59884e-005
995.305 3.28548e-005
995.605 3.88278e-005
996.05 1.69649e-006
996.2 3.59884e-005
996.3 3.28548e-005
996.6 3.88278e-005
998.05 1.69649e-006
998.2 3.59884e-005
998.3 3.28548e-005
998.6 3.88278e-005
1000.05 1.69649e-006
1000.06 1.69649e-006
1000.2 3.59884e-005
1000.21 3.59884e-005
1000.3 3.28548e-005
1000.31 3.28548e-005
1000.6 3.88278e-005
1000.61 3.88278e-005
1002.05 1.69649e-006
1002.2 3.59884e-005
1002.3 3.28548e-005
1002.6 3.88278e-005
1004.05 1.69649e-006
1004.2 3.59884e-005
1004.3 3.28548e-005
1004.6 3.88278e-005
1005.06 1.69649e-006
1005.21 3.59884e-005
1005.31 3.28548e-005
1005.61 3.88278e-005
1006.05 1.69649e-006
1006.2 3.59884e-005
1006.3 3.28548e-005
1006.6 3.88278e-005
1008.05 1.69649e-006
1008.2 3.59884e-005
1008.3 3.28548e-005
1008.6 3.88278e-005
1010.05 1.69649e-006
1010.06 1.69649e-006
1010.2 3.59884e-005
1010.21 3.59884e-005
1010.3 3.28548e-005
1010.31 3.28548e-005
1010.6 3.88278e-005
1010.61 3.88278e-005
1012.05 1.69649e-006
1012.2 3.59884e-005
1012.3 3.28548e-005
1012.6 3.88278e-005
1014.05 1.69649e-006
1014.2 3.59884e-005
1014.3 3.28548e-005
1015.06 1.69649e-006
1015.21 3.59884e-005
1015.31 3.28548e-005
1015.61 3.88278e-005
1016.05 1.69649e-006
1016.2 3.59884e-005
1016.3 3.28548e-005
1016.6 3.88278e-005
1018.05 1.69649e-006
1018.2 3.59884e-005
1018.3 3.28548e-005
1018.6 3.88278e-005
1020.05 1.69649e-006
1020.06 1.69649e-006
1020.2 3.59884e-005
1020.21 3.59884e-005
1020.3 3.28548e-005
1020.31 3.28548e-005
1020.6 3.88278e-005
1020.61 3.88278e-005
1022.05 1.69649e-006
1022.2 3.59884e-005
1022.3 3.28548e-005
1022.6 3.88278e-005
1024.05 1.69649e-006
1024.2 3.59884e-005
1024.3 3.28548e-005
1024.6 3.88278e-005
1025.06 1.69649e-006
1025.21 3.59884e-005
1025.31 3.28548e-005
1025.61 3.88278e-005
1026.05 1.69649e-006
1026.2 3.59884e-005
1026.3 3.28548e-005
1026.6 3.88278e-005
1028.05 1.69649e-006
1028.2 3.59884e-005
1028.3 3.28548e-005
1028.6 3.88278e-005
1030.05 1.69649e-006
1030.06 1.69649e-006
1030.2 3.59884e-005
1030.21 3.59884e-005
1030.31 3.28548e-005
1030.6 3.88278e-005
1030.61 3.88278e-005
1032.05 1.69649e-006
1032.2 3.59884e-005
1032.3 3.28548e-005
1032.6 3.88278e-005
1034.05 1.69649e-006
1034.2 3.59884e-005
1034.3 3.28548e-005
1034.6 3.88278e-005
1035.06 1.69649e-006
1035.21 3.59884e-005
1035.31 3.28548e-005
1035.61 3.88278e-005
1036.05 1.69649e-006
1036.2 3.59884e-005
1036.3 3.28548e-005
1036.6 3.88278e-005
1038.05 1.69649e-006
1038.2 3.59884e-005
1038.3 3.28548e-005
1038.6 3.88278e-005
1040.05 1.69649e-006
1040.06 1.69649e-006
1040.2 3.59884e-005
1040.21 3.59884e-005
1040.3 3.28548e-005
1040.31 3.28548e-005
1040.61 3.88278e-005
1042.05 1.69649e-006
1042.2 3.59884e-005
1042.3 3.28548e-005
1042.6 3.88278e-005
1044.05 1.69649e-006
1044.2 3.59884e-005
1044.3 3.28548e-005
1044.6 3.88278e-005
1045.06 1.69649e-006
1045.21 3.59884e-005
1045.31 3.28548e-005
1045.61 3.88278e-005
1046.05 1.69649e-006
1046.2 3.59884e-005
1046.3 3.28548e-005
1046.6 3.88278e-005
1048.05 1.69649e-006
1048.2 3.59884e-005
1048.3 3.28548e-005
1048.6 3.88278e-005
1050.05 1.69649e-006
1050.06 1.69649e-006
1050.2 3.59884e-005
1050.21 3.59884e-005
1050.3 3.28548e-005
1050.31 3.28548e-005
1050.6 3.88278e-005
1050.61 3.88278e-005
1052.05 1.69649e-006
1052.2 3.59884e-005
1052.3 3.28548e-005
1052.6 3.88278e-005
1054.05 1.69649e-006
1054.2 3.59884e-005
1054.3 3.28548e-005
1054.6 3.88278e-005
1055.06 1.69649e-006
1055.21 3.59884e-005
1055.31 3.28548e-005
1055.61 3.88278e-005
1056.05 1.69649e-006
1056.2 3.59884e-005
1056.3 3.28548e-005
1056.6 3.88278e-005
1058.05 1.69649e-006
1058.2 3.59884e-005
1058.3 3.28548e-005
1058.6 3.88278e-005
1060.05 1.69649e-006
1060.06 1.69649e-006
1060.2 3.59884e-005
1060.21 3.59884e-005
1060.3 3.28548e-005
1060.31 3.28548e-005
1060.6 3.88278e-005
1060.61 3.88278e-005
1062.05 1.69649e-006
1062.2 3.59884e-005
1062.3 3.28548e-005
1062.6 3.88278e-005
1064.05 1.69649e-006
1064.2 3.59884e-005
1064.3 3.28548e-005
1064.6 3.88278e-005
1065.06 1.69649e-006
1065.21 3.59884e-005
1065.31 3.28548e-005
1065.61 3.88278e-005
1066.05 1.69649e-006
1066.2 3.59884e-005
1066.3 3.28548e-005
1066.6 3.88278e-005
1068.05 1.69649e-006
1068.2 3.59884e-005
1068.3 3.28548e-005
1068.6 3.88278e-005
1070.05 1.69649e-006
1070.06 1.69649e-006
1070.2 3.59884e-005
1070.21 3.59884e-005
1070.3 3.28548e-005
1070.31 3.28548e-005
1070.6 3.88278e-005
1070.61 3.88278e-005
1072.05 1.69649e-006
1072.2 3.59884e-005
1072.3 3.28548e-005
1072.6 3.88278e-005
1074.05 1.69649e-006
1074.2 3.59884e-005
1074.3 3.28548e-005
1074.6 3.88278e-005
1075.06 1.69649e-006
1075.21 3.59884e-005
1075.31 3.28548e-005
1075.61 3.88278e-005
1076.05 1.69649e-006
1076.2 3.59884e-005
1076.3 3.28548e-005
1076.6 3.88278e-005
1078.05 1.69649e-006
1078.2 3.59884e-005
1078.3 3.28548e-005
1078.6 3.88278e-005
1080.05 1.69649e-006
1080.06 1.69649e-006
1080.2 3.59884e-005
1080.21 3.59884e-005
1080.3 3.28548e-005
1080.31 3.28548e-005
1080.6 3.88278e-005
1080.61 3.88278e-005
1082.05 1.69649e-006
1082.2 3.59884e-005
1082.3 3.28548e-005
1082.6 3.88278e-005
1084.05 1.69649e-006
1084.2 3.59884e-005
1084.3 3.28548e-005
1084.6 3.88278e-005
1085.06 1.69649e-006
1085.21 3.59884e-005
1085.31 3.28548e-005
1085.61 3.88278e-005
1086.05 1.69649e-006
1086.2 3.59884e-005
1086.3 3.28548e-005
1086.6 3.88278e-005
1088.05 1.69649e-006
1088.2 3.59884e-005
1088.3 3.28548e-005
1088.6 3.88278e-005
1090.05 1.69649e-006
1090.06 1.69649e-006
1090.2 3.59884e-005
1090.21 3.59884e-005
1090.3 3.28548e-005
1090.31 3.28548e-005
1090.6 3.88278e-005
1090.61 3.88278e-005
1092.05 1.69649e-006
1092.2 3.59884e-005
1092.3 3.28548e-005
1092.6 3.88278e-005
1094.05 1.69649e-006
1094.2 3.59884e-005
1094.3 3.28548e-005
1094.6 3.88278e-005
1095.06 1.69649e-006
1095.21 3.59884e-005
1095.31 3.28548e-005
1095.61 3.88278e-005
1096.05 1.69649e-006
1096.2 3.59884e-005
1096.3 3.28548e-005
1096.6 3.88278e-005
1098.05 1.69649e-006
1098.3 3.28548e-005
1098.6 3.88278e-005
1100.05 1.69649e-006
1100.06 1.69649e-006
1100.2 3.59884e-005
1100.21 3.59884e-005
1100.3 3.28548e-005
1100.31 3.28548e-005
1100.61 3.88278e-005
1102.05 1.69649e-006
1102.2 3.59884e-005
1102.3 3.28548e-005
1102.6 3.88278e-005
1104.05 1.69649e-006
1104.2 3.59884e-005
1104.3 3.28548e-005
1104.6 3.88278e-005
1105.06 1.69649e-006
1105.21 3.59884e-005
1105.31 3.28548e-005
1105.61 3.88278e-005
1106.05 1.69649e-006
1106.2 3.59884e-005
1106.3 3.28548e-005
1106.6 3.88278e-005
1108.05 1.69649e-006
1108.2 3.59884e-005
1108.3 3.28548e-005
1108.6 3.88278e-005
1110.05 1.69649e-006
1110.06 1.69649e-006
1110.2 3.59884e-005
1110.21 3.59884e-005
1110.3 3.28548e-005
1110.31 3.28548e-005
1110.6 3.88278e-005
1110.61 3.88278e-005
1112.05 1.69649e-006
1112.2 3.59884e-005
1112.3 3.28548e-005
1112.6 3.88278e-005
1114.05 1.69649e-006
1114.2 3.59884e-005
1114.3 3.28548e-005
1114.6 3.88278e-005
1115.06 1.69649e-006
1115.21 3.59884e-005
1115.31 3.28548e-005
1115.61 3.88278e-005
1116.05 1.69649e-006
1116.2 3.59884e-005
1116.3 3.28548e-005
1116.6 3.88278e-005
1118.05 1.69649e-006
1118.2 3.59884e-005
1118.3 3.28548e-005
1118.6 3.88278e-005
1120.05 1.69649e-006
1120.06 1.69649e-006
1120.2 3.59884e-005
1120.21 3.59884e-005
1120.3 3.28548e-005
1120.31 3.28548e-005
1120.6 3.88278e-005
1120.61 3.88278e-005
1122.05 1.69649e-006
1122.2 3.59884e-005
1122.3 3.28548e-005
1122.6 3.88278e-005
1124.05 1.69649e-006
1124.2 3.59884e-005
1124.3 3.28548e-005
1124.6 3.88278e-005
1125.06 1.69649e-006
1125.21 3.59884e-005
1125.31 3.28548e-005
1125.61 3.88278e-005
1126.05 1.69649e-006
1126.2 3.59884e-005
1126.3 3.28548e-005
1126.6 3.88278e-005
1128.05 1.69649e-006
1128.2 3.59884e-005
1128.3 3.28548e-005
1128.6 3.88278e-005
1130.05 1.69649e-006
1130.06 1.69649e-006
1130.2 3.59884e-005
1130.21 3.59884e-005
1130.3 3.28548e-005
1130.31 3.28548e-005
1130.6 3.88278e-005
1130.61 3.88278e-005
1132.05 1.69649e-006
1132.2 3.59884e-005
1132.3 3.28548e-005
1132.6 3.88278e-005
1134.05 1.69649e-006
1134.2 3.59884e-005
1134.3 3.28548e-005
1134.6 3.88278e-005
1135.06 1.69649e-006
1135.21 3.59884e-005
1135.31 3.28548e-005
1135.61 3.88278e-005
1136.05 1.69649e-006
1136.2 3.59884e-005
1136.3 3.28548e-005
1136.6 3.88278e-005
1138.05 1.69649e-006
1138.2 3.59884e-005
1138.3 3.28548e-005
1138.6 3.88278e-005
1140.05 1.69649e-006
1140.06 1.69649e-006
1140.2 3.59884e-005
1140.21 3.59884e-005
1140.3 3.28548e-005
1140.31 3.28548e-005
1140.6 3.88278e-005
1140.61 3.88278e-005
1142.05 1.69649e-006
1142.2 3.59884e-005
1142.3 3.28548e-005
1142.6 3.88278e-005
1144.05 1.69649e-006
1144.2 3.59884e-005
1144.3 3.28548e-005
1144.6 3.88278e-005
1145.06 1.69649e-006
1145.21 3.59884e-005
1145.31 3.28548e-005
1145.61 3.88278e-005
1146.05 1.69649e-006
1146.2 3.59884e-005
1146.3 3.28548e-005
1146.6 3.88278e-005
1148.05 1.69649e-006
1148.2 3.59884e-005
1148.3 3.28548e-005
1148.6 3.88278e-005
1150.05 1.69649e-006
1150.06 1.69649e-006
1150.2 3.59884e-005
1150.21 3.59884e-005
1150.3 3.28548e-005
1150.31 3.28548e-005
1150.6 3.88278e-005
1150.61 3.88278e-005
1152.05 1.69649e-006
1152.2 3.59884e-005
1152.3 3.28548e-005
1152.6 3.88278e-005
1154.05 1.69649e-006
1154.2 3.59884e-005
1154.3 3.28548e-005
1154.6 3.88278e-005
1155.06 1.69649e-006
1155.21 3.59884e-005
1155.31 3.28548e-005
1155.61 3.88278e-005
1156.05 1.69649e-006
1156.2 3.59884e-005
1156.3 3.28548e-005
1156.6 3.88278e-005
1158.05 1.69649e-006
1158.2 3.59884e-005
1158.3 3.28548e-005
1158.6 3.88278e-005
1160.05 1.69649e-006
1160.06 1.69649e-006
1160.2 3.59884e-005
1160.21 3.59884e-005
1160.3 3.28548e-005
1160.31 3.28548e-005
1160.6 3.88278e-005
1160.61 3.88278e-005
1162.05 1.69649e-006
1162.2 3.59884e-005
1162.3 3.28548e-005
1162.6 3.88278e-005
1164.05 1.69649e-006
1164.2 3.59884e-005
1164.3 3.28548e-005
1164.6 3.88278e-005
1165.06 1.69649e-006
1165.21 3.59884e-005
1165.31 3.28548e-005
1165.61 3.88278e-005
1166.05 1.69649e-006
1166.2 3.59884e-005
1166.3 3.28548e-005
1166.6 3.88278e-005
1168.05 1.69649e-006
1168.2 3.59884e-005
1168.3 3.28548e-005
1168.6 3.88278e-005
1170.05 1.69649e-006
1170.06 1.69649e-006
1170.2 3.59884e-005
1170.21 3.59884e-005
1170.3 3.28548e-005
1170.31 3.28548e-005
1170.6 3.88278e-005
1170.61 3.88278e-005
1172.05 1.69649e-006
1172.2 3.59884e-005
1172.3 3.28548e-005
1172.6 3.88278e-005
1174.05 1.69649e-006
1174.2 3.59884e-005
1174.3 3.28548e-005
1174.6 3.88278e-005
1175.06 1.69649e-006
1175.21 3.59884e-005
1175.31 3.28548e-005
1175.61 3.88278e-005
1176.05 1.69649e-006
1176.2 3.59884e-005
1176.3 3.28548e-005
1176.6 3.88278e-005
1178.05 1.69649e-006
1178.2 3.59884e-005
1178.3 3.28548e-005
1178.6 3.88278e-005
1180.05 1.69649e-006
1180.06 1.69649e-006
1180.2 3.59884e-005
1180.21 3.59884e-005
1180.3 3.28548e-005
1180.31 3.28548e-005
1180.6 3.88278e-005
1180.61 3.88278e-005
1182.05 1.69649e-006
1182.2 3.59884e-005
1182.3 3.28548e-005
1182.6 3.88278e-005
1184.05 1.69649e-006
1184.2 3.59884e-005
1184.3 3.28548e-005
1184.6 3.88278e-005
1185.06 1.69649e-006
1185.21 3.59884e-005
1185.31 3.28548e-005
1185.61 3.88278e-005
1186.05 1.69649e-006
1186.2 3.59884e-005
1186.3 3.28548e-005
1186.6 3.88278e-005
1188.05 1.69649e-006
1188.2 3.59884e-005
1188.3 3.28548e-005
1188.6 3.88278e-005
1190.05 1.69649e-006
1190.06 1.69649e-006
1190.2 3.59884e-005
1190.21 3.59884e-005
1190.3 3.28548e-005
1190.31 3.28548e-005
1190.6 3.88278e-005
1190.61 3.88278e-005
1192.05 1.69649e-006
1192.2 3.59884e-005
1192.3 3.28548e-005
1192.6 3.88278e-005
1194.05 1.69649e-006
1194.2 3.59884e-005
1194.3 3.28548e-005
1195.06 1.69649e-006
1195.21 3.59884e-005
1195.31 3.28548e-005
1195.61 3.88278e-005
1196.05 1.69649e-006
1196.2 3.59884e-005
1196.3 3.28548e-005
1196.6 3.88278e-005
1198.05 1.69649e-006
1198.2 3.59884e-005
1198.3 3.28548e-005
1198.6 3.88278e-005
