0.150039 3.23931e-005
0.155034 3.24019e-005
0.200031 2.29489e-005
0.205024 2.29613e-005
0.350062 5.16184e-005
0.355053 5.16236e-005
0.400059 5.06696e-005
0.405052 5.06906e-005
0.450057 4.78009e-005
0.455049 4.78276e-005
0.500041 3.13579e-005
0.505033 3.13633e-005
2.15005 3.5937e-005
2.20005 2.82716e-005
2.50005 3.60273e-005
2.75006 5.03562e-005
4.15005 3.94813e-005
4.20005 3.40647e-005
4.50006 4.44232e-005
4.75006 4.59002e-005
5.15505 4.12623e-005
5.20504 3.70847e-005
5.75505 4.47578e-005
6.15007 4.30258e-005
6.75006 4.44353e-005
8.15008 4.65705e-005
8.20008 4.6348e-005
10.1501 4.94489e-005
10.1551 4.94357e-005
10.2001 5.19944e-005
10.2051 5.19934e-005
10.7501 4.67612e-005
10.7551 4.67516e-005
12.1501 4.48601e-005
12.7501 4.80081e-005
14.1501 4.19641e-005
15.1551 4.12684e-005
15.2051 5.18637e-005
18.1501 4.24505e-005
18.4001 4.32537e-005
20.1501 4.50591e-005
20.2001 5.19352e-005
20.2051 5.18961e-005
20.4001 3.50481e-005
20.405 3.5056e-005
22.1501 4.25984e-005
22.2001 3.72832e-005
22.4001 3.82635e-005
24.2001 2.68166e-005
24.4001 4.14977e-005
25.205 2.49435e-005
25.405 4.31286e-005
25.7051 5.08937e-005
26.2001 2.61623e-005
26.4001 4.47466e-005
28.2001 3.58617e-005
28.7001 3.26383e-005
30.2001 4.75393e-005
30.2051 4.75105e-005
30.4051 4.99232e-005
30.5001 4.80606e-005
30.505 4.80629e-005
30.7001 2.73932e-005
30.705 2.7411e-005
30.7501 5.11411e-005
30.7551 5.11561e-005
32.2001 3.61472e-005
32.4001 4.70403e-005
32.5001 4.98005e-005
32.7001 3.53117e-005
34.2 2.54284e-005
34.3501 4.3653e-005
34.4001 4.52106e-005
34.5001 5.29936e-005
34.7001 4.41582e-005
35.1051 4.85533e-005
35.205 2.06321e-005
35.3551 3.54178e-005
35.4051 4.47358e-005
35.4551 4.43976e-005
35.7051 4.87975e-005
36.1001 4.35047e-005
36.2001 1.6731e-005
36.3501 2.72754e-005
36.4501 4.27134e-005
38.1001 3.36251e-005
38.1501 5.13486e-005
38.2 1.43733e-005
38.35 1.10367e-005
38.4001 4.51787e-005
38.4501 3.94596e-005
40.1001 2.51098e-005
40.105 2.51206e-005
40.1551 5.06954e-005
40.2001 1.90057e-005
40.205 1.89865e-005
40.35 3.61857e-006
40.355 3.61558e-006
40.4001 4.59369e-005
40.4051 4.59296e-005
40.4501 3.75173e-005
40.455 3.75222e-005
40.6501 4.1131e-005
40.655 4.11283e-005
42.1001 3.01456e-005
42.2001 1.15143e-005
42.35 2.45773e-006
42.4501 3.96938e-005
42.6501 4.00535e-005
44.1001 3.61664e-005
44.1501 4.557e-005
44.2 6.06932e-006
44.35 1.52018e-006
44.4001 4.07223e-005
44.4501 4.22234e-005
44.6501 3.9042e-005
45.0551 4.40517e-005
45.1051 3.94247e-005
45.155 4.49135e-005
45.205 6.23653e-006
45.355 1.30065e-006
45.4051 3.96484e-005
45.4551 4.36089e-005
45.6551 3.85603e-005
45.7051 5.14025e-005
46.0501 4.16357e-005
46.1001 4.27582e-005
46.1501 4.45425e-005
46.2001 8.60182e-006
46.35 1.38038e-006
46.4001 3.86953e-005
46.4501 4.50469e-005
46.6501 3.81018e-005
46.7001 4.86268e-005
48.0501 3.68267e-005
48.1501 4.46596e-005
48.2 1.56217e-005
48.35 2.19636e-006
48.4001 3.7144e-005
48.4501 4.81123e-005
48.6501 3.72384e-005
48.7001 4.35547e-005
50.0501 3.25355e-005
50.055 3.25668e-005
50.1501 4.41005e-005
50.155 4.40447e-005
50.2001 2.31104e-005
50.205 2.31232e-005
50.35 7.02875e-006
50.355 7.08533e-006
50.4001 3.74438e-005
50.405 3.74593e-005
50.4551 5.09118e-005
50.6501 4.03197e-005
50.655 4.03473e-005
50.7001 4.32319e-005
50.7051 4.32521e-005
50.7551 5.12516e-005
52.0501 4.58507e-005
52.1001 4.84303e-005
52.15 2.18075e-005
52.2001 2.83604e-005
52.3501 3.00873e-005
52.4001 4.54296e-005
54.1001 4.33982e-005
54.15 4.29925e-006
54.2001 3.37737e-005
54.5 3.63267e-005
55.105 4.21606e-005
55.155 1.30731e-005
55.205 3.65328e-005
55.505 2.90446e-005
56.1001 4.19034e-005
56.15 2.395e-005
56.2001 3.92832e-005
56.5 2.38454e-005
58.1001 4.43052e-005
58.1501 4.62701e-005
58.2001 4.48533e-005
58.5 2.46337e-005
60.1001 4.96102e-005
60.1051 4.9606e-005
60.2001 4.94245e-005
60.5001 3.21282e-005
60.505 3.21122e-005
62.1001 4.80679e-005
62.2001 4.46706e-005
62.5001 2.98861e-005
64.1001 4.68186e-005
64.1501 5.18901e-005
64.2001 3.99474e-005
64.5001 3.6155e-005
65.1551 4.82556e-005
65.2051 3.75892e-005
65.5051 4.15212e-005
66.1001 4.58863e-005
66.1501 4.46742e-005
66.2001 3.52671e-005
66.5001 4.7689e-005
68.1001 4.52905e-005
68.1501 3.75466e-005
68.2 3.06497e-005
70.1001 4.5061e-005
70.1051 4.50617e-005
70.1501 3.06239e-005
70.155 3.0609e-005
70.2001 2.59714e-005
70.205 2.59566e-005
70.3501 4.62171e-005
70.3551 4.62293e-005
72.1001 4.56489e-005
72.1501 2.67319e-005
72.2001 2.08709e-005
72.3501 5.11876e-005
74.1001 4.68591e-005
74.15 2.79632e-005
74.2 1.8397e-005
74.5001 4.88217e-005
75.1051 4.76883e-005
75.155 3.04215e-005
75.205 1.85244e-005
75.4551 4.6004e-005
75.505 4.34861e-005
75.7551 5.17961e-005
76.1001 4.86454e-005
76.1501 3.37618e-005
76.2 1.95723e-005
76.4501 3.76714e-005
76.5001 3.82141e-005
76.7501 4.61094e-005
78.1501 4.22888e-005
78.2 2.38637e-005
78.4501 2.21696e-005
78.5001 2.76744e-005
78.7001 3.6687e-005
78.7501 3.7466e-005
80.1551 5.19207e-005
80.2001 3.0208e-005
80.205 3.02305e-005
80.4001 4.61745e-005
80.4051 4.61794e-005
80.4501 1.58678e-005
80.455 1.58842e-005
80.5001 1.77048e-005
80.505 1.76834e-005
80.6051 5.1162e-005
80.7001 2.65876e-005
80.705 2.66055e-005
80.75 3.43016e-005
80.755 3.42977e-005
82.4501 2.3016e-005
82.5 9.67305e-006
82.7001 3.41568e-005
82.75 3.3182e-005
84.4001 5.32263e-005
84.4501 3.06983e-005
84.5 6.69577e-006
84.7001 4.21383e-005
84.75 3.29988e-005
85.4551 3.46496e-005
85.505 9.21729e-006
85.7051 4.62379e-005
85.755 3.32681e-005
86.4501 3.85972e-005
86.5 1.2933e-005
86.7501 3.37671e-005
88.3501 5.07087e-005
88.4501 4.66026e-005
88.5 2.14676e-005
88.7501 3.54252e-005
90.3501 4.94909e-005
90.3551 4.95211e-005
90.5 2.61764e-005
90.505 2.61568e-005
90.7501 3.44107e-005
90.755 3.43947e-005
92.5 1.89203e-005
92.75 2.84685e-005
94.5 1.41233e-005
94.75 2.38997e-005
95.505 1.35465e-005
95.755 2.23986e-005
96.4001 5.07723e-005
96.5 1.44801e-005
96.75 2.15943e-005
98.4001 4.60961e-005
98.5 1.97128e-005
98.75 2.22667e-005
100.4 4.23046e-005
100.405 4.22944e-005
100.5 2.29563e-005
100.505 2.29342e-005
100.75 2.37111e-005
100.755 2.37095e-005
102.4 3.81639e-005
102.5 1.41994e-005
102.75 2.44252e-005
104.4 3.40232e-005
104.45 4.60624e-005
104.5 6.10907e-006
104.75 2.75598e-005
105.405 3.19425e-005
105.455 4.07009e-005
105.505 3.94482e-006
105.755 2.98322e-005
106.4 2.98825e-005
106.45 3.5467e-005
106.5 5.83816e-006
106.75 3.24202e-005
108.2 4.89891e-005
108.4 2.57419e-005
108.45 2.53568e-005
108.5 1.38533e-005
108.75 3.8356e-005
110.2 4.23139e-005
110.205 4.23141e-005
110.35 4.44626e-005
110.355 4.44779e-005
110.4 2.4349e-005
110.405 2.4373e-005
110.45 1.76653e-005
110.455 1.76604e-005
110.5 1.937e-005
110.505 1.93598e-005
110.75 4.28748e-005
110.755 4.28783e-005
112.2 4.25727e-005
112.35 5.08235e-005
112.4 3.4132e-005
112.45 2.08397e-005
112.5 1.52728e-005
112.75 4.46764e-005
114.15 5.33085e-005
114.4 4.40733e-005
114.45 3.06784e-005
114.5 1.11906e-005
114.75 4.72338e-005
115.155 4.96031e-005
115.205 4.35163e-005
115.405 4.90983e-005
115.455 3.66206e-005
115.505 9.15136e-006
115.755 4.87682e-005
116.15 4.61826e-005
116.2 4.39697e-005
116.45 4.28099e-005
116.5 7.14922e-006
118.15 4.03046e-005
118.2 4.50806e-005
118.5 3.30186e-006
120.15 3.52149e-005
120.155 3.51719e-005
120.205 4.65508e-005
120.5 6.59915e-006
120.505 6.64771e-006
122.15 1.85057e-005
122.5 2.60808e-005
124.15 8.64123e-006
125.105 5.23914e-005
125.155 1.33369e-005
126.1 4.89813e-005
126.15 2.08979e-005
128.1 4.68309e-005
128.15 3.77974e-005
132.1 4.08952e-005
132.15 4.85894e-005
134.1 3.48151e-005
134.15 4.42713e-005
135.105 3.37242e-005
135.155 4.23949e-005
135.205 4.85945e-005
135.355 5.13986e-005
136.1 3.41533e-005
136.15 4.07669e-005
136.2 4.3051e-005
136.35 5.23385e-005
138.1 3.9185e-005
138.15 3.83001e-005
138.2 3.33164e-005
138.5 2.75404e-005
140.105 4.76735e-005
140.15 3.70149e-005
140.155 3.70118e-005
140.2 2.71391e-005
140.205 2.71292e-005
140.5 1.57428e-005
140.505 1.5745e-005
142.1 4.99462e-005
142.15 3.86335e-005
142.2 2.32083e-005
142.5 1.74863e-005
144.15 4.51974e-005
144.2 1.93296e-005
144.5 2.05349e-005
145.155 4.98078e-005
145.205 1.74112e-005
145.505 2.24012e-005
146.2 1.55419e-005
146.5 2.44043e-005
146.75 5.15265e-005
148.2 1.19322e-005
148.5 2.87652e-005
148.75 4.62892e-005
150.2 9.29801e-006
150.205 9.30638e-006
150.5 2.98263e-005
150.505 2.98023e-005
150.755 4.1743e-005
152.2 1.58208e-005
152.5 2.04217e-005
152.75 3.78688e-005
154.2 2.48513e-005
154.45 5.13e-005
154.5 1.21203e-005
154.75 3.44131e-005
155.205 2.96471e-005
155.455 4.5175e-005
155.505 9.35796e-006
155.755 3.28816e-005
156.2 3.44722e-005
156.4 5.08794e-005
156.5 8.89843e-006
156.75 3.15271e-005
158.4 4.56518e-005
158.45 2.88615e-005
158.5 1.46247e-005
158.75 2.93795e-005
160.205 5.24885e-005
160.4 4.15935e-005
160.405 4.15943e-005
160.45 2.20226e-005
160.455 2.20109e-005
160.5 1.70518e-005
160.505 1.70116e-005
160.75 2.64171e-005
160.755 2.64086e-005
162.2 4.53016e-005
162.45 1.74706e-005
162.5 7.58029e-006
162.75 2.90009e-005
164.2 3.81175e-005
164.4 4.23247e-005
164.45 1.34861e-005
164.5 2.13432e-005
164.75 4.04192e-005
165.155 5.09277e-005
165.205 3.45195e-005
165.455 1.18825e-005
165.505 2.98982e-005
165.605 4.84194e-005
166.15 4.90503e-005
166.2 3.09686e-005
166.4 4.27154e-005
166.45 1.07217e-005
166.5 3.85355e-005
166.6 4.29718e-005
168.15 4.86281e-005
168.2 2.38865e-005
168.35 4.23955e-005
168.4 4.31222e-005
168.45 1.02205e-005
168.6 3.27827e-005
170.155 5.15027e-005
170.2 1.67192e-005
170.205 1.66963e-005
170.305 4.86921e-005
170.35 3.5216e-005
170.355 3.52065e-005
170.4 4.30182e-005
170.405 4.30129e-005
170.45 1.40623e-005
170.455 1.40916e-005
170.6 2.81217e-005
170.605 2.81331e-005
170.65 4.64129e-005
170.655 4.64321e-005
172.15 4.25532e-005
172.2 7.55243e-006
172.3 5.18303e-005
172.35 3.14278e-005
172.4 4.13332e-005
172.45 2.76848e-005
172.6 3.28488e-005
174.1 4.78935e-005
174.15 3.41036e-005
174.2 1.69808e-006
174.35 2.77472e-005
174.4 4.05835e-005
174.45 4.25358e-005
174.6 3.77903e-005
175.105 3.9623e-005
175.155 3.0195e-005
175.205 6.26209e-006
175.355 2.59528e-005
175.405 4.05787e-005
175.455 5.01231e-005
175.605 4.03296e-005
176.1 3.15318e-005
176.15 2.66788e-005
176.2 1.08193e-005
176.35 2.42232e-005
176.4 4.08206e-005
176.6 4.28721e-005
178.05 5.188e-005
178.1 1.616e-005
178.15 2.13739e-005
178.2 1.9989e-005
178.35 2.0935e-005
178.4 4.20278e-005
180.05 4.36415e-005
180.055 4.36681e-005
180.1 9.98776e-006
180.105 1.00158e-005
180.15 1.97876e-005
180.155 1.97842e-005
180.2 2.65186e-005
180.205 2.64759e-005
180.35 2.02588e-005
180.355 2.0284e-005
180.4 4.31349e-005
180.405 4.31288e-005
182.1 2.56634e-005
182.15 1.96192e-005
182.2 1.01943e-005
182.35 3.08256e-005
182.4 4.09957e-005
184.1 4.34264e-005
184.15 2.17732e-005
184.2 1.15184e-005
184.4 3.95737e-005
185.105 5.24866e-005
185.155 2.35592e-005
185.205 1.96014e-005
185.355 4.72788e-005
185.405 3.9156e-005
185.705 5.02471e-005
186.15 2.56715e-005
186.2 2.80978e-005
186.35 5.27847e-005
186.4 3.89474e-005
188.15 3.06557e-005
188.2 4.55451e-005
188.4 3.91551e-005
188.7 4.25343e-005
188.75 3.8887e-005
190.15 3.58434e-005
190.155 3.58434e-005
190.4 3.99148e-005
190.405 3.99148e-005
190.455 4.84109e-005
190.7 4.13275e-005
190.705 4.13275e-005
190.75 3.1116e-005
190.755 3.1116e-005
192.15 3.58434e-005
192.4 3.99148e-005
192.45 4.84109e-005
192.7 4.13275e-005
192.75 3.1116e-005
194.15 3.58434e-005
194.4 3.99148e-005
194.7 4.13275e-005
194.75 3.1116e-005
195.155 3.58434e-005
195.405 3.99148e-005
195.455 4.84109e-005
195.705 4.13275e-005
195.755 3.1116e-005
196.15 3.58434e-005
196.4 3.99148e-005
196.45 4.84109e-005
196.7 4.13275e-005
196.75 3.1116e-005
198.15 3.58434e-005
198.4 3.99148e-005
198.7 4.13275e-005
198.75 3.1116e-005
200.15 3.58434e-005
200.155 3.58434e-005
200.4 3.99148e-005
200.405 3.99148e-005
200.45 4.84109e-005
200.455 4.84109e-005
200.7 4.13275e-005
200.705 4.13275e-005
200.75 3.1116e-005
200.755 3.1116e-005
202.15 3.58434e-005
202.4 3.99148e-005
202.7 4.13275e-005
202.75 3.1116e-005
204.15 3.58434e-005
204.4 3.99148e-005
204.45 4.84109e-005
204.7 4.13275e-005
204.75 3.1116e-005
205.155 3.58434e-005
205.405 3.99148e-005
205.455 4.84109e-005
205.705 4.13275e-005
205.755 3.1116e-005
206.15 3.58434e-005
206.4 3.99148e-005
206.7 4.13275e-005
206.75 3.1116e-005
208.15 3.58434e-005
208.4 3.99148e-005
208.45 4.84109e-005
208.7 4.13275e-005
208.75 3.1116e-005
210.15 3.58434e-005
210.155 3.58434e-005
210.4 3.99148e-005
210.405 3.99148e-005
210.45 4.84109e-005
210.455 4.84109e-005
210.705 4.13275e-005
210.75 3.1116e-005
210.755 3.1116e-005
212.15 3.58434e-005
212.4 3.99148e-005
212.45 4.84109e-005
212.7 4.13275e-005
212.75 3.1116e-005
214.15 3.58434e-005
214.4 3.99148e-005
214.45 4.84109e-005
214.7 4.13275e-005
214.75 3.1116e-005
215.155 3.58434e-005
215.405 3.99148e-005
215.455 4.84109e-005
215.755 3.1116e-005
216.15 3.58434e-005
216.4 3.99148e-005
216.45 4.84109e-005
216.7 4.13275e-005
216.75 3.1116e-005
218.15 3.58434e-005
218.4 3.99148e-005
218.45 4.84109e-005
218.7 4.13275e-005
218.75 3.1116e-005
220.15 3.58434e-005
220.155 3.58434e-005
220.4 3.99148e-005
220.405 3.99148e-005
220.45 4.84109e-005
220.455 4.84109e-005
220.7 4.13275e-005
220.705 4.13275e-005
220.75 3.1116e-005
220.755 3.1116e-005
222.15 3.58434e-005
222.4 3.99148e-005
222.7 4.13275e-005
222.75 3.1116e-005
224.15 3.58434e-005
224.4 3.99148e-005
224.45 4.84109e-005
224.7 4.13275e-005
224.75 3.1116e-005
225.155 3.58434e-005
225.405 3.99148e-005
225.455 4.84109e-005
225.705 4.13275e-005
225.755 3.1116e-005
226.15 3.58434e-005
226.4 3.99148e-005
226.7 4.13275e-005
226.75 3.1116e-005
228.15 3.58434e-005
228.4 3.99148e-005
228.45 4.84109e-005
228.7 4.13275e-005
228.75 3.1116e-005
230.15 3.58434e-005
230.155 3.58434e-005
230.4 3.99148e-005
230.405 3.99148e-005
230.45 4.84109e-005
230.455 4.84109e-005
230.7 4.13275e-005
230.705 4.13275e-005
230.75 3.1116e-005
230.755 3.1116e-005
232.15 3.58434e-005
232.4 3.99148e-005
232.7 4.13275e-005
232.75 3.1116e-005
234.15 3.58434e-005
234.45 4.84109e-005
234.7 4.13275e-005
234.75 3.1116e-005
235.155 3.58434e-005
235.405 3.99148e-005
235.455 4.84109e-005
235.705 4.13275e-005
235.755 3.1116e-005
236.15 3.58434e-005
236.4 3.99148e-005
236.45 4.84109e-005
236.7 4.13275e-005
236.75 3.1116e-005
238.15 3.58434e-005
238.45 4.84109e-005
238.7 4.13275e-005
238.75 3.1116e-005
240.15 3.58434e-005
240.155 3.58434e-005
240.4 3.99148e-005
240.405 3.99148e-005
240.45 4.84109e-005
240.455 4.84109e-005
240.7 4.13275e-005
240.705 4.13275e-005
240.75 3.1116e-005
240.755 3.1116e-005
242.15 3.58434e-005
242.4 3.99148e-005
242.45 4.84109e-005
242.7 4.13275e-005
242.75 3.1116e-005
244.15 3.58434e-005
244.4 3.99148e-005
244.45 4.84109e-005
244.7 4.13275e-005
244.75 3.1116e-005
245.155 3.58434e-005
245.405 3.99148e-005
245.455 4.84109e-005
245.755 3.1116e-005
246.15 3.58434e-005
246.4 3.99148e-005
246.7 4.13275e-005
246.75 3.1116e-005
248.15 3.58434e-005
248.4 3.99148e-005
248.7 4.13275e-005
248.75 3.1116e-005
250.15 3.58434e-005
250.155 3.58434e-005
250.4 3.99148e-005
250.405 3.99148e-005
250.45 4.84109e-005
250.455 4.84109e-005
250.7 4.13275e-005
250.705 4.13275e-005
250.75 3.1116e-005
250.755 3.1116e-005
252.15 3.58434e-005
252.4 3.99148e-005
252.45 4.84109e-005
252.7 4.13275e-005
252.75 3.1116e-005
254.15 3.58434e-005
254.4 3.99148e-005
254.45 4.84109e-005
254.7 4.13275e-005
254.75 3.1116e-005
255.155 3.58434e-005
255.405 3.99148e-005
255.455 4.84109e-005
255.705 4.13275e-005
255.755 3.1116e-005
256.15 3.58434e-005
256.4 3.99148e-005
256.45 4.84109e-005
256.7 4.13275e-005
256.75 3.1116e-005
258.15 3.58434e-005
258.4 3.99148e-005
258.45 4.84109e-005
258.7 4.13275e-005
258.75 3.1116e-005
260.15 3.58434e-005
260.155 3.58434e-005
260.4 3.99148e-005
260.405 3.99148e-005
260.45 4.84109e-005
260.455 4.84109e-005
260.7 4.13275e-005
260.705 4.13275e-005
260.75 3.1116e-005
260.755 3.1116e-005
262.15 3.58434e-005
262.4 3.99148e-005
262.45 4.84109e-005
262.7 4.13275e-005
262.75 3.1116e-005
264.15 3.58434e-005
264.4 3.99148e-005
264.7 4.13275e-005
264.75 3.1116e-005
265.155 3.58434e-005
265.405 3.99148e-005
265.455 4.84109e-005
265.705 4.13275e-005
265.755 3.1116e-005
266.15 3.58434e-005
266.4 3.99148e-005
266.75 3.1116e-005
268.15 3.58434e-005
268.4 3.99148e-005
268.7 4.13275e-005
268.75 3.1116e-005
270.15 3.58434e-005
270.155 3.58434e-005
270.4 3.99148e-005
270.405 3.99148e-005
270.45 4.84109e-005
270.455 4.84109e-005
270.705 4.13275e-005
270.75 3.1116e-005
270.755 3.1116e-005
272.15 3.58434e-005
272.4 3.99148e-005
272.45 4.84109e-005
272.7 4.13275e-005
272.75 3.1116e-005
274.15 3.58434e-005
274.4 3.99148e-005
274.45 4.84109e-005
274.7 4.13275e-005
274.75 3.1116e-005
275.155 3.58434e-005
275.405 3.99148e-005
275.455 4.84109e-005
275.705 4.13275e-005
275.755 3.1116e-005
276.15 3.58434e-005
276.4 3.99148e-005
276.45 4.84109e-005
276.7 4.13275e-005
276.75 3.1116e-005
278.15 3.58434e-005
278.4 3.99148e-005
278.45 4.84109e-005
278.7 4.13275e-005
278.75 3.1116e-005
280.15 3.58434e-005
280.155 3.58434e-005
280.405 3.99148e-005
280.455 4.84109e-005
280.705 4.13275e-005
280.75 3.1116e-005
280.755 3.1116e-005
282.15 3.58434e-005
282.4 3.99148e-005
282.45 4.84109e-005
282.7 4.13275e-005
282.75 3.1116e-005
284.15 3.58434e-005
284.4 3.99148e-005
284.45 4.84109e-005
284.7 4.13275e-005
284.75 3.1116e-005
285.155 3.58434e-005
285.405 3.99148e-005
285.455 4.84109e-005
285.705 4.13275e-005
285.755 3.1116e-005
286.15 3.58434e-005
286.4 3.99148e-005
286.7 4.13275e-005
286.75 3.1116e-005
288.15 3.58434e-005
288.4 3.99148e-005
288.7 4.13275e-005
288.75 3.1116e-005
290.15 3.58434e-005
290.155 3.58434e-005
290.4 3.99148e-005
290.405 3.99148e-005
290.455 4.84109e-005
290.7 4.13275e-005
290.705 4.13275e-005
290.75 3.1116e-005
290.755 3.1116e-005
292.15 3.58434e-005
292.4 3.99148e-005
292.45 4.84109e-005
292.7 4.13275e-005
292.75 3.1116e-005
294.15 3.58434e-005
294.4 3.99148e-005
294.7 4.13275e-005
294.75 3.1116e-005
295.155 3.58434e-005
295.405 3.99148e-005
295.455 4.84109e-005
295.705 4.13275e-005
295.755 3.1116e-005
296.15 3.58434e-005
296.4 3.99148e-005
296.45 4.84109e-005
296.7 4.13275e-005
296.75 3.1116e-005
298.15 3.58434e-005
298.4 3.99148e-005
298.7 4.13275e-005
298.75 3.1116e-005
300.15 3.58434e-005
300.155 3.58434e-005
300.4 3.99148e-005
300.405 3.99148e-005
300.455 4.84109e-005
300.7 4.13275e-005
300.705 4.13275e-005
300.75 3.1116e-005
300.755 3.1116e-005
302.15 3.58434e-005
302.4 3.99148e-005
302.45 4.84109e-005
302.7 4.13275e-005
302.75 3.1116e-005
304.15 3.58434e-005
304.4 3.99148e-005
304.45 4.84109e-005
304.7 4.13275e-005
304.75 3.1116e-005
305.155 3.58434e-005
305.405 3.99148e-005
305.455 4.84109e-005
305.705 4.13275e-005
305.755 3.1116e-005
306.15 3.58434e-005
306.4 3.99148e-005
306.45 4.84109e-005
306.7 4.13275e-005
306.75 3.1116e-005
308.4 3.99148e-005
308.7 4.13275e-005
308.75 3.1116e-005
310.15 3.58434e-005
310.155 3.58434e-005
310.4 3.99148e-005
310.405 3.99148e-005
310.455 4.84109e-005
310.7 4.13275e-005
310.705 4.13275e-005
310.75 3.1116e-005
310.755 3.1116e-005
312.15 3.58434e-005
312.7 4.13275e-005
312.75 3.1116e-005
314.15 3.58434e-005
314.4 3.99148e-005
314.45 4.84109e-005
314.7 4.13275e-005
314.75 3.1116e-005
315.155 3.58434e-005
315.405 3.99148e-005
315.455 4.84109e-005
315.705 4.13275e-005
315.755 3.1116e-005
316.15 3.58434e-005
316.4 3.99148e-005
316.45 4.84109e-005
316.7 4.13275e-005
316.75 3.1116e-005
318.15 3.58434e-005
318.4 3.99148e-005
318.45 4.84109e-005
318.7 4.13275e-005
318.75 3.1116e-005
320.15 3.58434e-005
320.155 3.58434e-005
320.4 3.99148e-005
320.405 3.99148e-005
320.45 4.84109e-005
320.455 4.84109e-005
320.7 4.13275e-005
320.705 4.13275e-005
320.75 3.1116e-005
320.755 3.1116e-005
322.15 3.58434e-005
322.4 3.99148e-005
322.45 4.84109e-005
322.7 4.13275e-005
322.75 3.1116e-005
324.15 3.58434e-005
324.4 3.99148e-005
324.45 4.84109e-005
324.7 4.13275e-005
324.75 3.1116e-005
325.155 3.58434e-005
325.405 3.99148e-005
325.455 4.84109e-005
325.705 4.13275e-005
325.755 3.1116e-005
326.15 3.58434e-005
326.4 3.99148e-005
326.45 4.84109e-005
326.7 4.13275e-005
326.75 3.1116e-005
328.15 3.58434e-005
328.4 3.99148e-005
328.45 4.84109e-005
328.7 4.13275e-005
328.75 3.1116e-005
330.15 3.58434e-005
330.155 3.58434e-005
330.4 3.99148e-005
330.405 3.99148e-005
330.45 4.84109e-005
330.455 4.84109e-005
330.7 4.13275e-005
330.705 4.13275e-005
330.75 3.1116e-005
330.755 3.1116e-005
332.15 3.58434e-005
332.4 3.99148e-005
332.45 4.84109e-005
332.7 4.13275e-005
332.75 3.1116e-005
334.15 3.58434e-005
334.4 3.99148e-005
334.45 4.84109e-005
334.7 4.13275e-005
334.75 3.1116e-005
335.155 3.58434e-005
335.405 3.99148e-005
335.455 4.84109e-005
335.705 4.13275e-005
335.755 3.1116e-005
336.15 3.58434e-005
336.4 3.99148e-005
336.45 4.84109e-005
336.7 4.13275e-005
336.75 3.1116e-005
338.15 3.58434e-005
338.7 4.13275e-005
338.75 3.1116e-005
340.15 3.58434e-005
340.155 3.58434e-005
340.4 3.99148e-005
340.405 3.99148e-005
340.455 4.84109e-005
340.7 4.13275e-005
340.705 4.13275e-005
340.75 3.1116e-005
340.755 3.1116e-005
342.15 3.58434e-005
342.4 3.99148e-005
342.7 4.13275e-005
342.75 3.1116e-005
344.15 3.58434e-005
344.4 3.99148e-005
344.45 4.84109e-005
344.7 4.13275e-005
344.75 3.1116e-005
345.155 3.58434e-005
345.405 3.99148e-005
345.705 4.13275e-005
345.755 3.1116e-005
346.15 3.58434e-005
346.4 3.99148e-005
346.45 4.84109e-005
346.7 4.13275e-005
346.75 3.1116e-005
348.15 3.58434e-005
348.4 3.99148e-005
348.45 4.84109e-005
348.7 4.13275e-005
348.75 3.1116e-005
350.15 3.58434e-005
350.155 3.58434e-005
350.4 3.99148e-005
350.405 3.99148e-005
350.45 4.84109e-005
350.455 4.84109e-005
350.7 4.13275e-005
350.705 4.13275e-005
350.75 3.1116e-005
350.755 3.1116e-005
352.15 3.58434e-005
352.4 3.99148e-005
352.45 4.84109e-005
352.7 4.13275e-005
352.75 3.1116e-005
354.15 3.58434e-005
354.4 3.99148e-005
354.45 4.84109e-005
354.7 4.13275e-005
354.75 3.1116e-005
355.155 3.58434e-005
355.405 3.99148e-005
355.705 4.13275e-005
355.755 3.1116e-005
356.15 3.58434e-005
356.4 3.99148e-005
356.7 4.13275e-005
356.75 3.1116e-005
358.15 3.58434e-005
358.4 3.99148e-005
358.7 4.13275e-005
358.75 3.1116e-005
360.15 3.58434e-005
360.155 3.58434e-005
360.4 3.99148e-005
360.405 3.99148e-005
360.45 4.84109e-005
360.455 4.84109e-005
360.7 4.13275e-005
360.705 4.13275e-005
360.75 3.1116e-005
360.755 3.1116e-005
362.15 3.58434e-005
362.45 4.84109e-005
362.7 4.13275e-005
362.75 3.1116e-005
364.15 3.58434e-005
364.4 3.99148e-005
364.7 4.13275e-005
364.75 3.1116e-005
365.155 3.58434e-005
365.405 3.99148e-005
365.455 4.84109e-005
365.705 4.13275e-005
365.755 3.1116e-005
366.15 3.58434e-005
366.4 3.99148e-005
366.45 4.84109e-005
366.7 4.13275e-005
366.75 3.1116e-005
368.15 3.58434e-005
368.4 3.99148e-005
368.45 4.84109e-005
368.7 4.13275e-005
368.75 3.1116e-005
370.15 3.58434e-005
370.155 3.58434e-005
370.4 3.99148e-005
370.405 3.99148e-005
370.45 4.84109e-005
370.455 4.84109e-005
370.7 4.13275e-005
370.705 4.13275e-005
370.75 3.1116e-005
370.755 3.1116e-005
372.15 3.58434e-005
372.4 3.99148e-005
372.7 4.13275e-005
372.75 3.1116e-005
374.15 3.58434e-005
374.4 3.99148e-005
374.45 4.84109e-005
374.7 4.13275e-005
374.75 3.1116e-005
375.155 3.58434e-005
375.405 3.99148e-005
375.455 4.84109e-005
375.705 4.13275e-005
375.755 3.1116e-005
376.15 3.58434e-005
376.4 3.99148e-005
376.7 4.13275e-005
376.75 3.1116e-005
378.15 3.58434e-005
378.4 3.99148e-005
378.7 4.13275e-005
378.75 3.1116e-005
380.15 3.58434e-005
380.155 3.58434e-005
380.4 3.99148e-005
380.405 3.99148e-005
380.45 4.84109e-005
380.455 4.84109e-005
380.7 4.13275e-005
380.705 4.13275e-005
380.75 3.1116e-005
380.755 3.1116e-005
382.15 3.58434e-005
382.4 3.99148e-005
382.45 4.84109e-005
382.7 4.13275e-005
382.75 3.1116e-005
384.15 3.58434e-005
384.4 3.99148e-005
384.7 4.13275e-005
384.75 3.1116e-005
385.155 3.58434e-005
385.405 3.99148e-005
385.455 4.84109e-005
385.705 4.13275e-005
385.755 3.1116e-005
386.15 3.58434e-005
386.4 3.99148e-005
386.7 4.13275e-005
386.75 3.1116e-005
388.15 3.58434e-005
388.4 3.99148e-005
388.45 4.84109e-005
388.7 4.13275e-005
388.75 3.1116e-005
390.15 3.58434e-005
390.155 3.58434e-005
390.4 3.99148e-005
390.405 3.99148e-005
390.45 4.84109e-005
390.455 4.84109e-005
390.705 4.13275e-005
390.75 3.1116e-005
390.755 3.1116e-005
392.15 3.58434e-005
392.4 3.99148e-005
392.45 4.84109e-005
392.7 4.13275e-005
392.75 3.1116e-005
394.15 3.58434e-005
394.4 3.99148e-005
394.45 4.84109e-005
394.7 4.13275e-005
394.75 3.1116e-005
395.155 3.58434e-005
395.405 3.99148e-005
395.455 4.84109e-005
395.755 3.1116e-005
396.15 3.58434e-005
396.7 4.13275e-005
396.75 3.1116e-005
398.15 3.58434e-005
398.4 3.99148e-005
398.45 4.84109e-005
398.7 4.13275e-005
398.75 3.1116e-005
400.15 3.58434e-005
400.155 3.58434e-005
400.4 3.99148e-005
400.405 3.99148e-005
400.455 4.84109e-005
400.7 4.13275e-005
400.705 4.13275e-005
400.75 3.1116e-005
400.755 3.1116e-005
402.15 3.58434e-005
402.4 3.99148e-005
402.45 4.84109e-005
402.7 4.13275e-005
402.75 3.1116e-005
404.15 3.58434e-005
404.4 3.99148e-005
404.45 4.84109e-005
404.7 4.13275e-005
404.75 3.1116e-005
405.155 3.58434e-005
405.405 3.99148e-005
405.455 4.84109e-005
405.705 4.13275e-005
405.755 3.1116e-005
406.15 3.58434e-005
406.4 3.99148e-005
406.45 4.84109e-005
406.7 4.13275e-005
406.75 3.1116e-005
408.15 3.58434e-005
408.4 3.99148e-005
408.45 4.84109e-005
408.7 4.13275e-005
408.75 3.1116e-005
410.15 3.58434e-005
410.155 3.58434e-005
410.4 3.99148e-005
410.405 3.99148e-005
410.45 4.84109e-005
410.455 4.84109e-005
410.7 4.13275e-005
410.705 4.13275e-005
410.75 3.1116e-005
410.755 3.1116e-005
412.15 3.58434e-005
412.4 3.99148e-005
412.7 4.13275e-005
412.75 3.1116e-005
414.15 3.58434e-005
414.4 3.99148e-005
414.45 4.84109e-005
414.7 4.13275e-005
414.75 3.1116e-005
415.155 3.58434e-005
415.405 3.99148e-005
415.455 4.84109e-005
415.705 4.13275e-005
415.755 3.1116e-005
416.15 3.58434e-005
416.4 3.99148e-005
416.45 4.84109e-005
416.7 4.13275e-005
416.75 3.1116e-005
418.15 3.58434e-005
418.4 3.99148e-005
418.45 4.84109e-005
418.7 4.13275e-005
418.75 3.1116e-005
420.15 3.58434e-005
420.155 3.58434e-005
420.4 3.99148e-005
420.405 3.99148e-005
420.45 4.84109e-005
420.455 4.84109e-005
420.7 4.13275e-005
420.705 4.13275e-005
420.75 3.1116e-005
420.755 3.1116e-005
422.15 3.58434e-005
422.4 3.99148e-005
422.45 4.84109e-005
422.7 4.13275e-005
422.75 3.1116e-005
424.15 3.58434e-005
424.4 3.99148e-005
424.45 4.84109e-005
424.7 4.13275e-005
424.75 3.1116e-005
425.155 3.58434e-005
425.405 3.99148e-005
425.455 4.84109e-005
425.755 3.1116e-005
426.15 3.58434e-005
426.4 3.99148e-005
426.45 4.84109e-005
426.7 4.13275e-005
426.75 3.1116e-005
428.15 3.58434e-005
428.4 3.99148e-005
428.45 4.84109e-005
428.7 4.13275e-005
428.75 3.1116e-005
430.15 3.58434e-005
430.155 3.58434e-005
430.4 3.99148e-005
430.405 3.99148e-005
430.45 4.84109e-005
430.455 4.84109e-005
430.7 4.13275e-005
430.705 4.13275e-005
430.75 3.1116e-005
430.755 3.1116e-005
432.15 3.58434e-005
432.4 3.99148e-005
432.45 4.84109e-005
432.7 4.13275e-005
432.75 3.1116e-005
434.15 3.58434e-005
434.4 3.99148e-005
434.45 4.84109e-005
434.7 4.13275e-005
434.75 3.1116e-005
435.155 3.58434e-005
435.405 3.99148e-005
435.455 4.84109e-005
435.705 4.13275e-005
435.755 3.1116e-005
436.15 3.58434e-005
436.4 3.99148e-005
436.45 4.84109e-005
436.7 4.13275e-005
436.75 3.1116e-005
438.15 3.58434e-005
438.4 3.99148e-005
438.7 4.13275e-005
438.75 3.1116e-005
440.15 3.58434e-005
440.155 3.58434e-005
440.4 3.99148e-005
440.405 3.99148e-005
440.455 4.84109e-005
440.7 4.13275e-005
440.705 4.13275e-005
440.75 3.1116e-005
440.755 3.1116e-005
442.15 3.58434e-005
442.4 3.99148e-005
442.45 4.84109e-005
442.7 4.13275e-005
442.75 3.1116e-005
444.15 3.58434e-005
444.4 3.99148e-005
444.45 4.84109e-005
444.7 4.13275e-005
444.75 3.1116e-005
445.155 3.58434e-005
445.405 3.99148e-005
445.455 4.84109e-005
445.705 4.13275e-005
445.755 3.1116e-005
446.15 3.58434e-005
446.4 3.99148e-005
446.45 4.84109e-005
446.7 4.13275e-005
446.75 3.1116e-005
448.15 3.58434e-005
448.4 3.99148e-005
448.45 4.84109e-005
448.7 4.13275e-005
448.75 3.1116e-005
450.15 3.58434e-005
450.155 3.58434e-005
450.4 3.99148e-005
450.405 3.99148e-005
450.455 4.84109e-005
450.7 4.13275e-005
450.705 4.13275e-005
450.75 3.1116e-005
450.755 3.1116e-005
452.15 3.58434e-005
452.4 3.99148e-005
452.45 4.84109e-005
452.7 4.13275e-005
452.75 3.1116e-005
454.15 3.58434e-005
454.4 3.99148e-005
454.45 4.84109e-005
454.7 4.13275e-005
454.75 3.1116e-005
455.155 3.58434e-005
455.405 3.99148e-005
455.455 4.84109e-005
455.705 4.13275e-005
455.755 3.1116e-005
456.15 3.58434e-005
456.4 3.99148e-005
456.45 4.84109e-005
456.7 4.13275e-005
456.75 3.1116e-005
458.15 3.58434e-005
458.4 3.99148e-005
458.7 4.13275e-005
458.75 3.1116e-005
460.15 3.58434e-005
460.155 3.58434e-005
460.4 3.99148e-005
460.405 3.99148e-005
460.45 4.84109e-005
460.455 4.84109e-005
460.7 4.13275e-005
460.705 4.13275e-005
460.75 3.1116e-005
460.755 3.1116e-005
462.15 3.58434e-005
462.4 3.99148e-005
462.7 4.13275e-005
462.75 3.1116e-005
464.15 3.58434e-005
464.4 3.99148e-005
464.7 4.13275e-005
464.75 3.1116e-005
465.155 3.58434e-005
465.405 3.99148e-005
465.455 4.84109e-005
465.705 4.13275e-005
465.755 3.1116e-005
466.15 3.58434e-005
466.45 4.84109e-005
466.7 4.13275e-005
466.75 3.1116e-005
468.15 3.58434e-005
468.4 3.99148e-005
468.45 4.84109e-005
468.7 4.13275e-005
468.75 3.1116e-005
470.15 3.58434e-005
470.155 3.58434e-005
470.4 3.99148e-005
470.405 3.99148e-005
470.455 4.84109e-005
470.7 4.13275e-005
470.705 4.13275e-005
470.75 3.1116e-005
470.755 3.1116e-005
472.15 3.58434e-005
472.4 3.99148e-005
472.45 4.84109e-005
472.7 4.13275e-005
472.75 3.1116e-005
474.15 3.58434e-005
474.4 3.99148e-005
474.7 4.13275e-005
474.75 3.1116e-005
475.155 3.58434e-005
475.405 3.99148e-005
475.455 4.84109e-005
475.705 4.13275e-005
475.755 3.1116e-005
476.15 3.58434e-005
476.4 3.99148e-005
476.7 4.13275e-005
476.75 3.1116e-005
478.15 3.58434e-005
478.4 3.99148e-005
478.45 4.84109e-005
478.7 4.13275e-005
478.75 3.1116e-005
480.15 3.58434e-005
480.155 3.58434e-005
480.4 3.99148e-005
480.405 3.99148e-005
480.455 4.84109e-005
480.7 4.13275e-005
480.705 4.13275e-005
480.75 3.1116e-005
480.755 3.1116e-005
482.15 3.58434e-005
482.4 3.99148e-005
482.7 4.13275e-005
482.75 3.1116e-005
484.15 3.58434e-005
484.4 3.99148e-005
484.45 4.84109e-005
484.7 4.13275e-005
484.75 3.1116e-005
485.155 3.58434e-005
485.405 3.99148e-005
485.455 4.84109e-005
485.705 4.13275e-005
485.755 3.1116e-005
486.15 3.58434e-005
486.4 3.99148e-005
486.45 4.84109e-005
486.7 4.13275e-005
486.75 3.1116e-005
488.15 3.58434e-005
488.4 3.99148e-005
488.7 4.13275e-005
488.75 3.1116e-005
490.15 3.58434e-005
490.155 3.58434e-005
490.4 3.99148e-005
490.405 3.99148e-005
490.45 4.84109e-005
490.455 4.84109e-005
490.7 4.13275e-005
490.705 4.13275e-005
490.75 3.1116e-005
490.755 3.1116e-005
492.15 3.58434e-005
492.4 3.99148e-005
492.45 4.84109e-005
492.7 4.13275e-005
492.75 3.1116e-005
494.15 3.58434e-005
494.4 3.99148e-005
494.45 4.84109e-005
494.7 4.13275e-005
494.75 3.1116e-005
495.155 3.58434e-005
495.405 3.99148e-005
495.455 4.84109e-005
495.705 4.13275e-005
495.755 3.1116e-005
496.15 3.58434e-005
496.4 3.99148e-005
496.45 4.84109e-005
496.7 4.13275e-005
496.75 3.1116e-005
498.15 3.58434e-005
498.4 3.99148e-005
498.45 4.84109e-005
498.7 4.13275e-005
498.75 3.1116e-005
500.15 3.58434e-005
500.155 3.58434e-005
500.405 3.99148e-005
500.45 4.84109e-005
500.455 4.84109e-005
500.7 4.13275e-005
500.705 4.13275e-005
500.75 3.1116e-005
500.755 3.1116e-005
502.15 3.58434e-005
502.4 3.99148e-005
502.7 4.13275e-005
502.75 3.1116e-005
504.15 3.58434e-005
504.4 3.99148e-005
504.7 4.13275e-005
504.75 3.1116e-005
505.155 3.58434e-005
505.405 3.99148e-005
505.455 4.84109e-005
505.705 4.13275e-005
505.755 3.1116e-005
506.15 3.58434e-005
506.4 3.99148e-005
506.45 4.84109e-005
506.7 4.13275e-005
506.75 3.1116e-005
508.15 3.58434e-005
508.4 3.99148e-005
508.45 4.84109e-005
508.7 4.13275e-005
508.75 3.1116e-005
510.15 3.58434e-005
510.155 3.58434e-005
510.4 3.99148e-005
510.405 3.99148e-005
510.455 4.84109e-005
510.7 4.13275e-005
510.705 4.13275e-005
510.75 3.1116e-005
510.755 3.1116e-005
512.15 3.58434e-005
512.4 3.99148e-005
512.45 4.84109e-005
512.7 4.13275e-005
512.75 3.1116e-005
514.15 3.58434e-005
514.4 3.99148e-005
514.45 4.84109e-005
514.7 4.13275e-005
514.75 3.1116e-005
515.155 3.58434e-005
515.405 3.99148e-005
515.455 4.84109e-005
515.705 4.13275e-005
515.755 3.1116e-005
516.15 3.58434e-005
516.4 3.99148e-005
516.45 4.84109e-005
516.7 4.13275e-005
516.75 3.1116e-005
518.15 3.58434e-005
518.4 3.99148e-005
518.45 4.84109e-005
518.7 4.13275e-005
518.75 3.1116e-005
520.15 3.58434e-005
520.155 3.58434e-005
520.4 3.99148e-005
520.405 3.99148e-005
520.45 4.84109e-005
520.455 4.84109e-005
520.7 4.13275e-005
520.705 4.13275e-005
520.75 3.1116e-005
520.755 3.1116e-005
522.15 3.58434e-005
522.4 3.99148e-005
522.45 4.84109e-005
522.7 4.13275e-005
522.75 3.1116e-005
524.15 3.58434e-005
524.4 3.99148e-005
524.7 4.13275e-005
524.75 3.1116e-005
525.155 3.58434e-005
525.455 4.84109e-005
525.705 4.13275e-005
525.755 3.1116e-005
526.15 3.58434e-005
526.4 3.99148e-005
526.45 4.84109e-005
526.7 4.13275e-005
526.75 3.1116e-005
528.15 3.58434e-005
528.4 3.99148e-005
528.45 4.84109e-005
528.7 4.13275e-005
528.75 3.1116e-005
530.15 3.58434e-005
530.155 3.58434e-005
530.4 3.99148e-005
530.405 3.99148e-005
530.45 4.84109e-005
530.455 4.84109e-005
530.7 4.13275e-005
530.705 4.13275e-005
530.75 3.1116e-005
530.755 3.1116e-005
532.15 3.58434e-005
532.4 3.99148e-005
532.45 4.84109e-005
532.7 4.13275e-005
532.75 3.1116e-005
534.15 3.58434e-005
534.4 3.99148e-005
534.7 4.13275e-005
534.75 3.1116e-005
535.155 3.58434e-005
535.455 4.84109e-005
535.705 4.13275e-005
535.755 3.1116e-005
536.15 3.58434e-005
536.4 3.99148e-005
536.7 4.13275e-005
536.75 3.1116e-005
538.15 3.58434e-005
538.4 3.99148e-005
538.45 4.84109e-005
538.75 3.1116e-005
540.15 3.58434e-005
540.155 3.58434e-005
540.405 3.99148e-005
540.455 4.84109e-005
540.7 4.13275e-005
540.705 4.13275e-005
540.75 3.1116e-005
540.755 3.1116e-005
542.15 3.58434e-005
542.4 3.99148e-005
542.45 4.84109e-005
542.7 4.13275e-005
542.75 3.1116e-005
544.15 3.58434e-005
544.4 3.99148e-005
544.45 4.84109e-005
544.7 4.13275e-005
544.75 3.1116e-005
545.155 3.58434e-005
545.405 3.99148e-005
545.455 4.84109e-005
545.705 4.13275e-005
545.755 3.1116e-005
546.15 3.58434e-005
546.4 3.99148e-005
546.45 4.84109e-005
546.7 4.13275e-005
546.75 3.1116e-005
548.15 3.58434e-005
548.45 4.84109e-005
548.7 4.13275e-005
548.75 3.1116e-005
550.15 3.58434e-005
550.155 3.58434e-005
550.4 3.99148e-005
550.405 3.99148e-005
550.45 4.84109e-005
550.7 4.13275e-005
550.705 4.13275e-005
550.75 3.1116e-005
550.755 3.1116e-005
552.15 3.58434e-005
552.4 3.99148e-005
552.45 4.84109e-005
552.7 4.13275e-005
552.75 3.1116e-005
554.15 3.58434e-005
554.4 3.99148e-005
554.45 4.84109e-005
554.7 4.13275e-005
554.75 3.1116e-005
555.155 3.58434e-005
555.405 3.99148e-005
555.455 4.84109e-005
555.705 4.13275e-005
555.755 3.1116e-005
556.15 3.58434e-005
556.4 3.99148e-005
556.45 4.84109e-005
556.7 4.13275e-005
556.75 3.1116e-005
558.15 3.58434e-005
558.4 3.99148e-005
558.7 4.13275e-005
558.75 3.1116e-005
560.15 3.58434e-005
560.155 3.58434e-005
560.4 3.99148e-005
560.405 3.99148e-005
560.45 4.84109e-005
560.455 4.84109e-005
560.705 4.13275e-005
560.75 3.1116e-005
560.755 3.1116e-005
562.15 3.58434e-005
562.4 3.99148e-005
562.45 4.84109e-005
562.7 4.13275e-005
562.75 3.1116e-005
564.15 3.58434e-005
564.4 3.99148e-005
564.45 4.84109e-005
564.7 4.13275e-005
564.75 3.1116e-005
565.155 3.58434e-005
565.405 3.99148e-005
565.455 4.84109e-005
565.705 4.13275e-005
565.755 3.1116e-005
566.15 3.58434e-005
566.4 3.99148e-005
566.7 4.13275e-005
566.75 3.1116e-005
568.15 3.58434e-005
568.4 3.99148e-005
568.45 4.84109e-005
568.7 4.13275e-005
568.75 3.1116e-005
570.15 3.58434e-005
570.155 3.58434e-005
570.4 3.99148e-005
570.405 3.99148e-005
570.45 4.84109e-005
570.455 4.84109e-005
570.7 4.13275e-005
570.705 4.13275e-005
570.75 3.1116e-005
570.755 3.1116e-005
572.15 3.58434e-005
572.4 3.99148e-005
572.45 4.84109e-005
572.7 4.13275e-005
572.75 3.1116e-005
574.15 3.58434e-005
574.4 3.99148e-005
574.45 4.84109e-005
574.7 4.13275e-005
574.75 3.1116e-005
575.155 3.58434e-005
575.405 3.99148e-005
575.455 4.84109e-005
575.755 3.1116e-005
576.15 3.58434e-005
576.4 3.99148e-005
576.45 4.84109e-005
576.7 4.13275e-005
576.75 3.1116e-005
578.15 3.58434e-005
578.4 3.99148e-005
578.45 4.84109e-005
578.7 4.13275e-005
578.75 3.1116e-005
580.15 3.58434e-005
580.155 3.58434e-005
580.4 3.99148e-005
580.405 3.99148e-005
580.455 4.84109e-005
580.7 4.13275e-005
580.705 4.13275e-005
580.75 3.1116e-005
580.755 3.1116e-005
582.15 3.58434e-005
582.4 3.99148e-005
582.7 4.13275e-005
582.75 3.1116e-005
584.15 3.58434e-005
584.4 3.99148e-005
584.45 4.84109e-005
584.7 4.13275e-005
584.75 3.1116e-005
585.155 3.58434e-005
585.405 3.99148e-005
585.455 4.84109e-005
585.705 4.13275e-005
585.755 3.1116e-005
586.15 3.58434e-005
586.4 3.99148e-005
586.45 4.84109e-005
586.7 4.13275e-005
586.75 3.1116e-005
588.15 3.58434e-005
588.4 3.99148e-005
588.45 4.84109e-005
588.7 4.13275e-005
588.75 3.1116e-005
590.15 3.58434e-005
590.155 3.58434e-005
590.4 3.99148e-005
590.405 3.99148e-005
590.45 4.84109e-005
590.455 4.84109e-005
590.7 4.13275e-005
590.705 4.13275e-005
590.75 3.1116e-005
590.755 3.1116e-005
592.15 3.58434e-005
592.4 3.99148e-005
592.45 4.84109e-005
592.7 4.13275e-005
592.75 3.1116e-005
594.15 3.58434e-005
594.4 3.99148e-005
594.45 4.84109e-005
594.7 4.13275e-005
594.75 3.1116e-005
595.155 3.58434e-005
595.405 3.99148e-005
595.455 4.84109e-005
595.705 4.13275e-005
595.755 3.1116e-005
596.15 3.58434e-005
596.4 3.99148e-005
596.45 4.84109e-005
596.7 4.13275e-005
596.75 3.1116e-005
598.15 3.58434e-005
598.4 3.99148e-005
598.45 4.84109e-005
598.7 4.13275e-005
598.75 3.1116e-005
600.15 3.58434e-005
600.155 3.58434e-005
600.4 3.99148e-005
600.405 3.99148e-005
600.45 4.84109e-005
600.455 4.84109e-005
600.7 4.13275e-005
600.705 4.13275e-005
600.75 3.1116e-005
600.755 3.1116e-005
602.15 3.58434e-005
602.4 3.99148e-005
602.45 4.84109e-005
602.7 4.13275e-005
602.75 3.1116e-005
604.15 3.58434e-005
604.4 3.99148e-005
604.45 4.84109e-005
604.7 4.13275e-005
604.75 3.1116e-005
605.155 3.58434e-005
605.405 3.99148e-005
605.455 4.84109e-005
605.705 4.13275e-005
605.755 3.1116e-005
606.15 3.58434e-005
606.4 3.99148e-005
606.45 4.84109e-005
606.7 4.13275e-005
606.75 3.1116e-005
608.15 3.58434e-005
608.4 3.99148e-005
608.45 4.84109e-005
608.7 4.13275e-005
608.75 3.1116e-005
610.15 3.58434e-005
610.155 3.58434e-005
610.4 3.99148e-005
610.45 4.84109e-005
610.455 4.84109e-005
610.7 4.13275e-005
610.705 4.13275e-005
610.75 3.1116e-005
610.755 3.1116e-005
612.15 3.58434e-005
612.4 3.99148e-005
612.45 4.84109e-005
612.7 4.13275e-005
612.75 3.1116e-005
614.15 3.58434e-005
614.4 3.99148e-005
614.45 4.84109e-005
614.7 4.13275e-005
614.75 3.1116e-005
615.155 3.58434e-005
615.405 3.99148e-005
615.455 4.84109e-005
615.705 4.13275e-005
615.755 3.1116e-005
616.15 3.58434e-005
616.7 4.13275e-005
616.75 3.1116e-005
618.15 3.58434e-005
618.4 3.99148e-005
618.45 4.84109e-005
618.7 4.13275e-005
618.75 3.1116e-005
620.15 3.58434e-005
620.155 3.58434e-005
620.405 3.99148e-005
620.45 4.84109e-005
620.455 4.84109e-005
620.7 4.13275e-005
620.705 4.13275e-005
620.75 3.1116e-005
620.755 3.1116e-005
622.15 3.58434e-005
622.4 3.99148e-005
622.45 4.84109e-005
622.7 4.13275e-005
622.75 3.1116e-005
624.15 3.58434e-005
624.4 3.99148e-005
624.45 4.84109e-005
624.7 4.13275e-005
624.75 3.1116e-005
625.155 3.58434e-005
625.405 3.99148e-005
625.455 4.84109e-005
625.705 4.13275e-005
625.755 3.1116e-005
626.15 3.58434e-005
626.4 3.99148e-005
626.45 4.84109e-005
626.7 4.13275e-005
626.75 3.1116e-005
628.15 3.58434e-005
628.4 3.99148e-005
628.45 4.84109e-005
628.7 4.13275e-005
628.75 3.1116e-005
630.15 3.58434e-005
630.155 3.58434e-005
630.4 3.99148e-005
630.405 3.99148e-005
630.455 4.84109e-005
630.7 4.13275e-005
630.705 4.13275e-005
630.75 3.1116e-005
630.755 3.1116e-005
632.15 3.58434e-005
632.4 3.99148e-005
632.45 4.84109e-005
632.7 4.13275e-005
632.75 3.1116e-005
634.15 3.58434e-005
634.4 3.99148e-005
634.75 3.1116e-005
635.155 3.58434e-005
635.405 3.99148e-005
635.455 4.84109e-005
635.705 4.13275e-005
635.755 3.1116e-005
636.15 3.58434e-005
636.45 4.84109e-005
636.7 4.13275e-005
636.75 3.1116e-005
638.15 3.58434e-005
638.4 3.99148e-005
638.45 4.84109e-005
638.7 4.13275e-005
638.75 3.1116e-005
640.15 3.58434e-005
640.155 3.58434e-005
640.4 3.99148e-005
640.405 3.99148e-005
640.7 4.13275e-005
640.705 4.13275e-005
640.75 3.1116e-005
640.755 3.1116e-005
642.15 3.58434e-005
642.4 3.99148e-005
642.45 4.84109e-005
642.7 4.13275e-005
642.75 3.1116e-005
644.15 3.58434e-005
644.4 3.99148e-005
644.45 4.84109e-005
644.7 4.13275e-005
644.75 3.1116e-005
645.155 3.58434e-005
645.405 3.99148e-005
645.455 4.84109e-005
645.705 4.13275e-005
645.755 3.1116e-005
646.15 3.58434e-005
646.4 3.99148e-005
646.45 4.84109e-005
646.7 4.13275e-005
646.75 3.1116e-005
648.15 3.58434e-005
648.4 3.99148e-005
648.45 4.84109e-005
648.7 4.13275e-005
648.75 3.1116e-005
650.15 3.58434e-005
650.155 3.58434e-005
650.4 3.99148e-005
650.405 3.99148e-005
650.45 4.84109e-005
650.455 4.84109e-005
650.7 4.13275e-005
650.705 4.13275e-005
650.75 3.1116e-005
650.755 3.1116e-005
652.15 3.58434e-005
652.4 3.99148e-005
652.45 4.84109e-005
652.7 4.13275e-005
652.75 3.1116e-005
654.15 3.58434e-005
654.4 3.99148e-005
654.45 4.84109e-005
654.7 4.13275e-005
654.75 3.1116e-005
655.155 3.58434e-005
655.405 3.99148e-005
655.455 4.84109e-005
655.705 4.13275e-005
655.755 3.1116e-005
656.15 3.58434e-005
656.4 3.99148e-005
656.45 4.84109e-005
656.7 4.13275e-005
656.75 3.1116e-005
658.15 3.58434e-005
658.4 3.99148e-005
658.75 3.1116e-005
660.15 3.58434e-005
660.155 3.58434e-005
660.4 3.99148e-005
660.405 3.99148e-005
660.455 4.84109e-005
660.7 4.13275e-005
660.705 4.13275e-005
660.75 3.1116e-005
660.755 3.1116e-005
662.15 3.58434e-005
662.4 3.99148e-005
662.45 4.84109e-005
662.7 4.13275e-005
662.75 3.1116e-005
664.15 3.58434e-005
664.4 3.99148e-005
664.45 4.84109e-005
664.7 4.13275e-005
664.75 3.1116e-005
665.155 3.58434e-005
665.405 3.99148e-005
665.455 4.84109e-005
665.705 4.13275e-005
665.755 3.1116e-005
666.15 3.58434e-005
666.4 3.99148e-005
666.45 4.84109e-005
666.7 4.13275e-005
666.75 3.1116e-005
668.15 3.58434e-005
668.4 3.99148e-005
668.45 4.84109e-005
668.7 4.13275e-005
668.75 3.1116e-005
670.15 3.58434e-005
670.155 3.58434e-005
670.4 3.99148e-005
670.405 3.99148e-005
670.45 4.84109e-005
670.455 4.84109e-005
670.7 4.13275e-005
670.705 4.13275e-005
670.75 3.1116e-005
670.755 3.1116e-005
672.15 3.58434e-005
672.4 3.99148e-005
672.45 4.84109e-005
672.7 4.13275e-005
672.75 3.1116e-005
674.15 3.58434e-005
674.4 3.99148e-005
674.45 4.84109e-005
674.7 4.13275e-005
674.75 3.1116e-005
675.155 3.58434e-005
675.405 3.99148e-005
675.455 4.84109e-005
675.705 4.13275e-005
675.755 3.1116e-005
676.15 3.58434e-005
676.4 3.99148e-005
676.7 4.13275e-005
676.75 3.1116e-005
678.15 3.58434e-005
678.4 3.99148e-005
678.45 4.84109e-005
678.7 4.13275e-005
678.75 3.1116e-005
680.15 3.58434e-005
680.155 3.58434e-005
680.4 3.99148e-005
680.405 3.99148e-005
680.45 4.84109e-005
680.455 4.84109e-005
680.705 4.13275e-005
680.75 3.1116e-005
680.755 3.1116e-005
682.15 3.58434e-005
682.4 3.99148e-005
682.45 4.84109e-005
682.7 4.13275e-005
682.75 3.1116e-005
684.15 3.58434e-005
684.4 3.99148e-005
684.45 4.84109e-005
684.7 4.13275e-005
684.75 3.1116e-005
685.155 3.58434e-005
685.405 3.99148e-005
685.455 4.84109e-005
685.705 4.13275e-005
685.755 3.1116e-005
686.15 3.58434e-005
686.4 3.99148e-005
686.45 4.84109e-005
686.7 4.13275e-005
686.75 3.1116e-005
688.15 3.58434e-005
688.4 3.99148e-005
688.45 4.84109e-005
688.7 4.13275e-005
688.75 3.1116e-005
690.15 3.58434e-005
690.155 3.58434e-005
690.4 3.99148e-005
690.405 3.99148e-005
690.45 4.84109e-005
690.455 4.84109e-005
690.7 4.13275e-005
690.705 4.13275e-005
690.75 3.1116e-005
690.755 3.1116e-005
692.15 3.58434e-005
692.4 3.99148e-005
692.45 4.84109e-005
692.7 4.13275e-005
692.75 3.1116e-005
694.15 3.58434e-005
694.4 3.99148e-005
694.45 4.84109e-005
694.7 4.13275e-005
694.75 3.1116e-005
695.155 3.58434e-005
695.405 3.99148e-005
695.455 4.84109e-005
695.705 4.13275e-005
695.755 3.1116e-005
696.15 3.58434e-005
696.4 3.99148e-005
696.45 4.84109e-005
696.7 4.13275e-005
696.75 3.1116e-005
698.15 3.58434e-005
698.4 3.99148e-005
698.7 4.13275e-005
698.75 3.1116e-005
700.15 3.58434e-005
700.155 3.58434e-005
700.4 3.99148e-005
700.405 3.99148e-005
700.455 4.84109e-005
700.7 4.13275e-005
700.705 4.13275e-005
700.75 3.1116e-005
700.755 3.1116e-005
702.15 3.58434e-005
702.4 3.99148e-005
702.7 4.13275e-005
702.75 3.1116e-005
704.15 3.58434e-005
704.4 3.99148e-005
704.45 4.84109e-005
704.7 4.13275e-005
704.75 3.1116e-005
705.155 3.58434e-005
705.405 3.99148e-005
705.455 4.84109e-005
705.705 4.13275e-005
705.755 3.1116e-005
706.15 3.58434e-005
706.7 4.13275e-005
706.75 3.1116e-005
708.15 3.58434e-005
708.4 3.99148e-005
708.7 4.13275e-005
708.75 3.1116e-005
710.15 3.58434e-005
710.155 3.58434e-005
710.4 3.99148e-005
710.405 3.99148e-005
710.45 4.84109e-005
710.455 4.84109e-005
710.7 4.13275e-005
710.705 4.13275e-005
710.75 3.1116e-005
710.755 3.1116e-005
712.15 3.58434e-005
712.4 3.99148e-005
712.45 4.84109e-005
712.7 4.13275e-005
712.75 3.1116e-005
714.15 3.58434e-005
714.4 3.99148e-005
714.45 4.84109e-005
714.7 4.13275e-005
714.75 3.1116e-005
715.155 3.58434e-005
715.405 3.99148e-005
715.705 4.13275e-005
715.755 3.1116e-005
716.15 3.58434e-005
716.4 3.99148e-005
716.45 4.84109e-005
716.7 4.13275e-005
716.75 3.1116e-005
718.15 3.58434e-005
718.4 3.99148e-005
718.7 4.13275e-005
718.75 3.1116e-005
720.15 3.58434e-005
720.155 3.58434e-005
720.4 3.99148e-005
720.405 3.99148e-005
720.455 4.84109e-005
720.7 4.13275e-005
720.705 4.13275e-005
720.75 3.1116e-005
720.755 3.1116e-005
722.15 3.58434e-005
722.4 3.99148e-005
722.45 4.84109e-005
722.7 4.13275e-005
722.75 3.1116e-005
724.15 3.58434e-005
724.4 3.99148e-005
724.45 4.84109e-005
724.7 4.13275e-005
724.75 3.1116e-005
725.155 3.58434e-005
725.405 3.99148e-005
725.455 4.84109e-005
725.755 3.1116e-005
726.15 3.58434e-005
726.45 4.84109e-005
726.7 4.13275e-005
726.75 3.1116e-005
728.15 3.58434e-005
728.4 3.99148e-005
728.45 4.84109e-005
728.7 4.13275e-005
728.75 3.1116e-005
730.15 3.58434e-005
730.155 3.58434e-005
730.4 3.99148e-005
730.405 3.99148e-005
730.45 4.84109e-005
730.455 4.84109e-005
730.7 4.13275e-005
730.705 4.13275e-005
730.75 3.1116e-005
730.755 3.1116e-005
732.15 3.58434e-005
732.4 3.99148e-005
732.45 4.84109e-005
732.7 4.13275e-005
732.75 3.1116e-005
734.15 3.58434e-005
734.4 3.99148e-005
734.45 4.84109e-005
734.7 4.13275e-005
734.75 3.1116e-005
735.155 3.58434e-005
735.405 3.99148e-005
735.455 4.84109e-005
735.705 4.13275e-005
735.755 3.1116e-005
736.15 3.58434e-005
736.4 3.99148e-005
736.45 4.84109e-005
736.7 4.13275e-005
736.75 3.1116e-005
738.15 3.58434e-005
738.4 3.99148e-005
738.45 4.84109e-005
738.7 4.13275e-005
738.75 3.1116e-005
740.15 3.58434e-005
740.155 3.58434e-005
740.4 3.99148e-005
740.405 3.99148e-005
740.45 4.84109e-005
740.455 4.84109e-005
740.7 4.13275e-005
740.705 4.13275e-005
740.75 3.1116e-005
740.755 3.1116e-005
742.15 3.58434e-005
742.4 3.99148e-005
742.45 4.84109e-005
742.7 4.13275e-005
742.75 3.1116e-005
744.15 3.58434e-005
744.4 3.99148e-005
744.7 4.13275e-005
744.75 3.1116e-005
745.155 3.58434e-005
745.405 3.99148e-005
745.455 4.84109e-005
745.705 4.13275e-005
745.755 3.1116e-005
746.15 3.58434e-005
746.4 3.99148e-005
746.45 4.84109e-005
746.75 3.1116e-005
748.15 3.58434e-005
748.4 3.99148e-005
748.45 4.84109e-005
748.7 4.13275e-005
748.75 3.1116e-005
750.15 3.58434e-005
750.155 3.58434e-005
750.4 3.99148e-005
750.405 3.99148e-005
750.45 4.84109e-005
750.455 4.84109e-005
750.7 4.13275e-005
750.705 4.13275e-005
750.75 3.1116e-005
750.755 3.1116e-005
752.15 3.58434e-005
752.4 3.99148e-005
752.45 4.84109e-005
752.7 4.13275e-005
752.75 3.1116e-005
754.15 3.58434e-005
754.4 3.99148e-005
754.45 4.84109e-005
754.7 4.13275e-005
754.75 3.1116e-005
755.155 3.58434e-005
755.405 3.99148e-005
755.455 4.84109e-005
755.755 3.1116e-005
756.15 3.58434e-005
756.4 3.99148e-005
756.45 4.84109e-005
756.7 4.13275e-005
756.75 3.1116e-005
758.15 3.58434e-005
758.4 3.99148e-005
758.7 4.13275e-005
758.75 3.1116e-005
760.15 3.58434e-005
760.155 3.58434e-005
760.4 3.99148e-005
760.405 3.99148e-005
760.45 4.84109e-005
760.7 4.13275e-005
760.705 4.13275e-005
760.75 3.1116e-005
760.755 3.1116e-005
762.15 3.58434e-005
762.4 3.99148e-005
762.45 4.84109e-005
762.7 4.13275e-005
762.75 3.1116e-005
764.15 3.58434e-005
764.4 3.99148e-005
764.45 4.84109e-005
764.7 4.13275e-005
764.75 3.1116e-005
765.155 3.58434e-005
765.405 3.99148e-005
765.455 4.84109e-005
765.705 4.13275e-005
765.755 3.1116e-005
766.15 3.58434e-005
766.4 3.99148e-005
766.45 4.84109e-005
766.7 4.13275e-005
766.75 3.1116e-005
768.15 3.58434e-005
768.4 3.99148e-005
768.45 4.84109e-005
768.7 4.13275e-005
768.75 3.1116e-005
770.15 3.58434e-005
770.155 3.58434e-005
770.4 3.99148e-005
770.405 3.99148e-005
770.45 4.84109e-005
770.455 4.84109e-005
770.7 4.13275e-005
770.705 4.13275e-005
770.75 3.1116e-005
770.755 3.1116e-005
772.15 3.58434e-005
772.4 3.99148e-005
772.45 4.84109e-005
772.7 4.13275e-005
772.75 3.1116e-005
774.15 3.58434e-005
774.4 3.99148e-005
774.45 4.84109e-005
774.7 4.13275e-005
774.75 3.1116e-005
775.155 3.58434e-005
775.405 3.99148e-005
775.455 4.84109e-005
775.705 4.13275e-005
775.755 3.1116e-005
776.15 3.58434e-005
776.4 3.99148e-005
776.45 4.84109e-005
776.7 4.13275e-005
776.75 3.1116e-005
778.15 3.58434e-005
778.4 3.99148e-005
778.45 4.84109e-005
778.7 4.13275e-005
778.75 3.1116e-005
780.15 3.58434e-005
780.155 3.58434e-005
780.4 3.99148e-005
780.405 3.99148e-005
780.455 4.84109e-005
780.7 4.13275e-005
780.705 4.13275e-005
780.75 3.1116e-005
780.755 3.1116e-005
782.15 3.58434e-005
782.4 3.99148e-005
782.7 4.13275e-005
782.75 3.1116e-005
784.15 3.58434e-005
784.4 3.99148e-005
784.7 4.13275e-005
784.75 3.1116e-005
785.155 3.58434e-005
785.405 3.99148e-005
785.455 4.84109e-005
785.705 4.13275e-005
785.755 3.1116e-005
786.15 3.58434e-005
786.4 3.99148e-005
786.45 4.84109e-005
786.7 4.13275e-005
786.75 3.1116e-005
788.15 3.58434e-005
788.4 3.99148e-005
788.45 4.84109e-005
788.7 4.13275e-005
788.75 3.1116e-005
790.15 3.58434e-005
790.155 3.58434e-005
790.4 3.99148e-005
790.405 3.99148e-005
790.45 4.84109e-005
790.455 4.84109e-005
790.705 4.13275e-005
790.75 3.1116e-005
790.755 3.1116e-005
792.15 3.58434e-005
792.4 3.99148e-005
792.45 4.84109e-005
792.7 4.13275e-005
792.75 3.1116e-005
794.15 3.58434e-005
794.4 3.99148e-005
794.7 4.13275e-005
794.75 3.1116e-005
795.155 3.58434e-005
795.405 3.99148e-005
795.455 4.84109e-005
795.705 4.13275e-005
795.755 3.1116e-005
796.15 3.58434e-005
796.4 3.99148e-005
796.45 4.84109e-005
796.7 4.13275e-005
796.75 3.1116e-005
798.15 3.58434e-005
798.4 3.99148e-005
798.45 4.84109e-005
798.7 4.13275e-005
798.75 3.1116e-005
800.15 3.58434e-005
800.155 3.58434e-005
800.4 3.99148e-005
800.405 3.99148e-005
800.45 4.84109e-005
800.455 4.84109e-005
800.7 4.13275e-005
800.705 4.13275e-005
800.75 3.1116e-005
800.755 3.1116e-005
802.15 3.58434e-005
802.4 3.99148e-005
802.45 4.84109e-005
802.75 3.1116e-005
804.15 3.58434e-005
804.4 3.99148e-005
804.45 4.84109e-005
804.7 4.13275e-005
804.75 3.1116e-005
805.155 3.58434e-005
805.405 3.99148e-005
805.455 4.84109e-005
805.755 3.1116e-005
806.15 3.58434e-005
806.4 3.99148e-005
806.45 4.84109e-005
806.7 4.13275e-005
806.75 3.1116e-005
808.15 3.58434e-005
808.4 3.99148e-005
808.45 4.84109e-005
808.7 4.13275e-005
808.75 3.1116e-005
810.15 3.58434e-005
810.155 3.58434e-005
810.4 3.99148e-005
810.405 3.99148e-005
810.45 4.84109e-005
810.455 4.84109e-005
810.7 4.13275e-005
810.705 4.13275e-005
810.75 3.1116e-005
810.755 3.1116e-005
812.15 3.58434e-005
812.4 3.99148e-005
812.45 4.84109e-005
812.7 4.13275e-005
812.75 3.1116e-005
814.15 3.58434e-005
814.4 3.99148e-005
814.7 4.13275e-005
814.75 3.1116e-005
815.155 3.58434e-005
815.405 3.99148e-005
815.455 4.84109e-005
815.705 4.13275e-005
815.755 3.1116e-005
816.15 3.58434e-005
816.4 3.99148e-005
816.45 4.84109e-005
816.7 4.13275e-005
816.75 3.1116e-005
818.15 3.58434e-005
818.4 3.99148e-005
818.45 4.84109e-005
818.7 4.13275e-005
818.75 3.1116e-005
820.15 3.58434e-005
820.155 3.58434e-005
820.4 3.99148e-005
820.405 3.99148e-005
820.45 4.84109e-005
820.455 4.84109e-005
820.7 4.13275e-005
820.705 4.13275e-005
820.75 3.1116e-005
820.755 3.1116e-005
822.15 3.58434e-005
822.4 3.99148e-005
822.45 4.84109e-005
822.7 4.13275e-005
822.75 3.1116e-005
824.15 3.58434e-005
824.4 3.99148e-005
824.45 4.84109e-005
824.7 4.13275e-005
824.75 3.1116e-005
825.155 3.58434e-005
825.405 3.99148e-005
825.455 4.84109e-005
825.705 4.13275e-005
825.755 3.1116e-005
826.15 3.58434e-005
826.45 4.84109e-005
826.7 4.13275e-005
826.75 3.1116e-005
828.15 3.58434e-005
828.4 3.99148e-005
828.45 4.84109e-005
828.7 4.13275e-005
828.75 3.1116e-005
830.15 3.58434e-005
830.155 3.58434e-005
830.4 3.99148e-005
830.405 3.99148e-005
830.455 4.84109e-005
830.7 4.13275e-005
830.705 4.13275e-005
830.75 3.1116e-005
830.755 3.1116e-005
832.15 3.58434e-005
832.4 3.99148e-005
832.45 4.84109e-005
832.7 4.13275e-005
832.75 3.1116e-005
834.15 3.58434e-005
834.4 3.99148e-005
834.45 4.84109e-005
834.7 4.13275e-005
834.75 3.1116e-005
835.155 3.58434e-005
835.405 3.99148e-005
835.455 4.84109e-005
835.755 3.1116e-005
836.15 3.58434e-005
836.4 3.99148e-005
836.45 4.84109e-005
836.7 4.13275e-005
836.75 3.1116e-005
838.15 3.58434e-005
838.4 3.99148e-005
838.45 4.84109e-005
838.7 4.13275e-005
838.75 3.1116e-005
840.15 3.58434e-005
840.155 3.58434e-005
840.4 3.99148e-005
840.405 3.99148e-005
840.45 4.84109e-005
840.455 4.84109e-005
840.7 4.13275e-005
840.705 4.13275e-005
840.75 3.1116e-005
840.755 3.1116e-005
842.15 3.58434e-005
842.4 3.99148e-005
842.45 4.84109e-005
842.7 4.13275e-005
842.75 3.1116e-005
844.15 3.58434e-005
844.4 3.99148e-005
844.7 4.13275e-005
844.75 3.1116e-005
845.155 3.58434e-005
845.405 3.99148e-005
845.455 4.84109e-005
845.705 4.13275e-005
845.755 3.1116e-005
846.15 3.58434e-005
846.4 3.99148e-005
846.45 4.84109e-005
846.7 4.13275e-005
846.75 3.1116e-005
848.15 3.58434e-005
848.4 3.99148e-005
848.45 4.84109e-005
848.7 4.13275e-005
848.75 3.1116e-005
850.15 3.58434e-005
850.155 3.58434e-005
850.4 3.99148e-005
850.405 3.99148e-005
850.455 4.84109e-005
850.7 4.13275e-005
850.705 4.13275e-005
850.75 3.1116e-005
850.755 3.1116e-005
852.15 3.58434e-005
852.4 3.99148e-005
852.45 4.84109e-005
852.7 4.13275e-005
852.75 3.1116e-005
854.15 3.58434e-005
854.4 3.99148e-005
854.7 4.13275e-005
854.75 3.1116e-005
855.155 3.58434e-005
855.405 3.99148e-005
855.455 4.84109e-005
855.705 4.13275e-005
855.755 3.1116e-005
856.15 3.58434e-005
856.7 4.13275e-005
856.75 3.1116e-005
858.15 3.58434e-005
858.4 3.99148e-005
858.7 4.13275e-005
858.75 3.1116e-005
860.15 3.58434e-005
860.155 3.58434e-005
860.405 3.99148e-005
860.45 4.84109e-005
860.455 4.84109e-005
860.7 4.13275e-005
860.705 4.13275e-005
860.75 3.1116e-005
860.755 3.1116e-005
862.15 3.58434e-005
862.4 3.99148e-005
862.45 4.84109e-005
862.7 4.13275e-005
862.75 3.1116e-005
864.15 3.58434e-005
864.4 3.99148e-005
864.7 4.13275e-005
864.75 3.1116e-005
865.155 3.58434e-005
865.405 3.99148e-005
865.705 4.13275e-005
865.755 3.1116e-005
866.15 3.58434e-005
866.45 4.84109e-005
866.7 4.13275e-005
866.75 3.1116e-005
868.15 3.58434e-005
868.4 3.99148e-005
868.45 4.84109e-005
868.7 4.13275e-005
868.75 3.1116e-005
870.15 3.58434e-005
870.155 3.58434e-005
870.4 3.99148e-005
870.405 3.99148e-005
870.45 4.84109e-005
870.455 4.84109e-005
870.7 4.13275e-005
870.705 4.13275e-005
870.75 3.1116e-005
870.755 3.1116e-005
872.15 3.58434e-005
872.4 3.99148e-005
872.45 4.84109e-005
872.7 4.13275e-005
872.75 3.1116e-005
874.15 3.58434e-005
874.4 3.99148e-005
874.45 4.84109e-005
874.7 4.13275e-005
874.75 3.1116e-005
875.155 3.58434e-005
875.405 3.99148e-005
875.455 4.84109e-005
875.705 4.13275e-005
875.755 3.1116e-005
876.15 3.58434e-005
876.4 3.99148e-005
876.45 4.84109e-005
876.7 4.13275e-005
876.75 3.1116e-005
878.15 3.58434e-005
878.4 3.99148e-005
878.7 4.13275e-005
878.75 3.1116e-005
880.15 3.58434e-005
880.155 3.58434e-005
880.4 3.99148e-005
880.405 3.99148e-005
880.45 4.84109e-005
880.455 4.84109e-005
880.7 4.13275e-005
880.705 4.13275e-005
880.75 3.1116e-005
880.755 3.1116e-005
882.15 3.58434e-005
882.4 3.99148e-005
882.45 4.84109e-005
882.7 4.13275e-005
882.75 3.1116e-005
884.15 3.58434e-005
884.4 3.99148e-005
884.7 4.13275e-005
884.75 3.1116e-005
885.155 3.58434e-005
885.405 3.99148e-005
885.455 4.84109e-005
885.705 4.13275e-005
885.755 3.1116e-005
886.15 3.58434e-005
886.4 3.99148e-005
886.7 4.13275e-005
886.75 3.1116e-005
888.15 3.58434e-005
888.4 3.99148e-005
888.45 4.84109e-005
888.7 4.13275e-005
888.75 3.1116e-005
890.15 3.58434e-005
890.155 3.58434e-005
890.4 3.99148e-005
890.405 3.99148e-005
890.455 4.84109e-005
890.705 4.13275e-005
890.75 3.1116e-005
890.755 3.1116e-005
892.15 3.58434e-005
892.4 3.99148e-005
892.45 4.84109e-005
892.7 4.13275e-005
892.75 3.1116e-005
894.15 3.58434e-005
894.4 3.99148e-005
894.45 4.84109e-005
894.7 4.13275e-005
894.75 3.1116e-005
895.155 3.58434e-005
895.405 3.99148e-005
895.455 4.84109e-005
895.705 4.13275e-005
895.755 3.1116e-005
896.15 3.58434e-005
896.4 3.99148e-005
896.45 4.84109e-005
896.7 4.13275e-005
896.75 3.1116e-005
898.15 3.58434e-005
898.4 3.99148e-005
898.45 4.84109e-005
898.7 4.13275e-005
898.75 3.1116e-005
900.15 3.58434e-005
900.155 3.58434e-005
900.4 3.99148e-005
900.405 3.99148e-005
900.455 4.84109e-005
900.7 4.13275e-005
900.705 4.13275e-005
900.75 3.1116e-005
900.755 3.1116e-005
902.15 3.58434e-005
902.4 3.99148e-005
902.7 4.13275e-005
902.75 3.1116e-005
904.15 3.58434e-005
904.4 3.99148e-005
904.45 4.84109e-005
904.7 4.13275e-005
904.75 3.1116e-005
905.155 3.58434e-005
905.405 3.99148e-005
905.455 4.84109e-005
905.705 4.13275e-005
905.755 3.1116e-005
906.15 3.58434e-005
906.4 3.99148e-005
906.45 4.84109e-005
906.7 4.13275e-005
906.75 3.1116e-005
908.15 3.58434e-005
908.45 4.84109e-005
908.7 4.13275e-005
908.75 3.1116e-005
910.15 3.58434e-005
910.155 3.58434e-005
910.4 3.99148e-005
910.405 3.99148e-005
910.45 4.84109e-005
910.455 4.84109e-005
910.7 4.13275e-005
910.705 4.13275e-005
910.75 3.1116e-005
910.755 3.1116e-005
912.15 3.58434e-005
912.4 3.99148e-005
912.45 4.84109e-005
912.7 4.13275e-005
912.75 3.1116e-005
914.15 3.58434e-005
914.4 3.99148e-005
914.45 4.84109e-005
914.7 4.13275e-005
914.75 3.1116e-005
915.155 3.58434e-005
915.705 4.13275e-005
915.755 3.1116e-005
916.15 3.58434e-005
916.4 3.99148e-005
916.45 4.84109e-005
916.7 4.13275e-005
916.75 3.1116e-005
918.15 3.58434e-005
918.4 3.99148e-005
918.7 4.13275e-005
918.75 3.1116e-005
920.15 3.58434e-005
920.155 3.58434e-005
920.4 3.99148e-005
920.405 3.99148e-005
920.45 4.84109e-005
920.455 4.84109e-005
920.7 4.13275e-005
920.705 4.13275e-005
920.75 3.1116e-005
920.755 3.1116e-005
922.15 3.58434e-005
922.4 3.99148e-005
922.45 4.84109e-005
922.7 4.13275e-005
922.75 3.1116e-005
924.15 3.58434e-005
924.4 3.99148e-005
924.45 4.84109e-005
924.7 4.13275e-005
924.75 3.1116e-005
925.155 3.58434e-005
925.405 3.99148e-005
925.455 4.84109e-005
925.705 4.13275e-005
925.755 3.1116e-005
926.15 3.58434e-005
926.4 3.99148e-005
926.45 4.84109e-005
926.7 4.13275e-005
926.75 3.1116e-005
928.15 3.58434e-005
928.4 3.99148e-005
928.7 4.13275e-005
928.75 3.1116e-005
930.15 3.58434e-005
930.155 3.58434e-005
930.4 3.99148e-005
930.405 3.99148e-005
930.45 4.84109e-005
930.455 4.84109e-005
930.7 4.13275e-005
930.705 4.13275e-005
930.75 3.1116e-005
930.755 3.1116e-005
932.15 3.58434e-005
932.4 3.99148e-005
932.45 4.84109e-005
932.7 4.13275e-005
932.75 3.1116e-005
934.15 3.58434e-005
934.4 3.99148e-005
934.45 4.84109e-005
934.7 4.13275e-005
934.75 3.1116e-005
935.155 3.58434e-005
935.405 3.99148e-005
935.455 4.84109e-005
935.705 4.13275e-005
935.755 3.1116e-005
936.15 3.58434e-005
936.4 3.99148e-005
936.45 4.84109e-005
936.7 4.13275e-005
936.75 3.1116e-005
938.15 3.58434e-005
938.4 3.99148e-005
938.45 4.84109e-005
938.7 4.13275e-005
938.75 3.1116e-005
940.15 3.58434e-005
940.155 3.58434e-005
940.4 3.99148e-005
940.405 3.99148e-005
940.45 4.84109e-005
940.455 4.84109e-005
940.7 4.13275e-005
940.705 4.13275e-005
940.75 3.1116e-005
940.755 3.1116e-005
942.15 3.58434e-005
942.4 3.99148e-005
942.45 4.84109e-005
942.7 4.13275e-005
942.75 3.1116e-005
944.15 3.58434e-005
944.4 3.99148e-005
944.45 4.84109e-005
944.7 4.13275e-005
944.75 3.1116e-005
945.155 3.58434e-005
945.405 3.99148e-005
945.455 4.84109e-005
945.705 4.13275e-005
945.755 3.1116e-005
946.15 3.58434e-005
946.4 3.99148e-005
946.45 4.84109e-005
946.7 4.13275e-005
946.75 3.1116e-005
948.15 3.58434e-005
948.4 3.99148e-005
948.45 4.84109e-005
948.7 4.13275e-005
948.75 3.1116e-005
950.15 3.58434e-005
950.155 3.58434e-005
950.4 3.99148e-005
950.405 3.99148e-005
950.455 4.84109e-005
950.7 4.13275e-005
950.705 4.13275e-005
950.75 3.1116e-005
950.755 3.1116e-005
952.15 3.58434e-005
952.4 3.99148e-005
952.45 4.84109e-005
952.7 4.13275e-005
952.75 3.1116e-005
954.15 3.58434e-005
954.4 3.99148e-005
954.45 4.84109e-005
954.7 4.13275e-005
954.75 3.1116e-005
955.155 3.58434e-005
955.405 3.99148e-005
955.455 4.84109e-005
955.705 4.13275e-005
955.755 3.1116e-005
956.15 3.58434e-005
956.4 3.99148e-005
956.45 4.84109e-005
956.7 4.13275e-005
956.75 3.1116e-005
958.15 3.58434e-005
958.4 3.99148e-005
958.45 4.84109e-005
958.7 4.13275e-005
958.75 3.1116e-005
960.15 3.58434e-005
960.155 3.58434e-005
960.4 3.99148e-005
960.405 3.99148e-005
960.45 4.84109e-005
960.455 4.84109e-005
960.7 4.13275e-005
960.705 4.13275e-005
960.75 3.1116e-005
960.755 3.1116e-005
962.15 3.58434e-005
962.4 3.99148e-005
962.45 4.84109e-005
962.75 3.1116e-005
964.15 3.58434e-005
964.4 3.99148e-005
964.7 4.13275e-005
964.75 3.1116e-005
965.155 3.58434e-005
965.405 3.99148e-005
965.455 4.84109e-005
965.755 3.1116e-005
966.15 3.58434e-005
966.4 3.99148e-005
966.45 4.84109e-005
966.7 4.13275e-005
966.75 3.1116e-005
968.15 3.58434e-005
968.4 3.99148e-005
968.7 4.13275e-005
968.75 3.1116e-005
970.15 3.58434e-005
970.155 3.58434e-005
970.405 3.99148e-005
970.45 4.84109e-005
970.455 4.84109e-005
970.7 4.13275e-005
970.705 4.13275e-005
970.75 3.1116e-005
970.755 3.1116e-005
972.15 3.58434e-005
972.4 3.99148e-005
972.45 4.84109e-005
972.7 4.13275e-005
972.75 3.1116e-005
974.15 3.58434e-005
974.4 3.99148e-005
974.45 4.84109e-005
974.7 4.13275e-005
974.75 3.1116e-005
975.155 3.58434e-005
975.405 3.99148e-005
975.455 4.84109e-005
975.705 4.13275e-005
975.755 3.1116e-005
976.15 3.58434e-005
976.4 3.99148e-005
976.45 4.84109e-005
976.7 4.13275e-005
976.75 3.1116e-005
978.15 3.58434e-005
978.4 3.99148e-005
978.45 4.84109e-005
978.7 4.13275e-005
978.75 3.1116e-005
980.15 3.58434e-005
980.155 3.58434e-005
980.4 3.99148e-005
980.405 3.99148e-005
980.45 4.84109e-005
980.455 4.84109e-005
980.705 4.13275e-005
980.75 3.1116e-005
980.755 3.1116e-005
982.15 3.58434e-005
982.4 3.99148e-005
982.45 4.84109e-005
982.7 4.13275e-005
982.75 3.1116e-005
984.15 3.58434e-005
984.4 3.99148e-005
984.7 4.13275e-005
984.75 3.1116e-005
985.155 3.58434e-005
985.405 3.99148e-005
985.455 4.84109e-005
985.705 4.13275e-005
985.755 3.1116e-005
986.15 3.58434e-005
986.4 3.99148e-005
986.45 4.84109e-005
986.7 4.13275e-005
986.75 3.1116e-005
988.15 3.58434e-005
988.4 3.99148e-005
988.7 4.13275e-005
988.75 3.1116e-005
990.15 3.58434e-005
990.155 3.58434e-005
990.4 3.99148e-005
990.405 3.99148e-005
990.455 4.84109e-005
990.7 4.13275e-005
990.705 4.13275e-005
990.75 3.1116e-005
990.755 3.1116e-005
992.15 3.58434e-005
992.45 4.84109e-005
992.75 3.1116e-005
994.15 3.58434e-005
994.45 4.84109e-005
994.7 4.13275e-005
994.75 3.1116e-005
995.155 3.58434e-005
995.405 3.99148e-005
995.455 4.84109e-005
995.705 4.13275e-005
995.755 3.1116e-005
996.15 3.58434e-005
996.4 3.99148e-005
996.45 4.84109e-005
996.7 4.13275e-005
996.75 3.1116e-005
998.15 3.58434e-005
998.4 3.99148e-005
998.45 4.84109e-005
998.7 4.13275e-005
998.75 3.1116e-005
1000.15 3.58434e-005
1000.16 3.58434e-005
1000.4 3.99148e-005
1000.41 3.99148e-005
1000.46 4.84109e-005
1000.7 4.13275e-005
1000.71 4.13275e-005
1000.75 3.1116e-005
1000.76 3.1116e-005
1002.15 3.58434e-005
1002.4 3.99148e-005
1002.45 4.84109e-005
1002.7 4.13275e-005
1002.75 3.1116e-005
1004.15 3.58434e-005
1004.4 3.99148e-005
1004.45 4.84109e-005
1004.7 4.13275e-005
1004.75 3.1116e-005
1005.16 3.58434e-005
1005.41 3.99148e-005
1005.46 4.84109e-005
1005.71 4.13275e-005
1005.76 3.1116e-005
1006.15 3.58434e-005
1006.4 3.99148e-005
1006.45 4.84109e-005
1006.7 4.13275e-005
1006.75 3.1116e-005
1008.15 3.58434e-005
1008.4 3.99148e-005
1008.7 4.13275e-005
1008.75 3.1116e-005
1010.15 3.58434e-005
1010.16 3.58434e-005
1010.4 3.99148e-005
1010.41 3.99148e-005
1010.46 4.84109e-005
1010.7 4.13275e-005
1010.71 4.13275e-005
1010.75 3.1116e-005
1010.76 3.1116e-005
1012.15 3.58434e-005
1012.7 4.13275e-005
1012.75 3.1116e-005
1014.15 3.58434e-005
1014.4 3.99148e-005
1014.45 4.84109e-005
1014.7 4.13275e-005
1014.75 3.1116e-005
1015.16 3.58434e-005
1015.41 3.99148e-005
1015.46 4.84109e-005
1015.71 4.13275e-005
1015.76 3.1116e-005
1016.15 3.58434e-005
1016.4 3.99148e-005
1016.45 4.84109e-005
1016.7 4.13275e-005
1016.75 3.1116e-005
1018.15 3.58434e-005
1018.4 3.99148e-005
1018.45 4.84109e-005
1018.7 4.13275e-005
1018.75 3.1116e-005
1020.15 3.58434e-005
1020.16 3.58434e-005
1020.4 3.99148e-005
1020.45 4.84109e-005
1020.46 4.84109e-005
1020.7 4.13275e-005
1020.71 4.13275e-005
1020.75 3.1116e-005
1020.76 3.1116e-005
1022.15 3.58434e-005
1022.4 3.99148e-005
1022.45 4.84109e-005
1022.7 4.13275e-005
1022.75 3.1116e-005
1024.15 3.58434e-005
1024.45 4.84109e-005
1024.7 4.13275e-005
1024.75 3.1116e-005
1025.16 3.58434e-005
1025.41 3.99148e-005
1025.46 4.84109e-005
1025.71 4.13275e-005
1025.76 3.1116e-005
1026.15 3.58434e-005
1026.4 3.99148e-005
1026.45 4.84109e-005
1026.7 4.13275e-005
1026.75 3.1116e-005
1028.15 3.58434e-005
1028.4 3.99148e-005
1028.45 4.84109e-005
1028.7 4.13275e-005
1028.75 3.1116e-005
1030.15 3.58434e-005
1030.16 3.58434e-005
1030.4 3.99148e-005
1030.41 3.99148e-005
1030.45 4.84109e-005
1030.46 4.84109e-005
1030.7 4.13275e-005
1030.71 4.13275e-005
1030.75 3.1116e-005
1030.76 3.1116e-005
1032.15 3.58434e-005
1032.4 3.99148e-005
1032.45 4.84109e-005
1032.7 4.13275e-005
1032.75 3.1116e-005
1034.15 3.58434e-005
1034.4 3.99148e-005
1034.7 4.13275e-005
1034.75 3.1116e-005
1035.16 3.58434e-005
1035.41 3.99148e-005
1035.46 4.84109e-005
1035.71 4.13275e-005
1035.76 3.1116e-005
1036.15 3.58434e-005
1036.4 3.99148e-005
1036.45 4.84109e-005
1036.7 4.13275e-005
1036.75 3.1116e-005
1038.15 3.58434e-005
1038.4 3.99148e-005
1038.45 4.84109e-005
1038.7 4.13275e-005
1038.75 3.1116e-005
1040.15 3.58434e-005
1040.16 3.58434e-005
1040.4 3.99148e-005
1040.41 3.99148e-005
1040.45 4.84109e-005
1040.46 4.84109e-005
1040.7 4.13275e-005
1040.71 4.13275e-005
1040.75 3.1116e-005
1040.76 3.1116e-005
1042.15 3.58434e-005
1042.4 3.99148e-005
1042.45 4.84109e-005
1042.7 4.13275e-005
1042.75 3.1116e-005
1044.15 3.58434e-005
1044.4 3.99148e-005
1044.45 4.84109e-005
1044.7 4.13275e-005
1044.75 3.1116e-005
1045.16 3.58434e-005
1045.41 3.99148e-005
1045.46 4.84109e-005
1045.71 4.13275e-005
1045.76 3.1116e-005
1046.15 3.58434e-005
1046.4 3.99148e-005
1046.7 4.13275e-005
1046.75 3.1116e-005
1048.15 3.58434e-005
1048.45 4.84109e-005
1048.7 4.13275e-005
1048.75 3.1116e-005
1050.15 3.58434e-005
1050.16 3.58434e-005
1050.4 3.99148e-005
1050.41 3.99148e-005
1050.45 4.84109e-005
1050.46 4.84109e-005
1050.7 4.13275e-005
1050.71 4.13275e-005
1050.75 3.1116e-005
1050.76 3.1116e-005
1052.15 3.58434e-005
1052.4 3.99148e-005
1052.45 4.84109e-005
1052.7 4.13275e-005
1052.75 3.1116e-005
1054.15 3.58434e-005
1054.4 3.99148e-005
1054.45 4.84109e-005
1054.7 4.13275e-005
1054.75 3.1116e-005
1055.16 3.58434e-005
1055.41 3.99148e-005
1055.46 4.84109e-005
1055.71 4.13275e-005
1055.76 3.1116e-005
1056.15 3.58434e-005
1056.4 3.99148e-005
1056.7 4.13275e-005
1056.75 3.1116e-005
1058.15 3.58434e-005
1058.4 3.99148e-005
1058.45 4.84109e-005
1058.7 4.13275e-005
1058.75 3.1116e-005
1060.15 3.58434e-005
1060.16 3.58434e-005
1060.4 3.99148e-005
1060.41 3.99148e-005
1060.45 4.84109e-005
1060.46 4.84109e-005
1060.7 4.13275e-005
1060.71 4.13275e-005
1060.75 3.1116e-005
1060.76 3.1116e-005
1062.15 3.58434e-005
1062.4 3.99148e-005
1062.45 4.84109e-005
1062.7 4.13275e-005
1062.75 3.1116e-005
1064.15 3.58434e-005
1064.4 3.99148e-005
1064.7 4.13275e-005
1064.75 3.1116e-005
1065.16 3.58434e-005
1065.41 3.99148e-005
1065.46 4.84109e-005
1065.71 4.13275e-005
1065.76 3.1116e-005
1066.15 3.58434e-005
1066.4 3.99148e-005
1066.45 4.84109e-005
1066.7 4.13275e-005
1066.75 3.1116e-005
1068.15 3.58434e-005
1068.4 3.99148e-005
1068.45 4.84109e-005
1068.7 4.13275e-005
1068.75 3.1116e-005
1070.15 3.58434e-005
1070.16 3.58434e-005
1070.41 3.99148e-005
1070.46 4.84109e-005
1070.7 4.13275e-005
1070.71 4.13275e-005
1070.75 3.1116e-005
1070.76 3.1116e-005
1072.15 3.58434e-005
1072.4 3.99148e-005
1072.45 4.84109e-005
1072.7 4.13275e-005
1072.75 3.1116e-005
1074.15 3.58434e-005
1074.4 3.99148e-005
1074.45 4.84109e-005
1074.7 4.13275e-005
1074.75 3.1116e-005
1075.16 3.58434e-005
1075.41 3.99148e-005
1075.71 4.13275e-005
1075.76 3.1116e-005
1076.15 3.58434e-005
1076.4 3.99148e-005
1076.45 4.84109e-005
1076.7 4.13275e-005
1076.75 3.1116e-005
1078.15 3.58434e-005
1078.4 3.99148e-005
1078.45 4.84109e-005
1078.7 4.13275e-005
1078.75 3.1116e-005
1080.15 3.58434e-005
1080.16 3.58434e-005
1080.41 3.99148e-005
1080.45 4.84109e-005
1080.46 4.84109e-005
1080.7 4.13275e-005
1080.71 4.13275e-005
1080.75 3.1116e-005
1080.76 3.1116e-005
1082.15 3.58434e-005
1082.4 3.99148e-005
1082.45 4.84109e-005
1082.7 4.13275e-005
1082.75 3.1116e-005
1084.15 3.58434e-005
1084.4 3.99148e-005
1084.45 4.84109e-005
1084.7 4.13275e-005
1084.75 3.1116e-005
1085.16 3.58434e-005
1085.41 3.99148e-005
1085.46 4.84109e-005
1085.71 4.13275e-005
1085.76 3.1116e-005
1086.15 3.58434e-005
1086.4 3.99148e-005
1086.45 4.84109e-005
1086.7 4.13275e-005
1086.75 3.1116e-005
1088.15 3.58434e-005
1088.4 3.99148e-005
1088.45 4.84109e-005
1088.7 4.13275e-005
1088.75 3.1116e-005
1090.15 3.58434e-005
1090.16 3.58434e-005
1090.4 3.99148e-005
1090.41 3.99148e-005
1090.45 4.84109e-005
1090.46 4.84109e-005
1090.7 4.13275e-005
1090.71 4.13275e-005
1090.75 3.1116e-005
1090.76 3.1116e-005
1092.15 3.58434e-005
1092.4 3.99148e-005
1092.45 4.84109e-005
1092.7 4.13275e-005
1092.75 3.1116e-005
1094.15 3.58434e-005
1094.4 3.99148e-005
1094.45 4.84109e-005
1094.7 4.13275e-005
1094.75 3.1116e-005
1095.16 3.58434e-005
1095.41 3.99148e-005
1095.46 4.84109e-005
1095.71 4.13275e-005
1095.76 3.1116e-005
1096.15 3.58434e-005
1096.4 3.99148e-005
1096.7 4.13275e-005
1096.75 3.1116e-005
1098.15 3.58434e-005
1098.7 4.13275e-005
1098.75 3.1116e-005
1100.15 3.58434e-005
1100.16 3.58434e-005
1100.4 3.99148e-005
1100.41 3.99148e-005
1100.46 4.84109e-005
1100.7 4.13275e-005
1100.71 4.13275e-005
1100.75 3.1116e-005
1100.76 3.1116e-005
1102.15 3.58434e-005
1102.7 4.13275e-005
1102.75 3.1116e-005
1104.15 3.58434e-005
1104.4 3.99148e-005
1104.45 4.84109e-005
1104.7 4.13275e-005
1104.75 3.1116e-005
1105.16 3.58434e-005
1105.41 3.99148e-005
1105.46 4.84109e-005
1105.71 4.13275e-005
1105.76 3.1116e-005
1106.15 3.58434e-005
1106.4 3.99148e-005
1106.45 4.84109e-005
1106.7 4.13275e-005
1106.75 3.1116e-005
1108.15 3.58434e-005
1108.4 3.99148e-005
1108.45 4.84109e-005
1108.7 4.13275e-005
1108.75 3.1116e-005
1110.15 3.58434e-005
1110.16 3.58434e-005
1110.4 3.99148e-005
1110.41 3.99148e-005
1110.45 4.84109e-005
1110.46 4.84109e-005
1110.7 4.13275e-005
1110.71 4.13275e-005
1110.75 3.1116e-005
1110.76 3.1116e-005
1112.15 3.58434e-005
1112.4 3.99148e-005
1112.7 4.13275e-005
1112.75 3.1116e-005
1114.15 3.58434e-005
1114.4 3.99148e-005
1114.7 4.13275e-005
1114.75 3.1116e-005
1115.16 3.58434e-005
1115.41 3.99148e-005
1115.46 4.84109e-005
1115.76 3.1116e-005
1116.15 3.58434e-005
1116.4 3.99148e-005
1116.7 4.13275e-005
1116.75 3.1116e-005
1118.15 3.58434e-005
1118.4 3.99148e-005
1118.7 4.13275e-005
1118.75 3.1116e-005
1120.15 3.58434e-005
1120.16 3.58434e-005
1120.4 3.99148e-005
1120.41 3.99148e-005
1120.45 4.84109e-005
1120.46 4.84109e-005
1120.7 4.13275e-005
1120.71 4.13275e-005
1120.75 3.1116e-005
1120.76 3.1116e-005
1122.15 3.58434e-005
1122.4 3.99148e-005
1122.45 4.84109e-005
1122.7 4.13275e-005
1122.75 3.1116e-005
1124.15 3.58434e-005
1124.4 3.99148e-005
1124.45 4.84109e-005
1124.7 4.13275e-005
1124.75 3.1116e-005
1125.16 3.58434e-005
1125.41 3.99148e-005
1125.46 4.84109e-005
1125.71 4.13275e-005
1125.76 3.1116e-005
1126.15 3.58434e-005
1126.4 3.99148e-005
1126.7 4.13275e-005
1126.75 3.1116e-005
1128.15 3.58434e-005
1128.45 4.84109e-005
1128.7 4.13275e-005
1128.75 3.1116e-005
1130.15 3.58434e-005
1130.16 3.58434e-005
1130.4 3.99148e-005
1130.41 3.99148e-005
1130.45 4.84109e-005
1130.46 4.84109e-005
1130.7 4.13275e-005
1130.71 4.13275e-005
1130.75 3.1116e-005
1130.76 3.1116e-005
1132.15 3.58434e-005
1132.4 3.99148e-005
1132.45 4.84109e-005
1132.7 4.13275e-005
1132.75 3.1116e-005
1134.15 3.58434e-005
1134.4 3.99148e-005
1134.7 4.13275e-005
1134.75 3.1116e-005
1135.16 3.58434e-005
1135.41 3.99148e-005
1135.46 4.84109e-005
1135.71 4.13275e-005
1135.76 3.1116e-005
1136.15 3.58434e-005
1136.4 3.99148e-005
1136.45 4.84109e-005
1136.7 4.13275e-005
1136.75 3.1116e-005
1138.15 3.58434e-005
1138.4 3.99148e-005
1138.7 4.13275e-005
1138.75 3.1116e-005
1140.15 3.58434e-005
1140.16 3.58434e-005
1140.4 3.99148e-005
1140.41 3.99148e-005
1140.45 4.84109e-005
1140.46 4.84109e-005
1140.7 4.13275e-005
1140.71 4.13275e-005
1140.75 3.1116e-005
1140.76 3.1116e-005
1142.15 3.58434e-005
1142.4 3.99148e-005
1142.45 4.84109e-005
1142.7 4.13275e-005
1142.75 3.1116e-005
1144.15 3.58434e-005
1144.4 3.99148e-005
1144.45 4.84109e-005
1144.7 4.13275e-005
1144.75 3.1116e-005
1145.16 3.58434e-005
1145.41 3.99148e-005
1145.46 4.84109e-005
1145.71 4.13275e-005
1145.76 3.1116e-005
1146.15 3.58434e-005
1146.4 3.99148e-005
1146.45 4.84109e-005
1146.7 4.13275e-005
1146.75 3.1116e-005
1148.15 3.58434e-005
1148.4 3.99148e-005
1148.45 4.84109e-005
1148.7 4.13275e-005
1148.75 3.1116e-005
1150.15 3.58434e-005
1150.16 3.58434e-005
1150.4 3.99148e-005
1150.41 3.99148e-005
1150.46 4.84109e-005
1150.7 4.13275e-005
1150.71 4.13275e-005
1150.75 3.1116e-005
1150.76 3.1116e-005
1152.15 3.58434e-005
1152.4 3.99148e-005
1152.45 4.84109e-005
1152.7 4.13275e-005
1152.75 3.1116e-005
1154.15 3.58434e-005
1154.4 3.99148e-005
1154.45 4.84109e-005
1154.7 4.13275e-005
1154.75 3.1116e-005
1155.16 3.58434e-005
1155.46 4.84109e-005
1155.71 4.13275e-005
1155.76 3.1116e-005
1156.15 3.58434e-005
1156.4 3.99148e-005
1156.45 4.84109e-005
1156.7 4.13275e-005
1156.75 3.1116e-005
1158.15 3.58434e-005
1158.4 3.99148e-005
1158.75 3.1116e-005
1160.15 3.58434e-005
1160.16 3.58434e-005
1160.4 3.99148e-005
1160.41 3.99148e-005
1160.45 4.84109e-005
1160.46 4.84109e-005
1160.7 4.13275e-005
1160.71 4.13275e-005
1160.75 3.1116e-005
1160.76 3.1116e-005
1162.15 3.58434e-005
1162.4 3.99148e-005
1162.45 4.84109e-005
1162.7 4.13275e-005
1162.75 3.1116e-005
1164.15 3.58434e-005
1164.4 3.99148e-005
1164.7 4.13275e-005
1164.75 3.1116e-005
1165.16 3.58434e-005
1165.41 3.99148e-005
1165.46 4.84109e-005
1165.71 4.13275e-005
1165.76 3.1116e-005
1166.15 3.58434e-005
1166.4 3.99148e-005
1166.45 4.84109e-005
1166.7 4.13275e-005
1166.75 3.1116e-005
1168.15 3.58434e-005
1168.4 3.99148e-005
1168.45 4.84109e-005
1168.7 4.13275e-005
1168.75 3.1116e-005
1170.15 3.58434e-005
1170.16 3.58434e-005
1170.41 3.99148e-005
1170.45 4.84109e-005
1170.46 4.84109e-005
1170.7 4.13275e-005
1170.71 4.13275e-005
1170.75 3.1116e-005
1170.76 3.1116e-005
1172.15 3.58434e-005
1172.4 3.99148e-005
1172.7 4.13275e-005
1172.75 3.1116e-005
1174.15 3.58434e-005
1174.4 3.99148e-005
1174.7 4.13275e-005
1174.75 3.1116e-005
1175.16 3.58434e-005
1175.41 3.99148e-005
1175.71 4.13275e-005
1175.76 3.1116e-005
1176.15 3.58434e-005
1176.4 3.99148e-005
1176.45 4.84109e-005
1176.7 4.13275e-005
1176.75 3.1116e-005
1178.15 3.58434e-005
1178.4 3.99148e-005
1178.45 4.84109e-005
1178.7 4.13275e-005
1178.75 3.1116e-005
1180.15 3.58434e-005
1180.16 3.58434e-005
1180.4 3.99148e-005
1180.41 3.99148e-005
1180.45 4.84109e-005
1180.46 4.84109e-005
1180.71 4.13275e-005
1180.75 3.1116e-005
1180.76 3.1116e-005
1182.15 3.58434e-005
1182.4 3.99148e-005
1182.45 4.84109e-005
1182.7 4.13275e-005
1182.75 3.1116e-005
1184.15 3.58434e-005
1184.4 3.99148e-005
1184.45 4.84109e-005
1184.7 4.13275e-005
1184.75 3.1116e-005
1185.16 3.58434e-005
1185.41 3.99148e-005
1185.46 4.84109e-005
1185.71 4.13275e-005
1185.76 3.1116e-005
1186.15 3.58434e-005
1186.4 3.99148e-005
1186.45 4.84109e-005
1186.7 4.13275e-005
1186.75 3.1116e-005
1188.15 3.58434e-005
1188.4 3.99148e-005
1188.45 4.84109e-005
1188.7 4.13275e-005
1188.75 3.1116e-005
1190.15 3.58434e-005
1190.16 3.58434e-005
1190.41 3.99148e-005
1190.46 4.84109e-005
1190.7 4.13275e-005
1190.71 4.13275e-005
1190.75 3.1116e-005
1190.76 3.1116e-005
1192.15 3.58434e-005
1192.4 3.99148e-005
1192.45 4.84109e-005
1192.7 4.13275e-005
1192.75 3.1116e-005
1194.15 3.58434e-005
1194.4 3.99148e-005
1194.45 4.84109e-005
1194.7 4.13275e-005
1194.75 3.1116e-005
1195.16 3.58434e-005
1195.41 3.99148e-005
1195.46 4.84109e-005
1195.71 4.13275e-005
1195.76 3.1116e-005
1196.15 3.58434e-005
1196.7 4.13275e-005
1196.75 3.1116e-005
1198.15 3.58434e-005
1198.4 3.99148e-005
1198.7 4.13275e-005
1198.75 3.1116e-005
