0.100045 3.80742e-005
0.105039 3.80797e-005
0.150044 3.68484e-005
0.155038 3.68518e-005
0.200039 3.07189e-005
0.205032 3.07197e-005
0.255053 5.15183e-005
0.300054 4.55388e-005
0.305047 4.55449e-005
0.400034 2.54983e-005
0.405027 2.55001e-005
0.600046 3.60047e-005
0.605037 3.601e-005
0.655051 4.98505e-005
2.10005 4.03041e-005
2.15005 3.82664e-005
2.20005 3.1624e-005
2.30006 4.80852e-005
2.40004 2.70456e-005
2.60005 3.82063e-005
4.10006 4.25821e-005
4.15005 3.97965e-005
4.20005 3.35931e-005
4.30006 5.08649e-005
4.40005 3.00226e-005
4.60005 4.05485e-005
5.10505 4.37425e-005
5.15505 4.06037e-005
5.20504 3.49314e-005
5.30506 5.23382e-005
5.40504 3.194e-005
5.60506 4.17712e-005
6.15007 4.14263e-005
6.20008 3.64542e-005
6.40007 3.40564e-005
6.60009 4.30084e-005
6.75006 4.85099e-005
8.10008 4.72539e-005
8.15008 4.31446e-005
8.20008 4.00163e-005
8.40009 3.88189e-005
8.75005 3.81394e-005
10.1051 4.95987e-005
10.1501 4.42716e-005
10.155 4.42539e-005
10.2051 4.38327e-005
10.4001 4.09753e-005
10.405 4.09504e-005
10.6051 4.64897e-005
10.7501 3.89674e-005
10.755 3.90159e-005
12.1001 5.12054e-005
12.1501 3.72459e-005
12.3001 5.06228e-005
12.4001 3.16961e-005
12.6001 4.37358e-005
14.1001 5.29181e-005
14.1501 3.04109e-005
14.2001 4.69581e-005
14.3001 4.30843e-005
14.4001 2.48528e-005
14.6001 4.14592e-005
15.155 2.7094e-005
15.3051 3.9516e-005
15.4051 2.3058e-005
15.6051 4.05245e-005
16.1501 2.39306e-005
16.2001 4.86276e-005
16.3001 3.61853e-005
16.4001 2.27599e-005
16.6001 3.97506e-005
16.6501 5.10071e-005
18.0501 5.10845e-005
18.1501 1.81883e-005
18.3001 3.03643e-005
18.4001 2.6565e-005
18.6001 3.86855e-005
18.6501 4.48831e-005
20.0551 4.58363e-005
20.15 1.48281e-005
20.155 1.48454e-005
20.2051 5.1237e-005
20.3001 2.78614e-005
20.305 2.7879e-005
20.4001 3.34476e-005
20.405 3.34584e-005
20.6001 3.77373e-005
20.605 3.77322e-005
20.6501 4.2409e-005
20.6551 4.24173e-005
22.0501 4.45594e-005
22.1501 2.39489e-005
22.2001 4.57185e-005
22.3001 3.50766e-005
22.4001 3.83717e-005
22.6001 3.57059e-005
24.0501 4.46952e-005
24.1501 3.49779e-005
24.2001 4.36466e-005
24.4001 4.41437e-005
24.6001 3.37098e-005
24.6501 4.92948e-005
25.055 4.52996e-005
25.1551 4.07657e-005
25.2051 4.4099e-005
25.3051 4.61613e-005
25.4051 4.72683e-005
25.5551 5.01163e-005
25.6051 3.27222e-005
26.0501 4.62358e-005
26.2001 4.55138e-005
26.3001 4.98676e-005
26.6001 3.17557e-005
28.0501 4.90492e-005
28.2001 5.08884e-005
28.6001 2.98518e-005
30.5551 5.16316e-005
30.6001 2.99911e-005
30.605 3.0003e-005
32.6001 3.47959e-005
34.0501 5.17259e-005
34.1001 4.20321e-005
34.2001 3.98376e-005
34.2501 4.44728e-005
34.6001 3.96186e-005
35.105 3.78842e-005
35.2051 3.55743e-005
35.2551 3.6237e-005
35.6051 4.20468e-005
35.6551 4.89087e-005
36.1001 3.40208e-005
36.2001 3.14007e-005
36.2501 2.8093e-005
36.6001 4.44533e-005
36.6501 4.76585e-005
38.1001 2.73995e-005
38.2001 2.32566e-005
38.25 1.18365e-005
38.4001 4.85394e-005
38.6501 4.57053e-005
40.1001 2.36591e-005
40.105 2.36674e-005
40.1551 4.74728e-005
40.2001 1.59176e-005
40.205 1.59023e-005
40.2501 3.67885e-006
40.255 3.67586e-006
40.4501 3.94683e-005
40.455 3.94732e-005
40.6051 5.3277e-005
40.6501 4.42211e-005
40.655 4.42163e-005
42.1001 2.8243e-005
42.2 1.01913e-005
42.25 2.51281e-006
42.4501 4.15096e-005
44.1001 3.45769e-005
44.1501 4.40843e-005
44.2 6.99447e-006
44.25 1.55514e-006
44.4001 4.22247e-005
44.6501 4.03839e-005
45.0551 4.29238e-005
45.1051 3.81562e-005
45.155 4.40505e-005
45.205 7.55074e-006
45.255 1.30985e-006
45.4051 4.08159e-005
45.4551 4.48358e-005
45.6551 3.94278e-005
45.7051 5.26954e-005
46.0501 4.03167e-005
46.1001 4.18741e-005
46.1501 4.43533e-005
46.2001 9.41008e-006
46.25 1.35896e-006
46.4001 3.9478e-005
46.4501 4.59959e-005
46.6501 3.84849e-005
48.0501 3.50789e-005
48.2 1.49245e-005
48.25 2.14456e-006
48.4001 3.69844e-005
48.6501 3.66017e-005
48.7001 4.46958e-005
50.0501 3.00691e-005
50.055 3.00785e-005
50.1501 4.85108e-005
50.155 4.85121e-005
50.2 1.91014e-005
50.205 1.90646e-005
50.25 5.89248e-006
50.255 5.94888e-006
50.4001 3.30432e-005
50.405 3.30164e-005
50.4551 4.81004e-005
50.6501 3.37901e-005
50.655 3.37808e-005
50.7001 4.25315e-005
50.705 4.25389e-005
52.0501 3.60177e-005
52.1501 4.90631e-005
52.2001 1.01526e-005
52.2501 2.89313e-005
52.4001 2.27139e-005
52.4501 3.99387e-005
52.6001 4.60273e-005
52.6501 3.35988e-005
52.7001 4.59605e-005
54.0501 4.50133e-005
54.2001 2.11429e-005
54.4 1.45336e-005
54.4501 3.56918e-005
54.6001 3.34942e-005
54.6501 3.99299e-005
55.0551 5.01918e-005
55.1551 4.99588e-005
55.205 2.91292e-005
55.405 1.26692e-005
55.4551 3.55439e-005
55.5551 4.72813e-005
55.6051 2.82032e-005
55.6551 4.48209e-005
56.2001 3.73728e-005
56.4001 1.33328e-005
56.4501 3.67743e-005
56.5501 4.16275e-005
56.6001 2.42311e-005
58.1501 5.09265e-005
58.4 2.03847e-005
58.4501 4.27835e-005
58.5501 3.1675e-005
58.6001 2.26805e-005
60.1551 5.09807e-005
60.4 2.68172e-005
60.405 2.68007e-005
60.4501 4.89039e-005
60.4551 4.88959e-005
60.5501 2.79034e-005
60.555 2.79154e-005
60.6001 2.7558e-005
60.605 2.75645e-005
62.1501 4.36496e-005
62.4 2.49977e-005
62.5501 3.32598e-005
62.6001 3.38887e-005
64.1501 3.6625e-005
64.4001 3.24916e-005
64.5501 3.93758e-005
65.155 3.32832e-005
65.405 3.83459e-005
66.1001 4.53136e-005
66.1501 3.01535e-005
66.2001 4.11007e-005
66.4001 4.48512e-005
66.5501 4.59493e-005
68.1001 2.86088e-005
68.15 2.46741e-005
68.2001 3.29797e-005
68.5501 5.28095e-005
70.0501 4.29421e-005
70.1 1.50155e-005
70.105 1.50246e-005
70.1501 2.11631e-005
70.155 2.11634e-005
70.2001 2.72132e-005
70.205 2.72215e-005
70.2551 4.59847e-005
72.1001 1.95234e-005
72.1501 2.40303e-005
72.2001 3.15967e-005
72.2501 5.09359e-005
72.5501 4.62227e-005
74.1 2.51e-005
74.15 3.09245e-005
74.2001 3.75432e-005
74.4001 5.00048e-005
74.5501 4.02709e-005
74.6001 4.3185e-005
74.6501 4.81921e-005
75.105 2.81108e-005
75.155 3.52253e-005
75.2051 4.09143e-005
75.5551 3.88437e-005
75.605 3.53661e-005
75.6551 4.35468e-005
76.1001 3.1177e-005
76.1501 3.98058e-005
76.5501 3.86407e-005
76.6001 2.84695e-005
76.6501 3.90817e-005
78.1001 3.75121e-005
78.3001 4.95326e-005
78.4001 3.46609e-005
78.6 2.07559e-005
78.65 3.07451e-005
80.0001 5.1641e-005
80.0051 5.1677e-005
80.1001 4.35756e-005
80.105 4.35716e-005
80.3001 4.65764e-005
80.305 4.65875e-005
80.4001 2.87435e-005
80.405 2.87167e-005
80.5501 4.93123e-005
80.5551 4.9338e-005
80.6001 1.92775e-005
80.605 1.92406e-005
80.6501 2.66327e-005
80.655 2.66381e-005
82.3001 5.13194e-005
82.4001 1.79712e-005
82.4501 4.59793e-005
82.6001 6.76089e-006
82.6501 2.89742e-005
84.2001 3.92824e-005
84.4 7.20612e-006
84.4501 4.0645e-005
84.6 1.47481e-005
84.6501 3.15654e-005
85.1551 4.92137e-005
85.205 3.61715e-005
85.405 1.83657e-006
85.4551 3.96824e-005
85.6051 2.21749e-005
85.655 3.29433e-005
85.755 4.6224e-005
86.1501 4.84418e-005
86.2001 3.40881e-005
86.4 3.613e-006
86.4501 4.00025e-005
86.6001 2.97829e-005
86.6501 3.43497e-005
86.7501 4.29209e-005
88.1501 4.82094e-005
88.2001 3.35662e-005
88.2501 5.09212e-005
88.4 1.43649e-005
88.4501 4.42566e-005
88.6001 4.53238e-005
88.6501 3.7284e-005
88.7501 3.73556e-005
88.8501 4.60378e-005
90.1501 4.88544e-005
90.1551 4.88307e-005
90.2001 3.57049e-005
90.205 3.56654e-005
90.2501 4.88835e-005
90.2551 4.89138e-005
90.4001 1.91924e-005
90.405 1.91454e-005
90.4501 5.03667e-005
90.4551 5.0369e-005
90.6501 4.02002e-005
90.655 4.02088e-005
90.7501 3.91141e-005
90.755 3.91459e-005
90.8501 4.45437e-005
92.1501 3.95951e-005
92.2001 2.00965e-005
92.3001 5.31925e-005
92.4 1.1969e-006
92.6501 4.58354e-005
92.8501 5.15588e-005
94.1501 3.10365e-005
94.2 7.27773e-006
94.3001 3.8581e-005
94.4 1.88266e-005
95.055 4.20389e-005
95.155 2.72115e-005
95.205 8.5415e-006
95.305 3.31506e-005
95.405 2.83479e-005
96.05 3.1455e-005
96.1501 2.39421e-005
96.2 1.49036e-005
96.3 3.00105e-005
96.4001 3.77808e-005
98.05 1.17528e-005
98.15 1.99415e-005
98.2001 3.01883e-005
98.3001 3.26475e-005
100.05 1.45359e-005
100.055 1.44933e-005
100.15 2.0399e-005
100.155 2.03913e-005
100.2 4.35768e-005
100.205 4.3555e-005
100.3 3.90788e-005
100.305 3.90241e-005
102.05 7.38492e-006
102.1 5.19966e-005
102.15 2.00894e-005
102.2 3.47955e-005
102.3 1.8754e-005
104.05 2.40671e-005
104.1 4.81083e-005
104.15 2.48588e-005
104.2 2.60162e-005
104.3 1.6624e-005
104.4 4.94306e-005
104.45 4.24318e-005
105.055 3.31678e-005
105.105 4.97685e-005
105.155 2.84842e-005
105.205 2.16061e-005
105.305 2.5569e-005
105.455 3.80457e-005
105.655 5.28621e-005
106.05 4.22533e-005
106.15 3.25463e-005
106.2 1.72414e-005
106.3 3.60705e-005
106.4 3.93181e-005
106.45 3.40934e-005
106.65 4.7762e-005
108.15 4.15629e-005
108.2 8.48557e-006
108.4 2.93762e-005
108.45 2.7982e-005
108.65 3.90041e-005
108.75 3.83364e-005
110.15 5.05077e-005
110.155 5.05093e-005
110.2 1.70517e-006
110.205 1.72032e-006
110.25 4.41563e-005
110.255 4.41715e-005
110.4 2.11706e-005
110.405 2.11639e-005
110.45 2.72032e-005
110.455 2.72194e-005
110.605 5.16602e-005
110.65 3.2254e-005
110.655 3.22342e-005
110.75 3.10616e-005
110.755 3.10733e-005
112.2 7.79906e-006
112.25 5.04961e-005
112.4 1.85218e-005
112.45 3.50259e-005
112.6 4.02703e-005
112.65 2.43449e-005
112.75 3.66193e-005
114.2 1.38959e-005
114.4 1.59071e-005
114.45 4.4476e-005
114.6 3.15464e-005
114.65 1.65397e-005
114.75 4.34305e-005
115.205 1.69596e-005
115.405 1.46117e-005
115.605 2.89879e-005
115.655 1.27172e-005
115.755 4.71594e-005
116.2 1.99931e-005
116.4 1.33462e-005
116.6 2.81487e-005
116.65 9.10903e-006
116.75 5.09953e-005
118.2 2.60902e-005
118.4 1.08775e-005
118.55 3.53378e-005
118.6 3.18312e-005
118.65 4.57332e-006
118.8 4.23378e-005
120.2 3.04321e-005
120.205 3.04036e-005
120.4 9.2067e-006
120.405 9.21036e-006
120.55 2.72707e-005
120.555 2.72958e-005
120.6 3.45823e-005
120.605 3.45576e-005
120.65 4.86835e-006
120.655 4.86682e-006
120.8 3.8828e-005
120.805 3.88372e-005
122.2 1.90973e-005
122.4 1.27031e-005
122.55 3.73821e-005
122.6 2.64423e-005
122.65 1.61736e-005
122.8 4.30265e-005
124.2 8.59751e-006
124.4 1.83649e-005
124.6 2.42247e-005
124.65 3.14399e-005
125.155 4.51871e-005
125.205 5.47235e-006
125.405 2.15208e-005
125.605 2.59901e-005
125.655 3.92217e-005
126.15 3.59557e-005
126.2 7.32984e-006
126.4 2.47483e-005
126.6 2.93064e-005
128.15 1.89342e-005
128.2 1.74395e-005
128.4 3.14162e-005
128.6 3.89265e-005
128.85 5.12489e-005
130.15 1.26829e-005
130.155 1.26666e-005
130.2 2.63659e-005
130.205 2.63355e-005
130.4 3.72217e-005
130.405 3.72263e-005
130.85 5.00112e-005
130.855 5.00123e-005
132.1 4.76665e-005
132.15 7.09987e-006
132.2 1.42978e-005
132.4 3.90707e-005
134.1 4.80324e-005
134.15 7.17999e-006
134.2 3.9897e-006
134.25 5.13008e-005
134.4 4.09213e-005
134.85 5.16423e-005
135.155 9.70839e-006
135.205 5.93912e-006
135.255 5.13484e-005
135.605 4.82306e-005
135.855 5.22713e-005
136.15 1.28175e-005
136.2 1.13847e-005
136.25 5.22085e-005
136.3 5.30327e-005
136.4 4.27734e-005
138.15 1.97133e-005
138.2 2.33562e-005
138.3 4.81888e-005
138.4 4.46268e-005
138.6 5.15334e-005
138.65 4.64375e-005
140.15 2.65149e-005
140.155 2.65201e-005
140.2 3.52957e-005
140.205 3.53199e-005
140.3 4.45351e-005
140.305 4.453e-005
140.4 4.4916e-005
140.405 4.49014e-005
140.555 5.22854e-005
140.6 5.01298e-005
140.605 5.0101e-005
140.65 4.10983e-005
140.655 4.10827e-005
142.15 3.08366e-005
142.2 4.537e-005
142.3 4.43656e-005
142.4 3.98572e-005
142.6 3.85735e-005
142.65 3.49916e-005
144.05 4.40289e-005
144.15 3.83666e-005
144.3 4.78397e-005
144.4 3.6754e-005
144.55 5.25702e-005
144.6 2.70308e-005
144.65 2.93155e-005
145.055 4.18655e-005
145.155 4.28602e-005
145.305 5.07565e-005
145.405 3.61045e-005
145.605 2.12425e-005
145.655 2.67132e-005
146 4.8306e-005
146.05 3.98934e-005
146.1 5.06739e-005
146.15 4.76061e-005
146.4 3.6114e-005
146.55 5.28528e-005
146.6 1.55316e-005
146.65 2.43728e-005
146.85 5.14677e-005
148 3.84935e-005
148.05 3.65489e-005
148.1 4.26935e-005
148.4 3.80617e-005
148.6 4.43048e-006
148.65 2.06957e-005
148.85 5.03787e-005
150 2.92711e-005
150.005 2.92833e-005
150.05 3.44192e-005
150.055 3.44339e-005
150.1 3.53521e-005
150.105 3.53618e-005
150.4 4.1688e-005
150.405 4.16934e-005
150.555 5.25602e-005
150.6 2.86832e-006
150.605 2.85528e-006
150.65 2.31316e-005
150.655 2.31615e-005
150.855 5.26565e-005
152 3.43053e-005
152.05 4.03285e-005
152.1 3.96664e-005
152.4 4.38602e-005
152.55 4.90089e-005
152.6 7.16286e-006
152.65 3.5446e-005
154 3.95618e-005
154.05 4.62639e-005
154.1 4.46739e-005
154.15 4.24773e-005
154.4 4.60332e-005
154.55 4.54924e-005
154.6 1.5519e-005
155.005 4.22612e-005
155.055 4.92533e-005
155.105 4.73839e-005
155.155 3.64802e-005
155.405 4.71254e-005
155.555 4.37452e-005
155.605 1.9783e-005
156 4.49629e-005
156.05 5.22165e-005
156.15 3.06084e-005
156.55 4.20306e-005
156.6 2.40175e-005
158.15 1.92481e-005
158.2 4.23664e-005
158.55 3.86384e-005
158.6 3.25465e-005
160.15 1.11827e-005
160.155 1.11996e-005
160.2 3.23832e-005
160.205 3.23783e-005
160.405 5.00137e-005
160.55 3.58428e-005
160.555 3.58396e-005
160.6 3.69172e-005
160.605 3.6904e-005
162.15 2.10678e-005
162.2 3.06479e-005
162.4 3.96837e-005
162.55 3.51862e-005
162.6 3.18061e-005
164.15 3.31172e-005
164.2 2.94434e-005
164.3 5.00985e-005
164.4 2.9478e-005
164.55 3.57624e-005
164.6 2.72343e-005
164.65 4.913e-005
165.155 3.93819e-005
165.205 2.90605e-005
165.305 4.72889e-005
165.405 2.44654e-005
165.555 3.65038e-005
165.605 2.52343e-005
165.655 4.20029e-005
166.15 4.56478e-005
166.2 2.88365e-005
166.3 4.468e-005
166.4 1.9657e-005
166.45 4.69376e-005
166.55 3.75146e-005
166.6 2.35182e-005
166.65 3.49945e-005
168.2 2.88647e-005
168.3 4.00909e-005
168.4 1.12766e-005
168.45 4.21611e-005
168.55 4.02896e-005
168.6 2.11148e-005
168.65 2.12456e-005
168.85 3.80332e-005
170.2 2.93025e-005
170.205 2.92994e-005
170.25 3.54077e-005
170.255 3.53981e-005
170.3 3.74373e-005
170.305 3.74436e-005
170.4 9.60091e-006
170.405 9.60885e-006
170.45 3.6376e-005
170.455 3.63506e-005
170.55 4.42453e-005
170.555 4.42599e-005
170.6 1.82774e-005
170.605 1.82601e-005
170.65 1.71133e-005
170.655 1.71461e-005
170.85 3.75186e-005
170.855 3.75355e-005
172.2 2.86625e-005
172.25 3.1615e-005
172.3 4.05766e-005
172.4 1.30551e-005
172.45 2.96829e-005
172.6 1.29717e-005
172.65 3.03161e-005
172.85 4.43902e-005
174.1 5.10148e-005
174.2 2.92555e-005
174.25 2.7928e-005
174.3 4.47666e-005
174.4 1.68e-005
174.45 3.23554e-005
174.6 1.3549e-005
174.65 4.35257e-005
175.055 4.93981e-005
175.105 4.34325e-005
175.205 3.00018e-005
175.255 2.61293e-005
175.305 4.71833e-005
175.405 1.87373e-005
175.455 3.68739e-005
175.605 1.61134e-005
176.1 3.59639e-005
176.2 3.10108e-005
176.25 2.43946e-005
176.4 2.06784e-005
176.6 1.94937e-005
178.05 4.15934e-005
178.1 2.12306e-005
178.15 4.23846e-005
178.2 3.37475e-005
178.25 2.10921e-005
178.4 2.46271e-005
178.6 2.75236e-005
180.05 3.65926e-005
180.055 3.66004e-005
180.1 9.15954e-006
180.105 9.16474e-006
180.15 3.85316e-005
180.155 3.85576e-005
180.2 3.62294e-005
180.205 3.62137e-005
180.25 1.97495e-005
180.255 1.97747e-005
180.4 2.61938e-005
180.405 2.6174e-005
180.6 3.22704e-005
180.605 3.22595e-005
182.05 3.99649e-005
182.1 1.53878e-005
182.15 4.9133e-005
182.2 3.13448e-005
182.25 3.0286e-005
182.3 5.27349e-005
182.4 1.93607e-005
182.6 2.81236e-005
184.05 4.37711e-005
184.1 2.48871e-005
184.2 3.00834e-005
184.25 4.11895e-005
184.3 4.61357e-005
184.4 1.65885e-005
184.45 5.09309e-005
184.6 2.46471e-005
185.055 4.58138e-005
185.105 2.9972e-005
185.205 3.10069e-005
185.255 4.67264e-005
185.305 4.28281e-005
185.405 1.74637e-005
185.455 5.19115e-005
185.605 2.32504e-005
185.655 5.25588e-005
186.1 3.50949e-005
186.2 3.28651e-005
186.3 3.95607e-005
186.4 1.96755e-005
186.6 2.21587e-005
186.65 4.80647e-005
188.05 5.22966e-005
188.1 4.55371e-005
188.2 3.88304e-005
188.3 3.30242e-005
188.4 2.66588e-005
188.6 2.10125e-005
188.65 3.92767e-005
190.2 4.59203e-005
190.205 4.59203e-005
190.3 2.75192e-005
190.305 2.75192e-005
190.4 3.34946e-005
190.405 3.34946e-005
190.6 2.11363e-005
190.605 2.11363e-005
190.65 3.36352e-005
190.655 3.36352e-005
192.2 4.59203e-005
192.3 2.75192e-005
192.4 3.34946e-005
192.6 2.11363e-005
192.65 3.36352e-005
194.2 4.59203e-005
194.3 2.75192e-005
194.4 3.34946e-005
194.6 2.11363e-005
194.65 3.36352e-005
195.305 2.75192e-005
195.405 3.34946e-005
195.605 2.11363e-005
195.655 3.36352e-005
196.3 2.75192e-005
196.4 3.34946e-005
196.6 2.11363e-005
196.65 3.36352e-005
198.2 4.59203e-005
198.3 2.75192e-005
198.4 3.34946e-005
198.6 2.11363e-005
198.65 3.36352e-005
200.2 4.59203e-005
200.205 4.59203e-005
200.3 2.75192e-005
200.305 2.75192e-005
200.4 3.34946e-005
200.405 3.34946e-005
200.6 2.11363e-005
200.605 2.11363e-005
200.65 3.36352e-005
200.655 3.36352e-005
202.2 4.59203e-005
202.3 2.75192e-005
202.4 3.34946e-005
202.6 2.11363e-005
202.65 3.36352e-005
204.2 4.59203e-005
204.3 2.75192e-005
204.4 3.34946e-005
204.6 2.11363e-005
204.65 3.36352e-005
205.205 4.59203e-005
205.305 2.75192e-005
205.405 3.34946e-005
205.605 2.11363e-005
205.655 3.36352e-005
206.3 2.75192e-005
206.4 3.34946e-005
206.6 2.11363e-005
206.65 3.36352e-005
208.3 2.75192e-005
208.4 3.34946e-005
208.6 2.11363e-005
208.65 3.36352e-005
210.2 4.59203e-005
210.205 4.59203e-005
210.3 2.75192e-005
210.305 2.75192e-005
210.4 3.34946e-005
210.405 3.34946e-005
210.6 2.11363e-005
210.605 2.11363e-005
210.65 3.36352e-005
210.655 3.36352e-005
210.8 5.2446e-005
210.805 5.2446e-005
212.2 4.59203e-005
212.3 2.75192e-005
212.4 3.34946e-005
212.6 2.11363e-005
212.65 3.36352e-005
212.8 5.2446e-005
214.3 2.75192e-005
214.4 3.34946e-005
214.6 2.11363e-005
214.65 3.36352e-005
214.8 5.2446e-005
215.205 4.59203e-005
215.305 2.75192e-005
215.405 3.34946e-005
215.605 2.11363e-005
215.655 3.36352e-005
216.2 4.59203e-005
216.3 2.75192e-005
216.4 3.34946e-005
216.6 2.11363e-005
216.65 3.36352e-005
218.2 4.59203e-005
218.3 2.75192e-005
218.4 3.34946e-005
218.6 2.11363e-005
218.65 3.36352e-005
220.2 4.59203e-005
220.205 4.59203e-005
220.3 2.75192e-005
220.305 2.75192e-005
220.4 3.34946e-005
220.405 3.34946e-005
220.6 2.11363e-005
220.605 2.11363e-005
220.65 3.36352e-005
220.655 3.36352e-005
222.2 4.59203e-005
222.3 2.75192e-005
222.4 3.34946e-005
222.6 2.11363e-005
222.65 3.36352e-005
222.8 5.2446e-005
224.2 4.59203e-005
224.3 2.75192e-005
224.4 3.34946e-005
224.6 2.11363e-005
224.65 3.36352e-005
225.305 2.75192e-005
225.405 3.34946e-005
225.605 2.11363e-005
225.655 3.36352e-005
226.2 4.59203e-005
226.3 2.75192e-005
226.4 3.34946e-005
226.6 2.11363e-005
226.65 3.36352e-005
226.8 5.2446e-005
228.2 4.59203e-005
228.3 2.75192e-005
228.4 3.34946e-005
228.6 2.11363e-005
228.65 3.36352e-005
230.2 4.59203e-005
230.205 4.59203e-005
230.3 2.75192e-005
230.305 2.75192e-005
230.4 3.34946e-005
230.405 3.34946e-005
230.6 2.11363e-005
230.605 2.11363e-005
230.65 3.36352e-005
230.655 3.36352e-005
230.805 5.2446e-005
232.2 4.59203e-005
232.3 2.75192e-005
232.4 3.34946e-005
232.6 2.11363e-005
232.65 3.36352e-005
234.2 4.59203e-005
234.3 2.75192e-005
234.4 3.34946e-005
234.6 2.11363e-005
234.65 3.36352e-005
235.205 4.59203e-005
235.305 2.75192e-005
235.405 3.34946e-005
235.605 2.11363e-005
235.655 3.36352e-005
236.2 4.59203e-005
236.3 2.75192e-005
236.4 3.34946e-005
236.6 2.11363e-005
236.65 3.36352e-005
238.3 2.75192e-005
238.4 3.34946e-005
238.6 2.11363e-005
238.65 3.36352e-005
240.205 4.59203e-005
240.3 2.75192e-005
240.305 2.75192e-005
240.4 3.34946e-005
240.405 3.34946e-005
240.6 2.11363e-005
240.605 2.11363e-005
240.65 3.36352e-005
240.655 3.36352e-005
240.805 5.2446e-005
242.2 4.59203e-005
242.3 2.75192e-005
242.4 3.34946e-005
242.6 2.11363e-005
242.65 3.36352e-005
244.3 2.75192e-005
244.4 3.34946e-005
244.6 2.11363e-005
244.65 3.36352e-005
245.205 4.59203e-005
245.305 2.75192e-005
245.405 3.34946e-005
245.605 2.11363e-005
245.655 3.36352e-005
246.2 4.59203e-005
246.3 2.75192e-005
246.4 3.34946e-005
246.6 2.11363e-005
246.65 3.36352e-005
248.2 4.59203e-005
248.3 2.75192e-005
248.4 3.34946e-005
248.6 2.11363e-005
248.65 3.36352e-005
250.2 4.59203e-005
250.205 4.59203e-005
250.3 2.75192e-005
250.305 2.75192e-005
250.4 3.34946e-005
250.405 3.34946e-005
250.6 2.11363e-005
250.605 2.11363e-005
250.65 3.36352e-005
250.655 3.36352e-005
252.2 4.59203e-005
252.3 2.75192e-005
252.4 3.34946e-005
252.6 2.11363e-005
252.65 3.36352e-005
254.2 4.59203e-005
254.3 2.75192e-005
254.4 3.34946e-005
254.6 2.11363e-005
254.65 3.36352e-005
255.205 4.59203e-005
255.305 2.75192e-005
255.405 3.34946e-005
255.605 2.11363e-005
255.655 3.36352e-005
256.3 2.75192e-005
256.4 3.34946e-005
256.6 2.11363e-005
256.65 3.36352e-005
258.2 4.59203e-005
258.3 2.75192e-005
258.4 3.34946e-005
258.6 2.11363e-005
258.65 3.36352e-005
258.8 5.2446e-005
260.205 4.59203e-005
260.3 2.75192e-005
260.305 2.75192e-005
260.4 3.34946e-005
260.405 3.34946e-005
260.6 2.11363e-005
260.605 2.11363e-005
260.65 3.36352e-005
260.655 3.36352e-005
260.805 5.2446e-005
262.3 2.75192e-005
262.4 3.34946e-005
262.6 2.11363e-005
262.65 3.36352e-005
264.2 4.59203e-005
264.3 2.75192e-005
264.4 3.34946e-005
264.6 2.11363e-005
264.65 3.36352e-005
265.205 4.59203e-005
265.305 2.75192e-005
265.405 3.34946e-005
265.605 2.11363e-005
265.655 3.36352e-005
265.805 5.2446e-005
266.2 4.59203e-005
266.3 2.75192e-005
266.4 3.34946e-005
266.6 2.11363e-005
266.65 3.36352e-005
268.2 4.59203e-005
268.3 2.75192e-005
268.4 3.34946e-005
268.6 2.11363e-005
268.65 3.36352e-005
270.2 4.59203e-005
270.205 4.59203e-005
270.3 2.75192e-005
270.305 2.75192e-005
270.4 3.34946e-005
270.405 3.34946e-005
270.6 2.11363e-005
270.605 2.11363e-005
270.65 3.36352e-005
270.655 3.36352e-005
270.805 5.2446e-005
272.2 4.59203e-005
272.3 2.75192e-005
272.4 3.34946e-005
272.6 2.11363e-005
272.65 3.36352e-005
274.2 4.59203e-005
274.3 2.75192e-005
274.4 3.34946e-005
274.6 2.11363e-005
274.65 3.36352e-005
274.8 5.2446e-005
275.205 4.59203e-005
275.305 2.75192e-005
275.405 3.34946e-005
275.605 2.11363e-005
275.655 3.36352e-005
276.2 4.59203e-005
276.3 2.75192e-005
276.4 3.34946e-005
276.6 2.11363e-005
276.65 3.36352e-005
278.2 4.59203e-005
278.3 2.75192e-005
278.4 3.34946e-005
278.6 2.11363e-005
278.65 3.36352e-005
278.8 5.2446e-005
280.205 4.59203e-005
280.3 2.75192e-005
280.305 2.75192e-005
280.4 3.34946e-005
280.405 3.34946e-005
280.6 2.11363e-005
280.605 2.11363e-005
280.65 3.36352e-005
280.655 3.36352e-005
280.805 5.2446e-005
282.2 4.59203e-005
282.3 2.75192e-005
282.4 3.34946e-005
282.6 2.11363e-005
282.65 3.36352e-005
284.3 2.75192e-005
284.4 3.34946e-005
284.6 2.11363e-005
284.65 3.36352e-005
284.8 5.2446e-005
285.205 4.59203e-005
285.305 2.75192e-005
285.405 3.34946e-005
285.605 2.11363e-005
285.655 3.36352e-005
285.805 5.2446e-005
286.2 4.59203e-005
286.3 2.75192e-005
286.4 3.34946e-005
286.6 2.11363e-005
286.65 3.36352e-005
288.2 4.59203e-005
288.3 2.75192e-005
288.4 3.34946e-005
288.6 2.11363e-005
288.65 3.36352e-005
290.2 4.59203e-005
290.205 4.59203e-005
290.3 2.75192e-005
290.305 2.75192e-005
290.4 3.34946e-005
290.405 3.34946e-005
290.6 2.11363e-005
290.605 2.11363e-005
290.65 3.36352e-005
290.655 3.36352e-005
290.805 5.2446e-005
292.3 2.75192e-005
292.4 3.34946e-005
292.6 2.11363e-005
292.65 3.36352e-005
292.8 5.2446e-005
294.3 2.75192e-005
294.4 3.34946e-005
294.6 2.11363e-005
294.65 3.36352e-005
294.8 5.2446e-005
295.205 4.59203e-005
295.305 2.75192e-005
295.405 3.34946e-005
295.605 2.11363e-005
295.655 3.36352e-005
296.3 2.75192e-005
296.4 3.34946e-005
296.6 2.11363e-005
296.65 3.36352e-005
298.2 4.59203e-005
298.3 2.75192e-005
298.4 3.34946e-005
298.6 2.11363e-005
298.65 3.36352e-005
300.2 4.59203e-005
300.3 2.75192e-005
300.305 2.75192e-005
300.4 3.34946e-005
300.405 3.34946e-005
300.6 2.11363e-005
300.605 2.11363e-005
300.65 3.36352e-005
300.655 3.36352e-005
300.805 5.2446e-005
302.2 4.59203e-005
302.3 2.75192e-005
302.4 3.34946e-005
302.6 2.11363e-005
302.65 3.36352e-005
304.2 4.59203e-005
304.3 2.75192e-005
304.4 3.34946e-005
304.6 2.11363e-005
304.65 3.36352e-005
305.305 2.75192e-005
305.405 3.34946e-005
305.605 2.11363e-005
305.655 3.36352e-005
306.2 4.59203e-005
306.3 2.75192e-005
306.4 3.34946e-005
306.6 2.11363e-005
306.65 3.36352e-005
308.2 4.59203e-005
308.3 2.75192e-005
308.4 3.34946e-005
308.6 2.11363e-005
308.65 3.36352e-005
308.8 5.2446e-005
310.2 4.59203e-005
310.205 4.59203e-005
310.3 2.75192e-005
310.305 2.75192e-005
310.4 3.34946e-005
310.405 3.34946e-005
310.6 2.11363e-005
310.605 2.11363e-005
310.65 3.36352e-005
310.655 3.36352e-005
310.805 5.2446e-005
312.2 4.59203e-005
312.3 2.75192e-005
312.4 3.34946e-005
312.6 2.11363e-005
312.65 3.36352e-005
314.2 4.59203e-005
314.3 2.75192e-005
314.4 3.34946e-005
314.6 2.11363e-005
314.65 3.36352e-005
314.8 5.2446e-005
315.205 4.59203e-005
315.305 2.75192e-005
315.405 3.34946e-005
315.605 2.11363e-005
315.655 3.36352e-005
315.805 5.2446e-005
316.3 2.75192e-005
316.4 3.34946e-005
316.6 2.11363e-005
316.65 3.36352e-005
318.2 4.59203e-005
318.3 2.75192e-005
318.4 3.34946e-005
318.6 2.11363e-005
318.65 3.36352e-005
320.205 4.59203e-005
320.3 2.75192e-005
320.305 2.75192e-005
320.4 3.34946e-005
320.405 3.34946e-005
320.6 2.11363e-005
320.605 2.11363e-005
320.65 3.36352e-005
320.655 3.36352e-005
320.805 5.2446e-005
322.2 4.59203e-005
322.3 2.75192e-005
322.4 3.34946e-005
322.6 2.11363e-005
322.65 3.36352e-005
324.3 2.75192e-005
324.4 3.34946e-005
324.6 2.11363e-005
324.65 3.36352e-005
325.205 4.59203e-005
325.305 2.75192e-005
325.405 3.34946e-005
325.605 2.11363e-005
325.655 3.36352e-005
326.2 4.59203e-005
326.3 2.75192e-005
326.4 3.34946e-005
326.6 2.11363e-005
326.65 3.36352e-005
328.3 2.75192e-005
328.4 3.34946e-005
328.6 2.11363e-005
328.65 3.36352e-005
330.2 4.59203e-005
330.205 4.59203e-005
330.3 2.75192e-005
330.305 2.75192e-005
330.4 3.34946e-005
330.405 3.34946e-005
330.6 2.11363e-005
330.605 2.11363e-005
330.65 3.36352e-005
330.655 3.36352e-005
332.2 4.59203e-005
332.3 2.75192e-005
332.4 3.34946e-005
332.6 2.11363e-005
332.65 3.36352e-005
334.3 2.75192e-005
334.4 3.34946e-005
334.6 2.11363e-005
334.65 3.36352e-005
335.205 4.59203e-005
335.305 2.75192e-005
335.405 3.34946e-005
335.605 2.11363e-005
335.655 3.36352e-005
335.805 5.2446e-005
336.2 4.59203e-005
336.3 2.75192e-005
336.4 3.34946e-005
336.6 2.11363e-005
336.65 3.36352e-005
336.8 5.2446e-005
338.2 4.59203e-005
338.3 2.75192e-005
338.4 3.34946e-005
338.6 2.11363e-005
338.65 3.36352e-005
340.2 4.59203e-005
340.205 4.59203e-005
340.3 2.75192e-005
340.305 2.75192e-005
340.4 3.34946e-005
340.405 3.34946e-005
340.6 2.11363e-005
340.605 2.11363e-005
340.65 3.36352e-005
340.655 3.36352e-005
340.805 5.2446e-005
342.3 2.75192e-005
342.4 3.34946e-005
342.6 2.11363e-005
342.65 3.36352e-005
342.8 5.2446e-005
344.2 4.59203e-005
344.3 2.75192e-005
344.4 3.34946e-005
344.6 2.11363e-005
344.65 3.36352e-005
344.8 5.2446e-005
345.205 4.59203e-005
345.305 2.75192e-005
345.405 3.34946e-005
345.605 2.11363e-005
345.655 3.36352e-005
346.2 4.59203e-005
346.3 2.75192e-005
346.4 3.34946e-005
346.6 2.11363e-005
346.65 3.36352e-005
348.2 4.59203e-005
348.3 2.75192e-005
348.4 3.34946e-005
348.6 2.11363e-005
348.65 3.36352e-005
350.2 4.59203e-005
350.205 4.59203e-005
350.3 2.75192e-005
350.305 2.75192e-005
350.4 3.34946e-005
350.405 3.34946e-005
350.6 2.11363e-005
350.605 2.11363e-005
350.65 3.36352e-005
350.655 3.36352e-005
350.805 5.2446e-005
352.2 4.59203e-005
352.3 2.75192e-005
352.4 3.34946e-005
352.6 2.11363e-005
352.65 3.36352e-005
354.2 4.59203e-005
354.3 2.75192e-005
354.4 3.34946e-005
354.6 2.11363e-005
354.65 3.36352e-005
354.8 5.2446e-005
355.205 4.59203e-005
355.305 2.75192e-005
355.405 3.34946e-005
355.605 2.11363e-005
355.655 3.36352e-005
356.2 4.59203e-005
356.3 2.75192e-005
356.4 3.34946e-005
356.6 2.11363e-005
356.65 3.36352e-005
358.3 2.75192e-005
358.4 3.34946e-005
358.6 2.11363e-005
358.65 3.36352e-005
360.2 4.59203e-005
360.205 4.59203e-005
360.3 2.75192e-005
360.305 2.75192e-005
360.4 3.34946e-005
360.405 3.34946e-005
360.6 2.11363e-005
360.605 2.11363e-005
360.65 3.36352e-005
360.655 3.36352e-005
360.805 5.2446e-005
362.2 4.59203e-005
362.3 2.75192e-005
362.4 3.34946e-005
362.6 2.11363e-005
362.65 3.36352e-005
364.3 2.75192e-005
364.4 3.34946e-005
364.6 2.11363e-005
364.65 3.36352e-005
365.305 2.75192e-005
365.405 3.34946e-005
365.605 2.11363e-005
365.655 3.36352e-005
366.2 4.59203e-005
366.3 2.75192e-005
366.4 3.34946e-005
366.6 2.11363e-005
366.65 3.36352e-005
368.2 4.59203e-005
368.3 2.75192e-005
368.4 3.34946e-005
368.6 2.11363e-005
368.65 3.36352e-005
370.2 4.59203e-005
370.205 4.59203e-005
370.3 2.75192e-005
370.305 2.75192e-005
370.4 3.34946e-005
370.405 3.34946e-005
370.6 2.11363e-005
370.605 2.11363e-005
370.65 3.36352e-005
370.655 3.36352e-005
370.805 5.2446e-005
372.2 4.59203e-005
372.3 2.75192e-005
372.4 3.34946e-005
372.6 2.11363e-005
372.65 3.36352e-005
374.2 4.59203e-005
374.3 2.75192e-005
374.4 3.34946e-005
374.6 2.11363e-005
374.65 3.36352e-005
375.205 4.59203e-005
375.305 2.75192e-005
375.405 3.34946e-005
375.605 2.11363e-005
375.655 3.36352e-005
376.2 4.59203e-005
376.3 2.75192e-005
376.4 3.34946e-005
376.6 2.11363e-005
376.65 3.36352e-005
378.2 4.59203e-005
378.3 2.75192e-005
378.4 3.34946e-005
378.6 2.11363e-005
378.65 3.36352e-005
380.205 4.59203e-005
380.3 2.75192e-005
380.305 2.75192e-005
380.4 3.34946e-005
380.405 3.34946e-005
380.6 2.11363e-005
380.605 2.11363e-005
380.65 3.36352e-005
380.655 3.36352e-005
380.805 5.2446e-005
382.2 4.59203e-005
382.3 2.75192e-005
382.4 3.34946e-005
382.6 2.11363e-005
382.65 3.36352e-005
384.3 2.75192e-005
384.4 3.34946e-005
384.6 2.11363e-005
384.65 3.36352e-005
385.205 4.59203e-005
385.305 2.75192e-005
385.405 3.34946e-005
385.605 2.11363e-005
385.655 3.36352e-005
386.3 2.75192e-005
386.4 3.34946e-005
386.6 2.11363e-005
386.65 3.36352e-005
386.8 5.2446e-005
388.3 2.75192e-005
388.4 3.34946e-005
388.6 2.11363e-005
388.65 3.36352e-005
390.2 4.59203e-005
390.205 4.59203e-005
390.3 2.75192e-005
390.305 2.75192e-005
390.4 3.34946e-005
390.405 3.34946e-005
390.6 2.11363e-005
390.605 2.11363e-005
390.65 3.36352e-005
390.655 3.36352e-005
390.805 5.2446e-005
392.3 2.75192e-005
392.4 3.34946e-005
392.6 2.11363e-005
392.65 3.36352e-005
394.2 4.59203e-005
394.3 2.75192e-005
394.4 3.34946e-005
394.6 2.11363e-005
394.65 3.36352e-005
394.8 5.2446e-005
395.205 4.59203e-005
395.305 2.75192e-005
395.405 3.34946e-005
395.605 2.11363e-005
395.655 3.36352e-005
396.2 4.59203e-005
396.3 2.75192e-005
396.4 3.34946e-005
396.6 2.11363e-005
396.65 3.36352e-005
398.2 4.59203e-005
398.3 2.75192e-005
398.4 3.34946e-005
398.6 2.11363e-005
398.65 3.36352e-005
400.2 4.59203e-005
400.205 4.59203e-005
400.3 2.75192e-005
400.305 2.75192e-005
400.4 3.34946e-005
400.405 3.34946e-005
400.6 2.11363e-005
400.605 2.11363e-005
400.65 3.36352e-005
400.655 3.36352e-005
402.3 2.75192e-005
402.4 3.34946e-005
402.6 2.11363e-005
402.65 3.36352e-005
404.2 4.59203e-005
404.3 2.75192e-005
404.4 3.34946e-005
404.6 2.11363e-005
404.65 3.36352e-005
404.8 5.2446e-005
405.205 4.59203e-005
405.305 2.75192e-005
405.405 3.34946e-005
405.605 2.11363e-005
405.655 3.36352e-005
406.2 4.59203e-005
406.3 2.75192e-005
406.4 3.34946e-005
406.6 2.11363e-005
406.65 3.36352e-005
408.2 4.59203e-005
408.3 2.75192e-005
408.4 3.34946e-005
408.6 2.11363e-005
408.65 3.36352e-005
410.205 4.59203e-005
410.3 2.75192e-005
410.305 2.75192e-005
410.4 3.34946e-005
410.405 3.34946e-005
410.6 2.11363e-005
410.605 2.11363e-005
410.65 3.36352e-005
410.655 3.36352e-005
410.805 5.2446e-005
412.2 4.59203e-005
412.3 2.75192e-005
412.4 3.34946e-005
412.6 2.11363e-005
412.65 3.36352e-005
414.3 2.75192e-005
414.4 3.34946e-005
414.6 2.11363e-005
414.65 3.36352e-005
415.205 4.59203e-005
415.305 2.75192e-005
415.405 3.34946e-005
415.605 2.11363e-005
415.655 3.36352e-005
415.805 5.2446e-005
416.3 2.75192e-005
416.4 3.34946e-005
416.6 2.11363e-005
416.65 3.36352e-005
418.2 4.59203e-005
418.3 2.75192e-005
418.4 3.34946e-005
418.6 2.11363e-005
418.65 3.36352e-005
420.2 4.59203e-005
420.205 4.59203e-005
420.3 2.75192e-005
420.305 2.75192e-005
420.4 3.34946e-005
420.405 3.34946e-005
420.6 2.11363e-005
420.605 2.11363e-005
420.65 3.36352e-005
420.655 3.36352e-005
420.805 5.2446e-005
422.3 2.75192e-005
422.4 3.34946e-005
422.6 2.11363e-005
422.65 3.36352e-005
424.3 2.75192e-005
424.4 3.34946e-005
424.6 2.11363e-005
424.65 3.36352e-005
425.205 4.59203e-005
425.305 2.75192e-005
425.405 3.34946e-005
425.605 2.11363e-005
425.655 3.36352e-005
426.3 2.75192e-005
426.4 3.34946e-005
426.6 2.11363e-005
426.65 3.36352e-005
426.8 5.2446e-005
428.3 2.75192e-005
428.4 3.34946e-005
428.6 2.11363e-005
428.65 3.36352e-005
430.2 4.59203e-005
430.205 4.59203e-005
430.3 2.75192e-005
430.305 2.75192e-005
430.4 3.34946e-005
430.405 3.34946e-005
430.6 2.11363e-005
430.605 2.11363e-005
430.65 3.36352e-005
430.655 3.36352e-005
430.805 5.2446e-005
432.3 2.75192e-005
432.4 3.34946e-005
432.6 2.11363e-005
432.65 3.36352e-005
434.2 4.59203e-005
434.3 2.75192e-005
434.4 3.34946e-005
434.6 2.11363e-005
434.65 3.36352e-005
435.205 4.59203e-005
435.305 2.75192e-005
435.405 3.34946e-005
435.605 2.11363e-005
435.655 3.36352e-005
436.2 4.59203e-005
436.3 2.75192e-005
436.4 3.34946e-005
436.6 2.11363e-005
436.65 3.36352e-005
438.3 2.75192e-005
438.4 3.34946e-005
438.6 2.11363e-005
438.65 3.36352e-005
440.2 4.59203e-005
440.205 4.59203e-005
440.3 2.75192e-005
440.305 2.75192e-005
440.4 3.34946e-005
440.405 3.34946e-005
440.6 2.11363e-005
440.605 2.11363e-005
440.65 3.36352e-005
440.655 3.36352e-005
440.805 5.2446e-005
442.2 4.59203e-005
442.3 2.75192e-005
442.4 3.34946e-005
442.6 2.11363e-005
442.65 3.36352e-005
444.2 4.59203e-005
444.3 2.75192e-005
444.4 3.34946e-005
444.6 2.11363e-005
444.65 3.36352e-005
444.8 5.2446e-005
445.205 4.59203e-005
445.305 2.75192e-005
445.405 3.34946e-005
445.605 2.11363e-005
445.655 3.36352e-005
446.2 4.59203e-005
446.3 2.75192e-005
446.4 3.34946e-005
446.6 2.11363e-005
446.65 3.36352e-005
448.2 4.59203e-005
448.3 2.75192e-005
448.4 3.34946e-005
448.6 2.11363e-005
448.65 3.36352e-005
448.8 5.2446e-005
450.205 4.59203e-005
450.3 2.75192e-005
450.305 2.75192e-005
450.4 3.34946e-005
450.405 3.34946e-005
450.6 2.11363e-005
450.605 2.11363e-005
450.65 3.36352e-005
450.655 3.36352e-005
450.805 5.2446e-005
452.3 2.75192e-005
452.4 3.34946e-005
452.6 2.11363e-005
452.65 3.36352e-005
454.2 4.59203e-005
454.3 2.75192e-005
454.4 3.34946e-005
454.6 2.11363e-005
454.65 3.36352e-005
455.205 4.59203e-005
455.305 2.75192e-005
455.405 3.34946e-005
455.605 2.11363e-005
455.655 3.36352e-005
456.2 4.59203e-005
456.3 2.75192e-005
456.4 3.34946e-005
456.6 2.11363e-005
456.65 3.36352e-005
458.3 2.75192e-005
458.4 3.34946e-005
458.6 2.11363e-005
458.65 3.36352e-005
458.8 5.2446e-005
460.2 4.59203e-005
460.205 4.59203e-005
460.3 2.75192e-005
460.305 2.75192e-005
460.4 3.34946e-005
460.405 3.34946e-005
460.6 2.11363e-005
460.605 2.11363e-005
460.65 3.36352e-005
460.655 3.36352e-005
460.805 5.2446e-005
462.3 2.75192e-005
462.4 3.34946e-005
462.6 2.11363e-005
462.65 3.36352e-005
464.3 2.75192e-005
464.4 3.34946e-005
464.6 2.11363e-005
464.65 3.36352e-005
465.205 4.59203e-005
465.305 2.75192e-005
465.405 3.34946e-005
465.605 2.11363e-005
465.655 3.36352e-005
466.2 4.59203e-005
466.3 2.75192e-005
466.4 3.34946e-005
466.6 2.11363e-005
466.65 3.36352e-005
468.2 4.59203e-005
468.3 2.75192e-005
468.4 3.34946e-005
468.6 2.11363e-005
468.65 3.36352e-005
470.2 4.59203e-005
470.205 4.59203e-005
470.3 2.75192e-005
470.305 2.75192e-005
470.4 3.34946e-005
470.405 3.34946e-005
470.6 2.11363e-005
470.605 2.11363e-005
470.65 3.36352e-005
470.655 3.36352e-005
470.805 5.2446e-005
472.3 2.75192e-005
472.4 3.34946e-005
472.6 2.11363e-005
472.65 3.36352e-005
474.2 4.59203e-005
474.3 2.75192e-005
474.4 3.34946e-005
474.6 2.11363e-005
474.65 3.36352e-005
475.305 2.75192e-005
475.405 3.34946e-005
475.605 2.11363e-005
475.655 3.36352e-005
476.3 2.75192e-005
476.4 3.34946e-005
476.6 2.11363e-005
476.65 3.36352e-005
478.2 4.59203e-005
478.3 2.75192e-005
478.4 3.34946e-005
478.6 2.11363e-005
478.65 3.36352e-005
480.2 4.59203e-005
480.205 4.59203e-005
480.3 2.75192e-005
480.305 2.75192e-005
480.4 3.34946e-005
480.405 3.34946e-005
480.6 2.11363e-005
480.605 2.11363e-005
480.65 3.36352e-005
480.655 3.36352e-005
480.805 5.2446e-005
482.2 4.59203e-005
482.3 2.75192e-005
482.4 3.34946e-005
482.6 2.11363e-005
482.65 3.36352e-005
484.2 4.59203e-005
484.3 2.75192e-005
484.4 3.34946e-005
484.6 2.11363e-005
484.65 3.36352e-005
485.205 4.59203e-005
485.305 2.75192e-005
485.405 3.34946e-005
485.605 2.11363e-005
485.655 3.36352e-005
486.2 4.59203e-005
486.3 2.75192e-005
486.4 3.34946e-005
486.6 2.11363e-005
486.65 3.36352e-005
488.2 4.59203e-005
488.3 2.75192e-005
488.4 3.34946e-005
488.6 2.11363e-005
488.65 3.36352e-005
490.2 4.59203e-005
490.205 4.59203e-005
490.3 2.75192e-005
490.305 2.75192e-005
490.4 3.34946e-005
490.405 3.34946e-005
490.6 2.11363e-005
490.605 2.11363e-005
490.65 3.36352e-005
490.655 3.36352e-005
490.805 5.2446e-005
492.3 2.75192e-005
492.4 3.34946e-005
492.6 2.11363e-005
492.65 3.36352e-005
494.2 4.59203e-005
494.3 2.75192e-005
494.4 3.34946e-005
494.6 2.11363e-005
494.65 3.36352e-005
495.205 4.59203e-005
495.305 2.75192e-005
495.405 3.34946e-005
495.605 2.11363e-005
495.655 3.36352e-005
495.805 5.2446e-005
496.2 4.59203e-005
496.3 2.75192e-005
496.4 3.34946e-005
496.6 2.11363e-005
496.65 3.36352e-005
498.2 4.59203e-005
498.3 2.75192e-005
498.4 3.34946e-005
498.6 2.11363e-005
498.65 3.36352e-005
498.8 5.2446e-005
500.205 4.59203e-005
500.3 2.75192e-005
500.305 2.75192e-005
500.4 3.34946e-005
500.405 3.34946e-005
500.6 2.11363e-005
500.605 2.11363e-005
500.65 3.36352e-005
500.655 3.36352e-005
502.2 4.59203e-005
502.3 2.75192e-005
502.4 3.34946e-005
502.6 2.11363e-005
502.65 3.36352e-005
504.2 4.59203e-005
504.3 2.75192e-005
504.4 3.34946e-005
504.6 2.11363e-005
504.65 3.36352e-005
505.205 4.59203e-005
505.305 2.75192e-005
505.405 3.34946e-005
505.605 2.11363e-005
505.655 3.36352e-005
506.3 2.75192e-005
506.4 3.34946e-005
506.6 2.11363e-005
506.65 3.36352e-005
508.3 2.75192e-005
508.4 3.34946e-005
508.6 2.11363e-005
508.65 3.36352e-005
510.2 4.59203e-005
510.205 4.59203e-005
510.3 2.75192e-005
510.305 2.75192e-005
510.4 3.34946e-005
510.405 3.34946e-005
510.6 2.11363e-005
510.605 2.11363e-005
510.65 3.36352e-005
510.655 3.36352e-005
512.3 2.75192e-005
512.4 3.34946e-005
512.6 2.11363e-005
512.65 3.36352e-005
512.8 5.2446e-005
514.3 2.75192e-005
514.4 3.34946e-005
514.6 2.11363e-005
514.65 3.36352e-005
515.205 4.59203e-005
515.305 2.75192e-005
515.405 3.34946e-005
515.605 2.11363e-005
515.655 3.36352e-005
516.2 4.59203e-005
516.3 2.75192e-005
516.4 3.34946e-005
516.6 2.11363e-005
516.65 3.36352e-005
516.8 5.2446e-005
518.2 4.59203e-005
518.3 2.75192e-005
518.4 3.34946e-005
518.6 2.11363e-005
518.65 3.36352e-005
520.205 4.59203e-005
520.3 2.75192e-005
520.305 2.75192e-005
520.4 3.34946e-005
520.405 3.34946e-005
520.6 2.11363e-005
520.605 2.11363e-005
520.65 3.36352e-005
520.655 3.36352e-005
522.3 2.75192e-005
522.4 3.34946e-005
522.6 2.11363e-005
522.65 3.36352e-005
524.2 4.59203e-005
524.3 2.75192e-005
524.4 3.34946e-005
524.6 2.11363e-005
524.65 3.36352e-005
524.8 5.2446e-005
525.205 4.59203e-005
525.305 2.75192e-005
525.405 3.34946e-005
525.605 2.11363e-005
525.655 3.36352e-005
525.805 5.2446e-005
526.2 4.59203e-005
526.3 2.75192e-005
526.4 3.34946e-005
526.6 2.11363e-005
526.65 3.36352e-005
528.2 4.59203e-005
528.3 2.75192e-005
528.4 3.34946e-005
528.6 2.11363e-005
528.65 3.36352e-005
530.205 4.59203e-005
530.3 2.75192e-005
530.305 2.75192e-005
530.4 3.34946e-005
530.405 3.34946e-005
530.6 2.11363e-005
530.605 2.11363e-005
530.65 3.36352e-005
530.655 3.36352e-005
530.8 5.2446e-005
530.805 5.2446e-005
532.2 4.59203e-005
532.3 2.75192e-005
532.4 3.34946e-005
532.6 2.11363e-005
532.65 3.36352e-005
534.3 2.75192e-005
534.4 3.34946e-005
534.6 2.11363e-005
534.65 3.36352e-005
535.205 4.59203e-005
535.305 2.75192e-005
535.405 3.34946e-005
535.605 2.11363e-005
535.655 3.36352e-005
536.2 4.59203e-005
536.3 2.75192e-005
536.4 3.34946e-005
536.6 2.11363e-005
536.65 3.36352e-005
538.2 4.59203e-005
538.3 2.75192e-005
538.4 3.34946e-005
538.6 2.11363e-005
538.65 3.36352e-005
540.2 4.59203e-005
540.205 4.59203e-005
540.3 2.75192e-005
540.305 2.75192e-005
540.4 3.34946e-005
540.405 3.34946e-005
540.6 2.11363e-005
540.605 2.11363e-005
540.65 3.36352e-005
540.655 3.36352e-005
542.2 4.59203e-005
542.3 2.75192e-005
542.4 3.34946e-005
542.6 2.11363e-005
542.65 3.36352e-005
544.2 4.59203e-005
544.3 2.75192e-005
544.4 3.34946e-005
544.6 2.11363e-005
544.65 3.36352e-005
545.205 4.59203e-005
545.305 2.75192e-005
545.405 3.34946e-005
545.605 2.11363e-005
545.655 3.36352e-005
546.3 2.75192e-005
546.4 3.34946e-005
546.6 2.11363e-005
546.65 3.36352e-005
548.2 4.59203e-005
548.3 2.75192e-005
548.4 3.34946e-005
548.6 2.11363e-005
548.65 3.36352e-005
550.2 4.59203e-005
550.3 2.75192e-005
550.305 2.75192e-005
550.4 3.34946e-005
550.405 3.34946e-005
550.6 2.11363e-005
550.605 2.11363e-005
550.65 3.36352e-005
550.655 3.36352e-005
550.805 5.2446e-005
552.2 4.59203e-005
552.3 2.75192e-005
552.4 3.34946e-005
552.6 2.11363e-005
552.65 3.36352e-005
554.2 4.59203e-005
554.3 2.75192e-005
554.4 3.34946e-005
554.6 2.11363e-005
554.65 3.36352e-005
555.205 4.59203e-005
555.305 2.75192e-005
555.405 3.34946e-005
555.605 2.11363e-005
555.655 3.36352e-005
556.3 2.75192e-005
556.4 3.34946e-005
556.6 2.11363e-005
556.65 3.36352e-005
558.2 4.59203e-005
558.3 2.75192e-005
558.4 3.34946e-005
558.6 2.11363e-005
558.65 3.36352e-005
560.2 4.59203e-005
560.205 4.59203e-005
560.3 2.75192e-005
560.305 2.75192e-005
560.4 3.34946e-005
560.405 3.34946e-005
560.6 2.11363e-005
560.605 2.11363e-005
560.65 3.36352e-005
560.655 3.36352e-005
560.805 5.2446e-005
562.3 2.75192e-005
562.4 3.34946e-005
562.6 2.11363e-005
562.65 3.36352e-005
564.3 2.75192e-005
564.4 3.34946e-005
564.6 2.11363e-005
564.65 3.36352e-005
565.205 4.59203e-005
565.305 2.75192e-005
565.405 3.34946e-005
565.605 2.11363e-005
565.655 3.36352e-005
566.3 2.75192e-005
566.4 3.34946e-005
566.6 2.11363e-005
566.65 3.36352e-005
568.2 4.59203e-005
568.3 2.75192e-005
568.4 3.34946e-005
568.6 2.11363e-005
568.65 3.36352e-005
568.8 5.2446e-005
570.205 4.59203e-005
570.3 2.75192e-005
570.305 2.75192e-005
570.4 3.34946e-005
570.405 3.34946e-005
570.6 2.11363e-005
570.605 2.11363e-005
570.65 3.36352e-005
570.655 3.36352e-005
570.8 5.2446e-005
570.805 5.2446e-005
572.2 4.59203e-005
572.3 2.75192e-005
572.4 3.34946e-005
572.6 2.11363e-005
572.65 3.36352e-005
572.8 5.2446e-005
574.2 4.59203e-005
574.3 2.75192e-005
574.4 3.34946e-005
574.6 2.11363e-005
574.65 3.36352e-005
575.205 4.59203e-005
575.305 2.75192e-005
575.405 3.34946e-005
575.605 2.11363e-005
575.655 3.36352e-005
575.805 5.2446e-005
576.2 4.59203e-005
576.3 2.75192e-005
576.4 3.34946e-005
576.6 2.11363e-005
576.65 3.36352e-005
578.2 4.59203e-005
578.3 2.75192e-005
578.4 3.34946e-005
578.6 2.11363e-005
578.65 3.36352e-005
578.8 5.2446e-005
580.2 4.59203e-005
580.205 4.59203e-005
580.3 2.75192e-005
580.305 2.75192e-005
580.4 3.34946e-005
580.405 3.34946e-005
580.6 2.11363e-005
580.605 2.11363e-005
580.65 3.36352e-005
580.655 3.36352e-005
580.805 5.2446e-005
582.3 2.75192e-005
582.4 3.34946e-005
582.6 2.11363e-005
582.65 3.36352e-005
584.2 4.59203e-005
584.3 2.75192e-005
584.4 3.34946e-005
584.6 2.11363e-005
584.65 3.36352e-005
584.8 5.2446e-005
585.305 2.75192e-005
585.405 3.34946e-005
585.605 2.11363e-005
585.655 3.36352e-005
586.2 4.59203e-005
586.3 2.75192e-005
586.4 3.34946e-005
586.6 2.11363e-005
586.65 3.36352e-005
588.3 2.75192e-005
588.4 3.34946e-005
588.6 2.11363e-005
588.65 3.36352e-005
590.205 4.59203e-005
590.3 2.75192e-005
590.305 2.75192e-005
590.4 3.34946e-005
590.405 3.34946e-005
590.6 2.11363e-005
590.605 2.11363e-005
590.65 3.36352e-005
590.655 3.36352e-005
592.3 2.75192e-005
592.4 3.34946e-005
592.6 2.11363e-005
592.65 3.36352e-005
594.2 4.59203e-005
594.3 2.75192e-005
594.4 3.34946e-005
594.6 2.11363e-005
594.65 3.36352e-005
594.8 5.2446e-005
595.205 4.59203e-005
595.305 2.75192e-005
595.405 3.34946e-005
595.605 2.11363e-005
595.655 3.36352e-005
596.2 4.59203e-005
596.3 2.75192e-005
596.4 3.34946e-005
596.6 2.11363e-005
596.65 3.36352e-005
596.8 5.2446e-005
598.2 4.59203e-005
598.3 2.75192e-005
598.4 3.34946e-005
598.6 2.11363e-005
598.65 3.36352e-005
600.205 4.59203e-005
600.3 2.75192e-005
600.305 2.75192e-005
600.4 3.34946e-005
600.405 3.34946e-005
600.6 2.11363e-005
600.605 2.11363e-005
600.65 3.36352e-005
600.655 3.36352e-005
600.805 5.2446e-005
602.3 2.75192e-005
602.4 3.34946e-005
602.6 2.11363e-005
602.65 3.36352e-005
604.2 4.59203e-005
604.3 2.75192e-005
604.4 3.34946e-005
604.6 2.11363e-005
604.65 3.36352e-005
604.8 5.2446e-005
605.205 4.59203e-005
605.305 2.75192e-005
605.405 3.34946e-005
605.605 2.11363e-005
605.655 3.36352e-005
606.2 4.59203e-005
606.3 2.75192e-005
606.4 3.34946e-005
606.6 2.11363e-005
606.65 3.36352e-005
608.2 4.59203e-005
608.3 2.75192e-005
608.4 3.34946e-005
608.6 2.11363e-005
608.65 3.36352e-005
610.2 4.59203e-005
610.205 4.59203e-005
610.3 2.75192e-005
610.305 2.75192e-005
610.4 3.34946e-005
610.405 3.34946e-005
610.6 2.11363e-005
610.605 2.11363e-005
610.65 3.36352e-005
610.655 3.36352e-005
612.2 4.59203e-005
612.3 2.75192e-005
612.4 3.34946e-005
612.6 2.11363e-005
612.65 3.36352e-005
614.2 4.59203e-005
614.3 2.75192e-005
614.4 3.34946e-005
614.6 2.11363e-005
614.65 3.36352e-005
614.8 5.2446e-005
615.205 4.59203e-005
615.305 2.75192e-005
615.405 3.34946e-005
615.605 2.11363e-005
615.655 3.36352e-005
616.2 4.59203e-005
616.3 2.75192e-005
616.4 3.34946e-005
616.6 2.11363e-005
616.65 3.36352e-005
618.3 2.75192e-005
618.4 3.34946e-005
618.6 2.11363e-005
618.65 3.36352e-005
620.205 4.59203e-005
620.3 2.75192e-005
620.305 2.75192e-005
620.4 3.34946e-005
620.405 3.34946e-005
620.6 2.11363e-005
620.605 2.11363e-005
620.65 3.36352e-005
620.655 3.36352e-005
620.8 5.2446e-005
622.3 2.75192e-005
622.4 3.34946e-005
622.6 2.11363e-005
622.65 3.36352e-005
624.2 4.59203e-005
624.3 2.75192e-005
624.4 3.34946e-005
624.6 2.11363e-005
624.65 3.36352e-005
625.205 4.59203e-005
625.305 2.75192e-005
625.405 3.34946e-005
625.605 2.11363e-005
625.655 3.36352e-005
625.805 5.2446e-005
626.3 2.75192e-005
626.4 3.34946e-005
626.6 2.11363e-005
626.65 3.36352e-005
628.2 4.59203e-005
628.3 2.75192e-005
628.4 3.34946e-005
628.6 2.11363e-005
628.65 3.36352e-005
630.2 4.59203e-005
630.205 4.59203e-005
630.3 2.75192e-005
630.305 2.75192e-005
630.4 3.34946e-005
630.405 3.34946e-005
630.6 2.11363e-005
630.605 2.11363e-005
630.65 3.36352e-005
630.655 3.36352e-005
630.805 5.2446e-005
632.3 2.75192e-005
632.4 3.34946e-005
632.6 2.11363e-005
632.65 3.36352e-005
634.2 4.59203e-005
634.3 2.75192e-005
634.4 3.34946e-005
634.6 2.11363e-005
634.65 3.36352e-005
635.305 2.75192e-005
635.405 3.34946e-005
635.605 2.11363e-005
635.805 5.2446e-005
636.2 4.59203e-005
636.3 2.75192e-005
636.4 3.34946e-005
636.6 2.11363e-005
636.65 3.36352e-005
638.2 4.59203e-005
638.3 2.75192e-005
638.4 3.34946e-005
638.6 2.11363e-005
638.65 3.36352e-005
638.8 5.2446e-005
640.205 4.59203e-005
640.3 2.75192e-005
640.305 2.75192e-005
640.4 3.34946e-005
640.405 3.34946e-005
640.6 2.11363e-005
640.605 2.11363e-005
640.65 3.36352e-005
640.655 3.36352e-005
640.805 5.2446e-005
642.2 4.59203e-005
642.3 2.75192e-005
642.4 3.34946e-005
642.6 2.11363e-005
642.65 3.36352e-005
644.3 2.75192e-005
644.4 3.34946e-005
644.6 2.11363e-005
644.65 3.36352e-005
645.205 4.59203e-005
645.305 2.75192e-005
645.405 3.34946e-005
645.605 2.11363e-005
645.655 3.36352e-005
646.2 4.59203e-005
646.3 2.75192e-005
646.4 3.34946e-005
646.6 2.11363e-005
646.65 3.36352e-005
648.2 4.59203e-005
648.3 2.75192e-005
648.4 3.34946e-005
648.6 2.11363e-005
648.65 3.36352e-005
650.2 4.59203e-005
650.205 4.59203e-005
650.3 2.75192e-005
650.305 2.75192e-005
650.4 3.34946e-005
650.405 3.34946e-005
650.6 2.11363e-005
650.605 2.11363e-005
650.65 3.36352e-005
650.655 3.36352e-005
650.8 5.2446e-005
650.805 5.2446e-005
652.2 4.59203e-005
652.3 2.75192e-005
652.4 3.34946e-005
652.6 2.11363e-005
652.65 3.36352e-005
654.2 4.59203e-005
654.3 2.75192e-005
654.4 3.34946e-005
654.6 2.11363e-005
654.65 3.36352e-005
655.305 2.75192e-005
655.405 3.34946e-005
655.605 2.11363e-005
655.655 3.36352e-005
656.2 4.59203e-005
656.3 2.75192e-005
656.4 3.34946e-005
656.6 2.11363e-005
656.65 3.36352e-005
658.3 2.75192e-005
658.4 3.34946e-005
658.6 2.11363e-005
658.65 3.36352e-005
660.2 4.59203e-005
660.205 4.59203e-005
660.3 2.75192e-005
660.305 2.75192e-005
660.4 3.34946e-005
660.405 3.34946e-005
660.6 2.11363e-005
660.605 2.11363e-005
660.65 3.36352e-005
660.655 3.36352e-005
660.805 5.2446e-005
662.3 2.75192e-005
662.4 3.34946e-005
662.6 2.11363e-005
662.65 3.36352e-005
664.2 4.59203e-005
664.3 2.75192e-005
664.4 3.34946e-005
664.6 2.11363e-005
664.65 3.36352e-005
664.8 5.2446e-005
665.205 4.59203e-005
665.305 2.75192e-005
665.405 3.34946e-005
665.605 2.11363e-005
665.655 3.36352e-005
666.3 2.75192e-005
666.4 3.34946e-005
666.6 2.11363e-005
666.65 3.36352e-005
668.2 4.59203e-005
668.3 2.75192e-005
668.4 3.34946e-005
668.6 2.11363e-005
668.65 3.36352e-005
670.2 4.59203e-005
670.205 4.59203e-005
670.3 2.75192e-005
670.305 2.75192e-005
670.4 3.34946e-005
670.405 3.34946e-005
670.6 2.11363e-005
670.605 2.11363e-005
670.65 3.36352e-005
670.655 3.36352e-005
672.2 4.59203e-005
672.3 2.75192e-005
672.4 3.34946e-005
672.6 2.11363e-005
672.65 3.36352e-005
674.2 4.59203e-005
674.3 2.75192e-005
674.4 3.34946e-005
674.6 2.11363e-005
674.65 3.36352e-005
675.205 4.59203e-005
675.305 2.75192e-005
675.405 3.34946e-005
675.605 2.11363e-005
675.655 3.36352e-005
675.805 5.2446e-005
676.2 4.59203e-005
676.3 2.75192e-005
676.4 3.34946e-005
676.6 2.11363e-005
676.65 3.36352e-005
678.2 4.59203e-005
678.3 2.75192e-005
678.4 3.34946e-005
678.6 2.11363e-005
678.65 3.36352e-005
680.205 4.59203e-005
680.3 2.75192e-005
680.305 2.75192e-005
680.4 3.34946e-005
680.405 3.34946e-005
680.6 2.11363e-005
680.605 2.11363e-005
680.65 3.36352e-005
680.655 3.36352e-005
680.805 5.2446e-005
682.2 4.59203e-005
682.3 2.75192e-005
682.4 3.34946e-005
682.6 2.11363e-005
682.65 3.36352e-005
682.8 5.2446e-005
684.2 4.59203e-005
684.3 2.75192e-005
684.4 3.34946e-005
684.6 2.11363e-005
684.65 3.36352e-005
685.205 4.59203e-005
685.305 2.75192e-005
685.405 3.34946e-005
685.605 2.11363e-005
685.655 3.36352e-005
686.2 4.59203e-005
686.3 2.75192e-005
686.4 3.34946e-005
686.6 2.11363e-005
686.65 3.36352e-005
688.3 2.75192e-005
688.4 3.34946e-005
688.6 2.11363e-005
688.65 3.36352e-005
690.2 4.59203e-005
690.205 4.59203e-005
690.3 2.75192e-005
690.305 2.75192e-005
690.4 3.34946e-005
690.405 3.34946e-005
690.6 2.11363e-005
690.605 2.11363e-005
690.65 3.36352e-005
690.655 3.36352e-005
690.805 5.2446e-005
692.3 2.75192e-005
692.4 3.34946e-005
692.6 2.11363e-005
692.65 3.36352e-005
694.2 4.59203e-005
694.3 2.75192e-005
694.4 3.34946e-005
694.6 2.11363e-005
694.65 3.36352e-005
695.305 2.75192e-005
695.405 3.34946e-005
695.605 2.11363e-005
695.655 3.36352e-005
695.805 5.2446e-005
696.2 4.59203e-005
696.3 2.75192e-005
696.4 3.34946e-005
696.6 2.11363e-005
696.65 3.36352e-005
698.2 4.59203e-005
698.3 2.75192e-005
698.4 3.34946e-005
698.6 2.11363e-005
698.65 3.36352e-005
700.2 4.59203e-005
700.205 4.59203e-005
700.3 2.75192e-005
700.305 2.75192e-005
700.4 3.34946e-005
700.405 3.34946e-005
700.6 2.11363e-005
700.605 2.11363e-005
700.65 3.36352e-005
700.655 3.36352e-005
700.805 5.2446e-005
702.2 4.59203e-005
702.3 2.75192e-005
702.4 3.34946e-005
702.6 2.11363e-005
702.65 3.36352e-005
704.2 4.59203e-005
704.3 2.75192e-005
704.4 3.34946e-005
704.6 2.11363e-005
704.65 3.36352e-005
705.205 4.59203e-005
705.305 2.75192e-005
705.405 3.34946e-005
705.605 2.11363e-005
705.655 3.36352e-005
706.2 4.59203e-005
706.3 2.75192e-005
706.4 3.34946e-005
706.6 2.11363e-005
706.65 3.36352e-005
708.2 4.59203e-005
708.3 2.75192e-005
708.4 3.34946e-005
708.6 2.11363e-005
708.65 3.36352e-005
710.2 4.59203e-005
710.205 4.59203e-005
710.3 2.75192e-005
710.305 2.75192e-005
710.4 3.34946e-005
710.405 3.34946e-005
710.6 2.11363e-005
710.605 2.11363e-005
710.65 3.36352e-005
710.655 3.36352e-005
710.805 5.2446e-005
712.2 4.59203e-005
712.3 2.75192e-005
712.4 3.34946e-005
712.6 2.11363e-005
712.65 3.36352e-005
714.3 2.75192e-005
714.4 3.34946e-005
714.6 2.11363e-005
714.65 3.36352e-005
715.205 4.59203e-005
715.305 2.75192e-005
715.405 3.34946e-005
715.605 2.11363e-005
715.655 3.36352e-005
715.805 5.2446e-005
716.2 4.59203e-005
716.3 2.75192e-005
716.4 3.34946e-005
716.6 2.11363e-005
716.65 3.36352e-005
718.2 4.59203e-005
718.3 2.75192e-005
718.4 3.34946e-005
718.6 2.11363e-005
718.65 3.36352e-005
720.205 4.59203e-005
720.3 2.75192e-005
720.305 2.75192e-005
720.4 3.34946e-005
720.405 3.34946e-005
720.6 2.11363e-005
720.605 2.11363e-005
720.65 3.36352e-005
720.655 3.36352e-005
720.805 5.2446e-005
722.3 2.75192e-005
722.4 3.34946e-005
722.6 2.11363e-005
722.65 3.36352e-005
724.3 2.75192e-005
724.4 3.34946e-005
724.6 2.11363e-005
724.65 3.36352e-005
724.8 5.2446e-005
725.205 4.59203e-005
725.305 2.75192e-005
725.405 3.34946e-005
725.605 2.11363e-005
725.655 3.36352e-005
726.3 2.75192e-005
726.4 3.34946e-005
726.6 2.11363e-005
726.65 3.36352e-005
728.2 4.59203e-005
728.3 2.75192e-005
728.4 3.34946e-005
728.6 2.11363e-005
728.65 3.36352e-005
730.2 4.59203e-005
730.205 4.59203e-005
730.3 2.75192e-005
730.305 2.75192e-005
730.4 3.34946e-005
730.405 3.34946e-005
730.6 2.11363e-005
730.605 2.11363e-005
730.65 3.36352e-005
730.655 3.36352e-005
730.805 5.2446e-005
732.2 4.59203e-005
732.3 2.75192e-005
732.4 3.34946e-005
732.6 2.11363e-005
732.65 3.36352e-005
734.2 4.59203e-005
734.3 2.75192e-005
734.4 3.34946e-005
734.6 2.11363e-005
734.65 3.36352e-005
735.205 4.59203e-005
735.305 2.75192e-005
735.405 3.34946e-005
735.605 2.11363e-005
735.655 3.36352e-005
735.805 5.2446e-005
736.3 2.75192e-005
736.4 3.34946e-005
736.6 2.11363e-005
736.65 3.36352e-005
738.2 4.59203e-005
738.3 2.75192e-005
738.4 3.34946e-005
738.6 2.11363e-005
738.65 3.36352e-005
740.205 4.59203e-005
740.3 2.75192e-005
740.305 2.75192e-005
740.4 3.34946e-005
740.405 3.34946e-005
740.6 2.11363e-005
740.605 2.11363e-005
740.65 3.36352e-005
740.655 3.36352e-005
740.8 5.2446e-005
740.805 5.2446e-005
742.3 2.75192e-005
742.4 3.34946e-005
742.6 2.11363e-005
742.65 3.36352e-005
744.2 4.59203e-005
744.3 2.75192e-005
744.4 3.34946e-005
744.6 2.11363e-005
744.65 3.36352e-005
745.205 4.59203e-005
745.305 2.75192e-005
745.405 3.34946e-005
745.605 2.11363e-005
745.655 3.36352e-005
745.805 5.2446e-005
746.2 4.59203e-005
746.3 2.75192e-005
746.4 3.34946e-005
746.6 2.11363e-005
746.65 3.36352e-005
746.8 5.2446e-005
748.2 4.59203e-005
748.3 2.75192e-005
748.4 3.34946e-005
748.6 2.11363e-005
748.65 3.36352e-005
750.2 4.59203e-005
750.205 4.59203e-005
750.3 2.75192e-005
750.305 2.75192e-005
750.4 3.34946e-005
750.405 3.34946e-005
750.6 2.11363e-005
750.605 2.11363e-005
750.65 3.36352e-005
750.655 3.36352e-005
750.805 5.2446e-005
752.2 4.59203e-005
752.3 2.75192e-005
752.4 3.34946e-005
752.6 2.11363e-005
752.65 3.36352e-005
754.2 4.59203e-005
754.3 2.75192e-005
754.4 3.34946e-005
754.6 2.11363e-005
754.65 3.36352e-005
755.205 4.59203e-005
755.305 2.75192e-005
755.405 3.34946e-005
755.605 2.11363e-005
755.655 3.36352e-005
756.2 4.59203e-005
756.3 2.75192e-005
756.4 3.34946e-005
756.6 2.11363e-005
756.65 3.36352e-005
756.8 5.2446e-005
758.2 4.59203e-005
758.3 2.75192e-005
758.4 3.34946e-005
758.6 2.11363e-005
758.65 3.36352e-005
760.2 4.59203e-005
760.205 4.59203e-005
760.3 2.75192e-005
760.305 2.75192e-005
760.4 3.34946e-005
760.405 3.34946e-005
760.6 2.11363e-005
760.605 2.11363e-005
760.65 3.36352e-005
760.655 3.36352e-005
760.805 5.2446e-005
762.2 4.59203e-005
762.3 2.75192e-005
762.4 3.34946e-005
762.6 2.11363e-005
762.65 3.36352e-005
762.8 5.2446e-005
764.2 4.59203e-005
764.3 2.75192e-005
764.4 3.34946e-005
764.6 2.11363e-005
764.65 3.36352e-005
765.205 4.59203e-005
765.305 2.75192e-005
765.405 3.34946e-005
765.605 2.11363e-005
765.655 3.36352e-005
766.2 4.59203e-005
766.3 2.75192e-005
766.4 3.34946e-005
766.6 2.11363e-005
766.65 3.36352e-005
768.2 4.59203e-005
768.3 2.75192e-005
768.4 3.34946e-005
768.6 2.11363e-005
768.65 3.36352e-005
770.2 4.59203e-005
770.205 4.59203e-005
770.3 2.75192e-005
770.305 2.75192e-005
770.4 3.34946e-005
770.405 3.34946e-005
770.6 2.11363e-005
770.605 2.11363e-005
770.65 3.36352e-005
770.655 3.36352e-005
772.3 2.75192e-005
772.4 3.34946e-005
772.6 2.11363e-005
772.65 3.36352e-005
772.8 5.2446e-005
774.3 2.75192e-005
774.4 3.34946e-005
774.6 2.11363e-005
774.65 3.36352e-005
775.305 2.75192e-005
775.405 3.34946e-005
775.605 2.11363e-005
775.655 3.36352e-005
775.805 5.2446e-005
776.3 2.75192e-005
776.4 3.34946e-005
776.6 2.11363e-005
776.65 3.36352e-005
776.8 5.2446e-005
778.2 4.59203e-005
778.3 2.75192e-005
778.4 3.34946e-005
778.6 2.11363e-005
778.65 3.36352e-005
780.2 4.59203e-005
780.205 4.59203e-005
780.3 2.75192e-005
780.305 2.75192e-005
780.4 3.34946e-005
780.405 3.34946e-005
780.6 2.11363e-005
780.605 2.11363e-005
780.65 3.36352e-005
780.655 3.36352e-005
780.805 5.2446e-005
782.2 4.59203e-005
782.3 2.75192e-005
782.4 3.34946e-005
782.6 2.11363e-005
782.65 3.36352e-005
784.2 4.59203e-005
784.3 2.75192e-005
784.4 3.34946e-005
784.6 2.11363e-005
784.65 3.36352e-005
785.205 4.59203e-005
785.305 2.75192e-005
785.405 3.34946e-005
785.605 2.11363e-005
785.655 3.36352e-005
786.2 4.59203e-005
786.3 2.75192e-005
786.4 3.34946e-005
786.6 2.11363e-005
786.65 3.36352e-005
786.8 5.2446e-005
788.3 2.75192e-005
788.4 3.34946e-005
788.6 2.11363e-005
788.65 3.36352e-005
790.2 4.59203e-005
790.205 4.59203e-005
790.3 2.75192e-005
790.305 2.75192e-005
790.4 3.34946e-005
790.405 3.34946e-005
790.6 2.11363e-005
790.605 2.11363e-005
790.65 3.36352e-005
790.655 3.36352e-005
790.805 5.2446e-005
792.2 4.59203e-005
792.3 2.75192e-005
792.4 3.34946e-005
792.6 2.11363e-005
792.65 3.36352e-005
794.2 4.59203e-005
794.3 2.75192e-005
794.4 3.34946e-005
794.6 2.11363e-005
794.65 3.36352e-005
794.8 5.2446e-005
795.205 4.59203e-005
795.305 2.75192e-005
795.405 3.34946e-005
795.605 2.11363e-005
795.655 3.36352e-005
796.2 4.59203e-005
796.3 2.75192e-005
796.4 3.34946e-005
796.6 2.11363e-005
796.65 3.36352e-005
798.2 4.59203e-005
798.3 2.75192e-005
798.4 3.34946e-005
798.6 2.11363e-005
798.65 3.36352e-005
798.8 5.2446e-005
800.2 4.59203e-005
800.205 4.59203e-005
800.3 2.75192e-005
800.305 2.75192e-005
800.4 3.34946e-005
800.405 3.34946e-005
800.6 2.11363e-005
800.605 2.11363e-005
800.65 3.36352e-005
800.655 3.36352e-005
802.3 2.75192e-005
802.4 3.34946e-005
802.6 2.11363e-005
802.65 3.36352e-005
804.3 2.75192e-005
804.4 3.34946e-005
804.6 2.11363e-005
804.65 3.36352e-005
805.205 4.59203e-005
805.305 2.75192e-005
805.405 3.34946e-005
805.605 2.11363e-005
805.655 3.36352e-005
806.2 4.59203e-005
806.3 2.75192e-005
806.4 3.34946e-005
806.6 2.11363e-005
806.65 3.36352e-005
808.3 2.75192e-005
808.4 3.34946e-005
808.6 2.11363e-005
808.65 3.36352e-005
810.205 4.59203e-005
810.3 2.75192e-005
810.305 2.75192e-005
810.4 3.34946e-005
810.405 3.34946e-005
810.6 2.11363e-005
810.605 2.11363e-005
810.65 3.36352e-005
810.655 3.36352e-005
810.805 5.2446e-005
812.2 4.59203e-005
812.3 2.75192e-005
812.4 3.34946e-005
812.6 2.11363e-005
812.65 3.36352e-005
814.2 4.59203e-005
814.3 2.75192e-005
814.4 3.34946e-005
814.6 2.11363e-005
814.65 3.36352e-005
814.8 5.2446e-005
815.205 4.59203e-005
815.305 2.75192e-005
815.405 3.34946e-005
815.605 2.11363e-005
815.655 3.36352e-005
816.2 4.59203e-005
816.3 2.75192e-005
816.4 3.34946e-005
816.6 2.11363e-005
816.65 3.36352e-005
818.3 2.75192e-005
818.4 3.34946e-005
818.6 2.11363e-005
818.65 3.36352e-005
820.205 4.59203e-005
820.3 2.75192e-005
820.305 2.75192e-005
820.4 3.34946e-005
820.405 3.34946e-005
820.6 2.11363e-005
820.605 2.11363e-005
820.65 3.36352e-005
820.655 3.36352e-005
820.805 5.2446e-005
822.2 4.59203e-005
822.3 2.75192e-005
822.4 3.34946e-005
822.6 2.11363e-005
822.65 3.36352e-005
824.2 4.59203e-005
824.3 2.75192e-005
824.4 3.34946e-005
824.6 2.11363e-005
824.65 3.36352e-005
825.205 4.59203e-005
825.305 2.75192e-005
825.405 3.34946e-005
825.605 2.11363e-005
825.655 3.36352e-005
825.805 5.2446e-005
826.3 2.75192e-005
826.4 3.34946e-005
826.6 2.11363e-005
826.65 3.36352e-005
828.2 4.59203e-005
828.3 2.75192e-005
828.4 3.34946e-005
828.6 2.11363e-005
830.205 4.59203e-005
830.3 2.75192e-005
830.305 2.75192e-005
830.4 3.34946e-005
830.405 3.34946e-005
830.6 2.11363e-005
830.605 2.11363e-005
830.65 3.36352e-005
830.655 3.36352e-005
830.8 5.2446e-005
832.2 4.59203e-005
832.3 2.75192e-005
832.4 3.34946e-005
832.6 2.11363e-005
832.65 3.36352e-005
834.3 2.75192e-005
834.4 3.34946e-005
834.6 2.11363e-005
834.65 3.36352e-005
835.205 4.59203e-005
835.305 2.75192e-005
835.405 3.34946e-005
835.605 2.11363e-005
835.655 3.36352e-005
835.805 5.2446e-005
836.3 2.75192e-005
836.4 3.34946e-005
836.6 2.11363e-005
836.65 3.36352e-005
838.2 4.59203e-005
838.3 2.75192e-005
838.4 3.34946e-005
838.6 2.11363e-005
838.65 3.36352e-005
840.2 4.59203e-005
840.205 4.59203e-005
840.3 2.75192e-005
840.305 2.75192e-005
840.4 3.34946e-005
840.405 3.34946e-005
840.6 2.11363e-005
840.605 2.11363e-005
840.65 3.36352e-005
840.655 3.36352e-005
840.805 5.2446e-005
842.2 4.59203e-005
842.3 2.75192e-005
842.4 3.34946e-005
842.6 2.11363e-005
842.65 3.36352e-005
844.3 2.75192e-005
844.4 3.34946e-005
844.6 2.11363e-005
844.65 3.36352e-005
845.205 4.59203e-005
845.305 2.75192e-005
845.405 3.34946e-005
845.605 2.11363e-005
845.655 3.36352e-005
846.2 4.59203e-005
846.3 2.75192e-005
846.4 3.34946e-005
846.6 2.11363e-005
846.65 3.36352e-005
848.3 2.75192e-005
848.4 3.34946e-005
848.6 2.11363e-005
848.65 3.36352e-005
850.2 4.59203e-005
850.205 4.59203e-005
850.3 2.75192e-005
850.305 2.75192e-005
850.4 3.34946e-005
850.405 3.34946e-005
850.6 2.11363e-005
850.605 2.11363e-005
850.65 3.36352e-005
850.655 3.36352e-005
850.8 5.2446e-005
850.805 5.2446e-005
852.2 4.59203e-005
852.3 2.75192e-005
852.4 3.34946e-005
852.6 2.11363e-005
852.65 3.36352e-005
854.2 4.59203e-005
854.3 2.75192e-005
854.4 3.34946e-005
854.6 2.11363e-005
854.65 3.36352e-005
854.8 5.2446e-005
855.205 4.59203e-005
855.305 2.75192e-005
855.405 3.34946e-005
855.605 2.11363e-005
855.655 3.36352e-005
856.3 2.75192e-005
856.4 3.34946e-005
856.6 2.11363e-005
856.65 3.36352e-005
858.3 2.75192e-005
858.4 3.34946e-005
858.6 2.11363e-005
858.65 3.36352e-005
860.2 4.59203e-005
860.205 4.59203e-005
860.3 2.75192e-005
860.305 2.75192e-005
860.4 3.34946e-005
860.405 3.34946e-005
860.6 2.11363e-005
860.605 2.11363e-005
860.65 3.36352e-005
860.655 3.36352e-005
862.2 4.59203e-005
862.3 2.75192e-005
862.4 3.34946e-005
862.6 2.11363e-005
862.65 3.36352e-005
862.8 5.2446e-005
864.2 4.59203e-005
864.3 2.75192e-005
864.4 3.34946e-005
864.6 2.11363e-005
864.65 3.36352e-005
864.8 5.2446e-005
865.205 4.59203e-005
865.305 2.75192e-005
865.405 3.34946e-005
865.605 2.11363e-005
865.655 3.36352e-005
866.3 2.75192e-005
866.4 3.34946e-005
866.6 2.11363e-005
866.65 3.36352e-005
868.2 4.59203e-005
868.3 2.75192e-005
868.4 3.34946e-005
868.6 2.11363e-005
868.65 3.36352e-005
870.2 4.59203e-005
870.205 4.59203e-005
870.3 2.75192e-005
870.305 2.75192e-005
870.4 3.34946e-005
870.405 3.34946e-005
870.6 2.11363e-005
870.605 2.11363e-005
870.65 3.36352e-005
870.655 3.36352e-005
870.805 5.2446e-005
872.2 4.59203e-005
872.3 2.75192e-005
872.4 3.34946e-005
872.6 2.11363e-005
872.65 3.36352e-005
874.2 4.59203e-005
874.3 2.75192e-005
874.4 3.34946e-005
874.6 2.11363e-005
874.65 3.36352e-005
874.8 5.2446e-005
875.205 4.59203e-005
875.305 2.75192e-005
875.405 3.34946e-005
875.605 2.11363e-005
875.655 3.36352e-005
876.2 4.59203e-005
876.3 2.75192e-005
876.4 3.34946e-005
876.6 2.11363e-005
876.65 3.36352e-005
878.2 4.59203e-005
878.3 2.75192e-005
878.4 3.34946e-005
878.6 2.11363e-005
878.65 3.36352e-005
878.8 5.2446e-005
880.2 4.59203e-005
880.205 4.59203e-005
880.3 2.75192e-005
880.305 2.75192e-005
880.4 3.34946e-005
880.405 3.34946e-005
880.6 2.11363e-005
880.605 2.11363e-005
880.65 3.36352e-005
880.655 3.36352e-005
880.805 5.2446e-005
882.2 4.59203e-005
882.3 2.75192e-005
882.4 3.34946e-005
882.6 2.11363e-005
882.65 3.36352e-005
882.8 5.2446e-005
884.2 4.59203e-005
884.3 2.75192e-005
884.4 3.34946e-005
884.6 2.11363e-005
884.65 3.36352e-005
884.8 5.2446e-005
885.205 4.59203e-005
885.305 2.75192e-005
885.405 3.34946e-005
885.605 2.11363e-005
885.655 3.36352e-005
886.2 4.59203e-005
886.3 2.75192e-005
886.4 3.34946e-005
886.6 2.11363e-005
886.65 3.36352e-005
888.2 4.59203e-005
888.3 2.75192e-005
888.4 3.34946e-005
888.6 2.11363e-005
888.65 3.36352e-005
890.2 4.59203e-005
890.205 4.59203e-005
890.3 2.75192e-005
890.305 2.75192e-005
890.4 3.34946e-005
890.405 3.34946e-005
890.6 2.11363e-005
890.605 2.11363e-005
890.65 3.36352e-005
890.655 3.36352e-005
892.2 4.59203e-005
892.3 2.75192e-005
892.4 3.34946e-005
892.6 2.11363e-005
892.65 3.36352e-005
892.8 5.2446e-005
894.2 4.59203e-005
894.3 2.75192e-005
894.4 3.34946e-005
894.6 2.11363e-005
894.65 3.36352e-005
895.305 2.75192e-005
895.405 3.34946e-005
895.605 2.11363e-005
895.655 3.36352e-005
896.2 4.59203e-005
896.3 2.75192e-005
896.4 3.34946e-005
896.6 2.11363e-005
896.65 3.36352e-005
898.3 2.75192e-005
898.4 3.34946e-005
898.6 2.11363e-005
898.65 3.36352e-005
900.2 4.59203e-005
900.205 4.59203e-005
900.3 2.75192e-005
900.305 2.75192e-005
900.4 3.34946e-005
900.405 3.34946e-005
900.6 2.11363e-005
900.605 2.11363e-005
900.65 3.36352e-005
900.655 3.36352e-005
902.2 4.59203e-005
902.3 2.75192e-005
902.4 3.34946e-005
902.6 2.11363e-005
902.65 3.36352e-005
904.3 2.75192e-005
904.4 3.34946e-005
904.6 2.11363e-005
904.65 3.36352e-005
905.205 4.59203e-005
905.305 2.75192e-005
905.405 3.34946e-005
905.605 2.11363e-005
905.655 3.36352e-005
905.805 5.2446e-005
906.3 2.75192e-005
906.4 3.34946e-005
906.6 2.11363e-005
906.65 3.36352e-005
908.2 4.59203e-005
908.3 2.75192e-005
908.4 3.34946e-005
908.6 2.11363e-005
908.65 3.36352e-005
908.8 5.2446e-005
910.2 4.59203e-005
910.3 2.75192e-005
910.305 2.75192e-005
910.4 3.34946e-005
910.405 3.34946e-005
910.6 2.11363e-005
910.605 2.11363e-005
910.65 3.36352e-005
910.655 3.36352e-005
910.8 5.2446e-005
910.805 5.2446e-005
912.3 2.75192e-005
912.4 3.34946e-005
912.6 2.11363e-005
912.65 3.36352e-005
912.8 5.2446e-005
914.2 4.59203e-005
914.3 2.75192e-005
914.4 3.34946e-005
914.6 2.11363e-005
914.65 3.36352e-005
915.205 4.59203e-005
915.305 2.75192e-005
915.405 3.34946e-005
915.605 2.11363e-005
915.655 3.36352e-005
916.2 4.59203e-005
916.3 2.75192e-005
916.4 3.34946e-005
916.6 2.11363e-005
916.65 3.36352e-005
918.2 4.59203e-005
918.3 2.75192e-005
918.4 3.34946e-005
918.6 2.11363e-005
918.65 3.36352e-005
920.2 4.59203e-005
920.205 4.59203e-005
920.3 2.75192e-005
920.305 2.75192e-005
920.4 3.34946e-005
920.405 3.34946e-005
920.6 2.11363e-005
920.605 2.11363e-005
920.65 3.36352e-005
920.655 3.36352e-005
922.3 2.75192e-005
922.4 3.34946e-005
922.6 2.11363e-005
922.65 3.36352e-005
922.8 5.2446e-005
924.2 4.59203e-005
924.3 2.75192e-005
924.4 3.34946e-005
924.6 2.11363e-005
924.65 3.36352e-005
925.205 4.59203e-005
925.305 2.75192e-005
925.405 3.34946e-005
925.605 2.11363e-005
925.655 3.36352e-005
926.3 2.75192e-005
926.4 3.34946e-005
926.6 2.11363e-005
926.65 3.36352e-005
928.3 2.75192e-005
928.4 3.34946e-005
928.6 2.11363e-005
928.65 3.36352e-005
930.2 4.59203e-005
930.205 4.59203e-005
930.3 2.75192e-005
930.305 2.75192e-005
930.4 3.34946e-005
930.405 3.34946e-005
930.6 2.11363e-005
930.605 2.11363e-005
930.65 3.36352e-005
930.655 3.36352e-005
930.805 5.2446e-005
932.2 4.59203e-005
932.3 2.75192e-005
932.4 3.34946e-005
932.6 2.11363e-005
932.65 3.36352e-005
934.2 4.59203e-005
934.3 2.75192e-005
934.4 3.34946e-005
934.6 2.11363e-005
934.65 3.36352e-005
935.305 2.75192e-005
935.405 3.34946e-005
935.605 2.11363e-005
935.655 3.36352e-005
936.3 2.75192e-005
936.4 3.34946e-005
936.6 2.11363e-005
936.65 3.36352e-005
938.2 4.59203e-005
938.3 2.75192e-005
938.4 3.34946e-005
938.6 2.11363e-005
938.65 3.36352e-005
938.8 5.2446e-005
940.2 4.59203e-005
940.205 4.59203e-005
940.3 2.75192e-005
940.305 2.75192e-005
940.4 3.34946e-005
940.405 3.34946e-005
940.6 2.11363e-005
940.605 2.11363e-005
940.65 3.36352e-005
940.655 3.36352e-005
940.805 5.2446e-005
942.2 4.59203e-005
942.3 2.75192e-005
942.4 3.34946e-005
942.6 2.11363e-005
942.65 3.36352e-005
942.8 5.2446e-005
944.2 4.59203e-005
944.3 2.75192e-005
944.4 3.34946e-005
944.6 2.11363e-005
944.65 3.36352e-005
945.205 4.59203e-005
945.305 2.75192e-005
945.405 3.34946e-005
945.605 2.11363e-005
945.655 3.36352e-005
946.2 4.59203e-005
946.3 2.75192e-005
946.4 3.34946e-005
946.6 2.11363e-005
946.65 3.36352e-005
948.3 2.75192e-005
948.4 3.34946e-005
948.6 2.11363e-005
948.65 3.36352e-005
948.8 5.2446e-005
950.2 4.59203e-005
950.205 4.59203e-005
950.3 2.75192e-005
950.305 2.75192e-005
950.4 3.34946e-005
950.405 3.34946e-005
950.6 2.11363e-005
950.605 2.11363e-005
950.65 3.36352e-005
950.655 3.36352e-005
950.805 5.2446e-005
952.2 4.59203e-005
952.3 2.75192e-005
952.4 3.34946e-005
952.6 2.11363e-005
952.65 3.36352e-005
954.2 4.59203e-005
954.3 2.75192e-005
954.4 3.34946e-005
954.6 2.11363e-005
954.65 3.36352e-005
955.205 4.59203e-005
955.305 2.75192e-005
955.405 3.34946e-005
955.605 2.11363e-005
955.655 3.36352e-005
956.2 4.59203e-005
956.3 2.75192e-005
956.4 3.34946e-005
956.6 2.11363e-005
956.65 3.36352e-005
958.2 4.59203e-005
958.3 2.75192e-005
958.4 3.34946e-005
958.6 2.11363e-005
958.65 3.36352e-005
960.2 4.59203e-005
960.205 4.59203e-005
960.3 2.75192e-005
960.305 2.75192e-005
960.4 3.34946e-005
960.405 3.34946e-005
960.6 2.11363e-005
960.605 2.11363e-005
960.65 3.36352e-005
960.655 3.36352e-005
960.805 5.2446e-005
962.2 4.59203e-005
962.3 2.75192e-005
962.4 3.34946e-005
962.6 2.11363e-005
962.65 3.36352e-005
964.3 2.75192e-005
964.4 3.34946e-005
964.6 2.11363e-005
964.65 3.36352e-005
965.305 2.75192e-005
965.405 3.34946e-005
965.605 2.11363e-005
965.655 3.36352e-005
966.2 4.59203e-005
966.3 2.75192e-005
966.4 3.34946e-005
966.6 2.11363e-005
966.65 3.36352e-005
966.8 5.2446e-005
968.2 4.59203e-005
968.3 2.75192e-005
968.4 3.34946e-005
968.6 2.11363e-005
968.65 3.36352e-005
970.2 4.59203e-005
970.205 4.59203e-005
970.3 2.75192e-005
970.305 2.75192e-005
970.4 3.34946e-005
970.405 3.34946e-005
970.6 2.11363e-005
970.605 2.11363e-005
970.65 3.36352e-005
970.655 3.36352e-005
972.3 2.75192e-005
972.4 3.34946e-005
972.6 2.11363e-005
972.65 3.36352e-005
974.3 2.75192e-005
974.4 3.34946e-005
974.6 2.11363e-005
974.65 3.36352e-005
975.205 4.59203e-005
975.305 2.75192e-005
975.405 3.34946e-005
975.605 2.11363e-005
975.655 3.36352e-005
976.2 4.59203e-005
976.3 2.75192e-005
976.4 3.34946e-005
976.6 2.11363e-005
976.65 3.36352e-005
978.2 4.59203e-005
978.3 2.75192e-005
978.4 3.34946e-005
978.6 2.11363e-005
978.65 3.36352e-005
980.2 4.59203e-005
980.205 4.59203e-005
980.3 2.75192e-005
980.305 2.75192e-005
980.4 3.34946e-005
980.405 3.34946e-005
980.6 2.11363e-005
980.605 2.11363e-005
980.65 3.36352e-005
980.655 3.36352e-005
980.8 5.2446e-005
980.805 5.2446e-005
982.2 4.59203e-005
982.3 2.75192e-005
982.4 3.34946e-005
982.6 2.11363e-005
984.2 4.59203e-005
984.3 2.75192e-005
984.4 3.34946e-005
984.6 2.11363e-005
984.65 3.36352e-005
985.205 4.59203e-005
985.305 2.75192e-005
985.405 3.34946e-005
985.605 2.11363e-005
985.655 3.36352e-005
985.805 5.2446e-005
986.3 2.75192e-005
986.4 3.34946e-005
986.6 2.11363e-005
986.65 3.36352e-005
988.2 4.59203e-005
988.3 2.75192e-005
988.4 3.34946e-005
988.6 2.11363e-005
988.65 3.36352e-005
990.2 4.59203e-005
990.205 4.59203e-005
990.3 2.75192e-005
990.305 2.75192e-005
990.4 3.34946e-005
990.405 3.34946e-005
990.6 2.11363e-005
990.605 2.11363e-005
990.65 3.36352e-005
990.655 3.36352e-005
990.8 5.2446e-005
992.2 4.59203e-005
992.3 2.75192e-005
992.4 3.34946e-005
992.6 2.11363e-005
992.65 3.36352e-005
994.2 4.59203e-005
994.3 2.75192e-005
994.4 3.34946e-005
994.6 2.11363e-005
994.65 3.36352e-005
994.8 5.2446e-005
995.205 4.59203e-005
995.305 2.75192e-005
995.405 3.34946e-005
995.605 2.11363e-005
995.655 3.36352e-005
996.3 2.75192e-005
996.4 3.34946e-005
996.6 2.11363e-005
996.65 3.36352e-005
998.3 2.75192e-005
998.4 3.34946e-005
998.6 2.11363e-005
998.65 3.36352e-005
998.8 5.2446e-005
1000.2 4.59203e-005
1000.21 4.59203e-005
1000.3 2.75192e-005
1000.31 2.75192e-005
1000.4 3.34946e-005
1000.41 3.34946e-005
1000.6 2.11363e-005
1000.61 2.11363e-005
1000.65 3.36352e-005
1000.66 3.36352e-005
1002.3 2.75192e-005
1002.4 3.34946e-005
1002.6 2.11363e-005
1002.65 3.36352e-005
1004.2 4.59203e-005
1004.3 2.75192e-005
1004.4 3.34946e-005
1004.6 2.11363e-005
1004.65 3.36352e-005
1005.21 4.59203e-005
1005.31 2.75192e-005
1005.41 3.34946e-005
1005.61 2.11363e-005
1005.66 3.36352e-005
1006.3 2.75192e-005
1006.4 3.34946e-005
1006.6 2.11363e-005
1006.65 3.36352e-005
1008.2 4.59203e-005
1008.3 2.75192e-005
1008.4 3.34946e-005
1008.6 2.11363e-005
1008.65 3.36352e-005
1010.2 4.59203e-005
1010.21 4.59203e-005
1010.3 2.75192e-005
1010.31 2.75192e-005
1010.4 3.34946e-005
1010.41 3.34946e-005
1010.6 2.11363e-005
1010.61 2.11363e-005
1010.65 3.36352e-005
1010.66 3.36352e-005
1010.81 5.2446e-005
1012.2 4.59203e-005
1012.3 2.75192e-005
1012.4 3.34946e-005
1012.6 2.11363e-005
1012.65 3.36352e-005
1012.8 5.2446e-005
1014.3 2.75192e-005
1014.4 3.34946e-005
1014.6 2.11363e-005
1014.65 3.36352e-005
1015.31 2.75192e-005
1015.41 3.34946e-005
1015.61 2.11363e-005
1015.66 3.36352e-005
1015.81 5.2446e-005
1016.2 4.59203e-005
1016.3 2.75192e-005
1016.4 3.34946e-005
1016.6 2.11363e-005
1016.65 3.36352e-005
1018.2 4.59203e-005
1018.3 2.75192e-005
1018.4 3.34946e-005
1018.6 2.11363e-005
1018.65 3.36352e-005
1020.2 4.59203e-005
1020.21 4.59203e-005
1020.3 2.75192e-005
1020.31 2.75192e-005
1020.4 3.34946e-005
1020.41 3.34946e-005
1020.6 2.11363e-005
1020.61 2.11363e-005
1020.65 3.36352e-005
1020.66 3.36352e-005
1020.81 5.2446e-005
1022.2 4.59203e-005
1022.3 2.75192e-005
1022.4 3.34946e-005
1022.6 2.11363e-005
1022.65 3.36352e-005
1024.2 4.59203e-005
1024.3 2.75192e-005
1024.4 3.34946e-005
1024.6 2.11363e-005
1024.65 3.36352e-005
1025.21 4.59203e-005
1025.31 2.75192e-005
1025.41 3.34946e-005
1025.61 2.11363e-005
1025.66 3.36352e-005
1026.2 4.59203e-005
1026.3 2.75192e-005
1026.4 3.34946e-005
1026.6 2.11363e-005
1026.65 3.36352e-005
1026.8 5.2446e-005
1028.2 4.59203e-005
1028.3 2.75192e-005
1028.4 3.34946e-005
1028.6 2.11363e-005
1028.65 3.36352e-005
1030.2 4.59203e-005
1030.21 4.59203e-005
1030.3 2.75192e-005
1030.31 2.75192e-005
1030.4 3.34946e-005
1030.41 3.34946e-005
1030.6 2.11363e-005
1030.61 2.11363e-005
1030.65 3.36352e-005
1030.66 3.36352e-005
1030.8 5.2446e-005
1030.81 5.2446e-005
1032.3 2.75192e-005
1032.4 3.34946e-005
1032.6 2.11363e-005
1032.65 3.36352e-005
1034.2 4.59203e-005
1034.3 2.75192e-005
1034.4 3.34946e-005
1034.6 2.11363e-005
1034.65 3.36352e-005
1035.31 2.75192e-005
1035.41 3.34946e-005
1035.61 2.11363e-005
1035.66 3.36352e-005
1036.2 4.59203e-005
1036.3 2.75192e-005
1036.4 3.34946e-005
1036.6 2.11363e-005
1036.65 3.36352e-005
1038.3 2.75192e-005
1038.4 3.34946e-005
1038.6 2.11363e-005
1038.65 3.36352e-005
1040.2 4.59203e-005
1040.21 4.59203e-005
1040.3 2.75192e-005
1040.31 2.75192e-005
1040.4 3.34946e-005
1040.41 3.34946e-005
1040.6 2.11363e-005
1040.61 2.11363e-005
1040.65 3.36352e-005
1040.66 3.36352e-005
1040.81 5.2446e-005
1042.3 2.75192e-005
1042.4 3.34946e-005
1042.6 2.11363e-005
1042.65 3.36352e-005
1044.2 4.59203e-005
1044.3 2.75192e-005
1044.4 3.34946e-005
1044.6 2.11363e-005
1044.65 3.36352e-005
1045.21 4.59203e-005
1045.31 2.75192e-005
1045.41 3.34946e-005
1045.61 2.11363e-005
1045.66 3.36352e-005
1046.3 2.75192e-005
1046.4 3.34946e-005
1046.6 2.11363e-005
1046.65 3.36352e-005
1048.2 4.59203e-005
1048.3 2.75192e-005
1048.4 3.34946e-005
1048.6 2.11363e-005
1048.65 3.36352e-005
1050.21 4.59203e-005
1050.3 2.75192e-005
1050.31 2.75192e-005
1050.4 3.34946e-005
1050.41 3.34946e-005
1050.6 2.11363e-005
1050.61 2.11363e-005
1050.65 3.36352e-005
1050.66 3.36352e-005
1050.8 5.2446e-005
1052.2 4.59203e-005
1052.3 2.75192e-005
1052.4 3.34946e-005
1052.6 2.11363e-005
1052.65 3.36352e-005
1054.2 4.59203e-005
1054.3 2.75192e-005
1054.4 3.34946e-005
1054.6 2.11363e-005
1054.65 3.36352e-005
1054.8 5.2446e-005
1055.21 4.59203e-005
1055.31 2.75192e-005
1055.41 3.34946e-005
1055.61 2.11363e-005
1055.66 3.36352e-005
1055.81 5.2446e-005
1056.3 2.75192e-005
1056.4 3.34946e-005
1056.6 2.11363e-005
1056.65 3.36352e-005
1058.2 4.59203e-005
1058.3 2.75192e-005
1058.4 3.34946e-005
1058.6 2.11363e-005
1058.65 3.36352e-005
1060.2 4.59203e-005
1060.21 4.59203e-005
1060.3 2.75192e-005
1060.31 2.75192e-005
1060.4 3.34946e-005
1060.41 3.34946e-005
1060.6 2.11363e-005
1060.61 2.11363e-005
1060.65 3.36352e-005
1060.66 3.36352e-005
1062.3 2.75192e-005
1062.4 3.34946e-005
1062.6 2.11363e-005
1062.65 3.36352e-005
1064.2 4.59203e-005
1064.3 2.75192e-005
1064.4 3.34946e-005
1064.6 2.11363e-005
1064.65 3.36352e-005
1065.31 2.75192e-005
1065.41 3.34946e-005
1065.61 2.11363e-005
1065.66 3.36352e-005
1065.81 5.2446e-005
1066.2 4.59203e-005
1066.3 2.75192e-005
1066.4 3.34946e-005
1066.6 2.11363e-005
1066.65 3.36352e-005
1068.2 4.59203e-005
1068.3 2.75192e-005
1068.4 3.34946e-005
1068.6 2.11363e-005
1068.65 3.36352e-005
1070.2 4.59203e-005
1070.21 4.59203e-005
1070.3 2.75192e-005
1070.31 2.75192e-005
1070.4 3.34946e-005
1070.41 3.34946e-005
1070.6 2.11363e-005
1070.61 2.11363e-005
1070.65 3.36352e-005
1070.66 3.36352e-005
1072.3 2.75192e-005
1072.4 3.34946e-005
1072.6 2.11363e-005
1072.65 3.36352e-005
1072.8 5.2446e-005
1074.2 4.59203e-005
1074.3 2.75192e-005
1074.4 3.34946e-005
1074.6 2.11363e-005
1074.65 3.36352e-005
1075.21 4.59203e-005
1075.31 2.75192e-005
1075.41 3.34946e-005
1075.61 2.11363e-005
1075.66 3.36352e-005
1075.81 5.2446e-005
1076.2 4.59203e-005
1076.3 2.75192e-005
1076.4 3.34946e-005
1076.6 2.11363e-005
1076.65 3.36352e-005
1078.2 4.59203e-005
1078.3 2.75192e-005
1078.4 3.34946e-005
1078.6 2.11363e-005
1078.65 3.36352e-005
1078.8 5.2446e-005
1080.21 4.59203e-005
1080.3 2.75192e-005
1080.31 2.75192e-005
1080.4 3.34946e-005
1080.41 3.34946e-005
1080.6 2.11363e-005
1080.61 2.11363e-005
1080.65 3.36352e-005
1080.66 3.36352e-005
1082.2 4.59203e-005
1082.3 2.75192e-005
1082.4 3.34946e-005
1082.6 2.11363e-005
1082.65 3.36352e-005
1084.2 4.59203e-005
1084.3 2.75192e-005
1084.4 3.34946e-005
1084.6 2.11363e-005
1084.65 3.36352e-005
1085.21 4.59203e-005
1085.31 2.75192e-005
1085.41 3.34946e-005
1085.61 2.11363e-005
1085.66 3.36352e-005
1086.2 4.59203e-005
1086.3 2.75192e-005
1086.4 3.34946e-005
1086.6 2.11363e-005
1086.65 3.36352e-005
1088.2 4.59203e-005
1088.3 2.75192e-005
1088.4 3.34946e-005
1088.6 2.11363e-005
1088.65 3.36352e-005
1090.2 4.59203e-005
1090.21 4.59203e-005
1090.3 2.75192e-005
1090.31 2.75192e-005
1090.4 3.34946e-005
1090.41 3.34946e-005
1090.6 2.11363e-005
1090.61 2.11363e-005
1090.65 3.36352e-005
1090.66 3.36352e-005
1090.81 5.2446e-005
1092.2 4.59203e-005
1092.3 2.75192e-005
1092.4 3.34946e-005
1092.6 2.11363e-005
1092.65 3.36352e-005
1094.2 4.59203e-005
1094.3 2.75192e-005
1094.4 3.34946e-005
1094.6 2.11363e-005
1094.65 3.36352e-005
1094.8 5.2446e-005
1095.21 4.59203e-005
1095.31 2.75192e-005
1095.41 3.34946e-005
1095.61 2.11363e-005
1095.66 3.36352e-005
1095.81 5.2446e-005
1096.2 4.59203e-005
1096.3 2.75192e-005
1096.6 2.11363e-005
1096.65 3.36352e-005
1098.3 2.75192e-005
1098.4 3.34946e-005
1098.6 2.11363e-005
1098.65 3.36352e-005
1098.8 5.2446e-005
1100.2 4.59203e-005
1100.21 4.59203e-005
1100.3 2.75192e-005
1100.31 2.75192e-005
1100.4 3.34946e-005
1100.41 3.34946e-005
1100.6 2.11363e-005
1100.61 2.11363e-005
1100.65 3.36352e-005
1100.66 3.36352e-005
1100.81 5.2446e-005
1102.2 4.59203e-005
1102.3 2.75192e-005
1102.4 3.34946e-005
1102.6 2.11363e-005
1102.65 3.36352e-005
1104.2 4.59203e-005
1104.3 2.75192e-005
1104.4 3.34946e-005
1104.6 2.11363e-005
1104.65 3.36352e-005
1105.31 2.75192e-005
1105.41 3.34946e-005
1105.61 2.11363e-005
1105.66 3.36352e-005
1106.2 4.59203e-005
1106.3 2.75192e-005
1106.4 3.34946e-005
1106.6 2.11363e-005
1106.65 3.36352e-005
1108.2 4.59203e-005
1108.3 2.75192e-005
1108.4 3.34946e-005
1108.6 2.11363e-005
1108.65 3.36352e-005
1110.2 4.59203e-005
1110.21 4.59203e-005
1110.3 2.75192e-005
1110.31 2.75192e-005
1110.4 3.34946e-005
1110.41 3.34946e-005
1110.6 2.11363e-005
1110.61 2.11363e-005
1110.65 3.36352e-005
1110.66 3.36352e-005
1110.81 5.2446e-005
1112.3 2.75192e-005
1112.4 3.34946e-005
1112.6 2.11363e-005
1112.65 3.36352e-005
1114.2 4.59203e-005
1114.3 2.75192e-005
1114.4 3.34946e-005
1114.6 2.11363e-005
1114.65 3.36352e-005
1115.31 2.75192e-005
1115.41 3.34946e-005
1115.61 2.11363e-005
1115.66 3.36352e-005
1116.2 4.59203e-005
1116.3 2.75192e-005
1116.4 3.34946e-005
1116.6 2.11363e-005
1116.65 3.36352e-005
1118.2 4.59203e-005
1118.3 2.75192e-005
1118.4 3.34946e-005
1118.6 2.11363e-005
1118.65 3.36352e-005
1120.21 4.59203e-005
1120.3 2.75192e-005
1120.31 2.75192e-005
1120.4 3.34946e-005
1120.41 3.34946e-005
1120.6 2.11363e-005
1120.61 2.11363e-005
1120.65 3.36352e-005
1120.66 3.36352e-005
1122.3 2.75192e-005
1122.4 3.34946e-005
1122.6 2.11363e-005
1122.65 3.36352e-005
1124.3 2.75192e-005
1124.4 3.34946e-005
1124.6 2.11363e-005
1124.65 3.36352e-005
1124.8 5.2446e-005
1125.21 4.59203e-005
1125.31 2.75192e-005
1125.41 3.34946e-005
1125.61 2.11363e-005
1125.66 3.36352e-005
1125.81 5.2446e-005
1126.2 4.59203e-005
1126.3 2.75192e-005
1126.4 3.34946e-005
1126.6 2.11363e-005
1126.65 3.36352e-005
1128.2 4.59203e-005
1128.3 2.75192e-005
1128.4 3.34946e-005
1128.6 2.11363e-005
1128.65 3.36352e-005
1130.21 4.59203e-005
1130.3 2.75192e-005
1130.31 2.75192e-005
1130.4 3.34946e-005
1130.41 3.34946e-005
1130.6 2.11363e-005
1130.61 2.11363e-005
1130.65 3.36352e-005
1130.66 3.36352e-005
1130.81 5.2446e-005
1132.3 2.75192e-005
1132.4 3.34946e-005
1132.6 2.11363e-005
1132.65 3.36352e-005
1134.2 4.59203e-005
1134.3 2.75192e-005
1134.4 3.34946e-005
1134.6 2.11363e-005
1134.65 3.36352e-005
1135.21 4.59203e-005
1135.31 2.75192e-005
1135.41 3.34946e-005
1135.61 2.11363e-005
1135.66 3.36352e-005
1136.3 2.75192e-005
1136.4 3.34946e-005
1136.6 2.11363e-005
1136.65 3.36352e-005
1138.3 2.75192e-005
1138.4 3.34946e-005
1138.6 2.11363e-005
1138.65 3.36352e-005
1138.8 5.2446e-005
1140.2 4.59203e-005
1140.21 4.59203e-005
1140.3 2.75192e-005
1140.31 2.75192e-005
1140.4 3.34946e-005
1140.41 3.34946e-005
1140.6 2.11363e-005
1140.61 2.11363e-005
1140.65 3.36352e-005
1140.66 3.36352e-005
1142.3 2.75192e-005
1142.4 3.34946e-005
1142.6 2.11363e-005
1142.65 3.36352e-005
1144.2 4.59203e-005
1144.3 2.75192e-005
1144.4 3.34946e-005
1144.6 2.11363e-005
1144.65 3.36352e-005
1145.31 2.75192e-005
1145.41 3.34946e-005
1145.61 2.11363e-005
1145.66 3.36352e-005
1146.2 4.59203e-005
1146.3 2.75192e-005
1146.4 3.34946e-005
1146.6 2.11363e-005
1146.65 3.36352e-005
1148.2 4.59203e-005
1148.3 2.75192e-005
1148.4 3.34946e-005
1148.6 2.11363e-005
1148.65 3.36352e-005
1150.21 4.59203e-005
1150.3 2.75192e-005
1150.31 2.75192e-005
1150.4 3.34946e-005
1150.41 3.34946e-005
1150.6 2.11363e-005
1150.61 2.11363e-005
1150.65 3.36352e-005
1150.66 3.36352e-005
1152.2 4.59203e-005
1152.3 2.75192e-005
1152.4 3.34946e-005
1152.6 2.11363e-005
1152.65 3.36352e-005
1152.8 5.2446e-005
1154.3 2.75192e-005
1154.4 3.34946e-005
1154.6 2.11363e-005
1154.65 3.36352e-005
1155.21 4.59203e-005
1155.31 2.75192e-005
1155.41 3.34946e-005
1155.61 2.11363e-005
1155.66 3.36352e-005
1155.81 5.2446e-005
1156.3 2.75192e-005
1156.4 3.34946e-005
1156.6 2.11363e-005
1156.65 3.36352e-005
1158.2 4.59203e-005
1158.3 2.75192e-005
1158.4 3.34946e-005
1158.6 2.11363e-005
1158.65 3.36352e-005
1160.2 4.59203e-005
1160.21 4.59203e-005
1160.3 2.75192e-005
1160.31 2.75192e-005
1160.4 3.34946e-005
1160.41 3.34946e-005
1160.6 2.11363e-005
1160.61 2.11363e-005
1160.65 3.36352e-005
1160.66 3.36352e-005
1160.81 5.2446e-005
1162.3 2.75192e-005
1162.4 3.34946e-005
1162.6 2.11363e-005
1162.65 3.36352e-005
1164.2 4.59203e-005
1164.3 2.75192e-005
1164.4 3.34946e-005
1164.6 2.11363e-005
1164.65 3.36352e-005
1165.21 4.59203e-005
1165.31 2.75192e-005
1165.41 3.34946e-005
1165.61 2.11363e-005
1165.66 3.36352e-005
1166.2 4.59203e-005
1166.3 2.75192e-005
1166.4 3.34946e-005
1166.6 2.11363e-005
1166.65 3.36352e-005
1168.2 4.59203e-005
1168.3 2.75192e-005
1168.4 3.34946e-005
1168.6 2.11363e-005
1168.65 3.36352e-005
1170.2 4.59203e-005
1170.21 4.59203e-005
1170.3 2.75192e-005
1170.31 2.75192e-005
1170.4 3.34946e-005
1170.41 3.34946e-005
1170.6 2.11363e-005
1170.61 2.11363e-005
1170.65 3.36352e-005
1170.66 3.36352e-005
1172.3 2.75192e-005
1172.4 3.34946e-005
1172.6 2.11363e-005
1172.65 3.36352e-005
1174.2 4.59203e-005
1174.3 2.75192e-005
1174.4 3.34946e-005
1174.6 2.11363e-005
1174.65 3.36352e-005
1175.21 4.59203e-005
1175.31 2.75192e-005
1175.41 3.34946e-005
1175.61 2.11363e-005
1175.66 3.36352e-005
1176.2 4.59203e-005
1176.3 2.75192e-005
1176.4 3.34946e-005
1176.6 2.11363e-005
1176.65 3.36352e-005
1178.3 2.75192e-005
1178.4 3.34946e-005
1178.6 2.11363e-005
1178.65 3.36352e-005
1180.21 4.59203e-005
1180.3 2.75192e-005
1180.31 2.75192e-005
1180.4 3.34946e-005
1180.41 3.34946e-005
1180.6 2.11363e-005
1180.61 2.11363e-005
1180.65 3.36352e-005
1180.66 3.36352e-005
1180.81 5.2446e-005
1182.2 4.59203e-005
1182.3 2.75192e-005
1182.4 3.34946e-005
1182.6 2.11363e-005
1182.65 3.36352e-005
1184.2 4.59203e-005
1184.3 2.75192e-005
1184.4 3.34946e-005
1184.6 2.11363e-005
1184.65 3.36352e-005
1185.21 4.59203e-005
1185.31 2.75192e-005
1185.41 3.34946e-005
1185.61 2.11363e-005
1185.66 3.36352e-005
1186.3 2.75192e-005
1186.4 3.34946e-005
1186.6 2.11363e-005
1186.65 3.36352e-005
1188.2 4.59203e-005
1188.3 2.75192e-005
1188.4 3.34946e-005
1188.6 2.11363e-005
1188.65 3.36352e-005
1190.2 4.59203e-005
1190.21 4.59203e-005
1190.3 2.75192e-005
1190.31 2.75192e-005
1190.4 3.34946e-005
1190.41 3.34946e-005
1190.6 2.11363e-005
1190.61 2.11363e-005
1190.65 3.36352e-005
1190.66 3.36352e-005
1192.2 4.59203e-005
1192.3 2.75192e-005
1192.4 3.34946e-005
1192.6 2.11363e-005
1192.65 3.36352e-005
1194.3 2.75192e-005
1194.4 3.34946e-005
1194.6 2.11363e-005
1194.65 3.36352e-005
1194.8 5.2446e-005
1195.21 4.59203e-005
1195.31 2.75192e-005
1195.41 3.34946e-005
1195.61 2.11363e-005
1195.66 3.36352e-005
1196.3 2.75192e-005
1196.4 3.34946e-005
1196.6 2.11363e-005
1196.65 3.36352e-005
1198.2 4.59203e-005
1198.3 2.75192e-005
1198.4 3.34946e-005
1198.6 2.11363e-005
1198.65 3.36352e-005
1198.8 5.2446e-005
