0.200045 3.66662e-005
0.205038 3.66675e-005
0.250055 4.67363e-005
0.255048 4.67627e-005
0.400042 3.41025e-005
0.405035 3.41057e-005
0.500039 2.96809e-005
0.505031 2.96791e-005
0.650048 3.56373e-005
0.655037 3.56367e-005
0.700034 2.48115e-005
0.705026 2.48076e-005
0.750035 2.5016e-005
0.755026 2.50006e-005
2.20006 3.79123e-005
2.40005 3.57597e-005
2.50004 2.9085e-005
2.65005 3.57285e-005
2.70004 2.32821e-005
2.75004 2.29666e-005
2.95006 5.31808e-005
4.20006 4.04463e-005
4.40005 3.81238e-005
4.50004 2.87195e-005
4.65006 3.64614e-005
4.70004 2.1827e-005
4.75004 2.9173e-005
4.95006 4.8859e-005
5.20505 4.21373e-005
5.40505 3.95402e-005
5.50503 2.86258e-005
5.65504 3.70612e-005
5.70503 2.11287e-005
5.75504 3.42484e-005
5.90505 5.0149e-005
5.95505 4.67297e-005
6.40008 4.10729e-005
6.50005 2.85931e-005
6.65011 3.77986e-005
6.70005 2.0462e-005
6.75006 3.99575e-005
6.90011 4.80589e-005
6.95005 4.46547e-005
8.20008 4.8476e-005
8.40009 4.44909e-005
8.50005 2.87091e-005
8.65006 3.96791e-005
8.70007 1.92065e-005
8.90006 4.47452e-005
8.95005 4.06042e-005
10.2001 5.16802e-005
10.4001 4.76966e-005
10.4051 4.76993e-005
10.5 2.66492e-005
10.505 2.66263e-005
10.6551 4.34342e-005
10.7 1.82397e-005
10.705 1.82407e-005
10.9001 4.77431e-005
10.9051 4.7769e-005
10.9501 4.4051e-005
10.955 4.40802e-005
12.2001 3.93866e-005
12.5 1.76974e-005
12.6501 5.06074e-005
12.7 2.13536e-005
12.7501 3.88023e-005
14.2001 3.01545e-005
14.5 1.00529e-005
14.7 2.82153e-005
14.75 2.67406e-005
15.205 2.76938e-005
15.505 8.01473e-006
15.705 3.23862e-005
15.755 2.39933e-005
16.2001 2.72909e-005
16.5 8.58809e-006
16.7001 3.6784e-005
16.75 2.46494e-005
18.2001 3.2524e-005
18.5001 1.52082e-005
18.7001 4.61178e-005
18.7501 3.43981e-005
20.2001 4.18181e-005
20.205 4.18193e-005
20.5 1.90029e-005
20.505 1.89761e-005
20.7501 4.0467e-005
20.755 4.04471e-005
22.5001 8.23452e-006
22.7001 3.34996e-005
22.7501 3.26171e-005
24.5 2.6003e-006
24.7 2.12844e-005
24.75 2.5184e-005
25.4051 4.5569e-005
25.505 7.98481e-006
25.705 1.69767e-005
25.755 2.17418e-005
25.8551 5.18124e-005
25.9551 4.9684e-005
26.4001 4.30456e-005
26.5 1.33401e-005
26.7001 1.54273e-005
26.75 1.86712e-005
26.8501 4.62174e-005
26.9501 4.16899e-005
28.4001 3.79896e-005
28.5 2.41124e-005
28.7001 2.18436e-005
28.7501 1.43884e-005
28.8501 3.55734e-005
28.95 2.66669e-005
30.4001 3.26019e-005
30.405 3.25851e-005
30.5 3.35003e-005
30.505 3.35134e-005
30.7001 2.68429e-005
30.705 2.68244e-005
30.75 1.51605e-005
30.755 1.51719e-005
30.8501 3.323e-005
30.855 3.32509e-005
30.9501 2.67659e-005
30.955 2.68004e-005
32.2501 5.00557e-005
32.4001 2.59145e-005
32.5001 3.87715e-005
32.7001 2.10786e-005
32.75 2.15813e-005
32.8501 4.34582e-005
34.2501 4.64866e-005
34.4 1.9604e-005
34.5001 4.40926e-005
34.6501 4.47198e-005
34.7 2.04288e-005
34.75 2.99464e-005
35.2551 4.47407e-005
35.405 1.67112e-005
35.5051 4.678e-005
35.6551 4.04163e-005
35.7051 2.23133e-005
35.755 3.44535e-005
35.9051 5.05095e-005
36.4001 1.41825e-005
36.5001 4.94476e-005
36.6501 3.61634e-005
36.7 2.52909e-005
36.7501 3.9025e-005
36.9001 5.03213e-005
38.2001 4.96237e-005
38.2501 3.97762e-005
38.3501 4.53058e-005
38.4 1.10476e-005
38.6001 3.39577e-005
38.65 2.7653e-005
38.7 3.33345e-005
38.7501 4.84173e-005
40.2001 4.15247e-005
40.205 4.15195e-005
40.2501 3.73216e-005
40.255 3.73264e-005
40.3501 3.93703e-005
40.4 1.0627e-005
40.405 1.06156e-005
40.6001 2.6996e-005
40.605 2.69974e-005
40.6501 2.10411e-005
40.655 2.10344e-005
40.7001 3.73436e-005
40.705 3.73292e-005
40.7501 5.25016e-005
40.8001 5.21199e-005
40.8051 5.21316e-005
42.2001 3.95353e-005
42.2501 3.94592e-005
42.3501 4.1404e-005
42.4001 6.72342e-006
42.6001 2.76306e-005
42.6501 1.87882e-005
42.7 3.17361e-005
42.7501 4.86592e-005
44.2001 3.78333e-005
44.2501 4.19563e-005
44.3501 4.358e-005
44.4 6.13902e-006
44.6001 2.83947e-005
44.65 1.76506e-005
44.7001 2.66407e-005
44.7501 4.67997e-005
45.2051 3.70992e-005
45.2551 4.33276e-005
45.3551 4.47207e-005
45.405 7.526e-006
45.6051 2.88244e-005
45.6551 1.75765e-005
45.705 2.43763e-005
45.7551 4.66984e-005
46.2001 3.64588e-005
46.4001 9.50703e-006
46.6001 2.92782e-005
46.65 1.78426e-005
46.7 2.24096e-005
46.7501 4.71582e-005
48.2001 3.54501e-005
48.3501 4.82808e-005
48.4 1.4258e-005
48.6001 3.02706e-005
48.65 1.93249e-005
48.7 1.96103e-005
50.2001 3.45271e-005
50.205 3.45183e-005
50.2551 5.07722e-005
50.3501 4.86052e-005
50.3551 4.85812e-005
50.4001 1.85812e-005
50.405 1.85841e-005
50.6001 3.06012e-005
50.605 3.05977e-005
50.6501 1.73716e-005
50.655 1.73444e-005
50.7001 1.60098e-005
50.705 1.59908e-005
50.7551 5.12919e-005
50.8551 5.00336e-005
50.9551 5.33056e-005
52.2001 3.1351e-005
52.3501 4.02697e-005
52.4001 1.99925e-005
52.6001 2.91918e-005
52.6501 6.55058e-006
52.7 1.11089e-005
52.7501 5.17211e-005
52.8501 4.9171e-005
54.2001 2.89897e-005
54.3501 3.57837e-005
54.4001 2.18118e-005
54.6 2.7785e-005
54.65 5.06319e-006
54.7 1.47266e-005
54.8501 4.99919e-005
55.205 2.8178e-005
55.3551 3.5495e-005
55.405 2.28503e-005
55.5051 5.10767e-005
55.6051 2.7079e-005
55.655 1.03997e-005
55.7051 1.86897e-005
55.8551 5.10225e-005
56.1501 4.55097e-005
56.2001 2.76524e-005
56.3501 3.65915e-005
56.4001 2.39464e-005
56.5001 4.91097e-005
56.6001 2.63809e-005
56.65 1.58096e-005
56.7001 2.31673e-005
58.15 3.29241e-005
58.2001 2.74891e-005
58.3501 4.23915e-005
58.4 2.63196e-005
58.5001 4.66046e-005
58.6001 2.49801e-005
58.65 2.67552e-005
58.7001 3.29082e-005
60.15 2.35187e-005
60.155 2.35437e-005
60.2001 2.89878e-005
60.205 2.90036e-005
60.3551 4.90614e-005
60.4 2.76545e-005
60.405 2.76459e-005
60.5001 4.65113e-005
60.5051 4.65152e-005
60.6001 2.36786e-005
60.605 2.36759e-005
60.6501 3.09091e-005
60.655 3.08842e-005
60.7001 3.87939e-005
60.705 3.8789e-005
62.1501 3.35724e-005
62.2001 3.63037e-005
62.4 2.42604e-005
62.5001 4.83698e-005
62.6001 2.26116e-005
62.65 2.09478e-005
62.7001 3.69797e-005
64.4 2.10526e-005
64.5001 5.07909e-005
64.6 2.15629e-005
64.65 1.11738e-005
64.7001 3.545e-005
65.1551 4.86852e-005
65.2051 4.94848e-005
65.405 1.95402e-005
65.605 2.10437e-005
65.655 6.60114e-006
65.7051 3.48009e-005
66.4001 1.81303e-005
66.6001 2.05352e-005
66.6501 3.6744e-006
66.7001 3.42432e-005
68.4001 1.56545e-005
68.6 1.95319e-005
68.65 1.0235e-005
68.7001 3.33941e-005
68.8001 4.05425e-005
68.8501 5.2794e-005
68.9001 4.83929e-005
70.4 1.35778e-005
70.405 1.35713e-005
70.6001 1.97589e-005
70.605 1.97665e-005
70.65 1.81335e-005
70.655 1.81475e-005
70.7001 3.1769e-005
70.705 3.17599e-005
70.8001 4.15681e-005
70.805 4.16039e-005
70.9001 4.60004e-005
70.905 4.6027e-005
72.4001 1.28211e-005
72.5001 4.76905e-005
72.6001 2.29296e-005
72.6501 2.65603e-005
72.7001 2.81788e-005
74.4 1.56359e-005
74.5001 3.8874e-005
74.6 2.6242e-005
74.6501 3.77875e-005
74.7 2.47132e-005
74.7501 4.64495e-005
75.255 4.77014e-005
75.405 1.79585e-005
75.505 3.49145e-005
75.605 2.79443e-005
75.6551 4.38345e-005
75.705 2.30366e-005
75.755 3.89469e-005
76.2001 4.37512e-005
76.2501 3.93283e-005
76.4001 2.06072e-005
76.5001 3.14634e-005
76.6001 2.96489e-005
76.6501 4.99617e-005
76.7001 2.14328e-005
76.75 3.28017e-005
78.1501 5.14159e-005
78.2001 3.44762e-005
78.2501 2.3575e-005
78.4001 2.65502e-005
78.5001 2.66584e-005
78.6001 3.31209e-005
78.7 1.84366e-005
78.75 2.77827e-005
80.1001 4.59032e-005
80.1051 4.59497e-005
80.1551 4.77384e-005
80.2001 2.74029e-005
80.205 2.74329e-005
80.25 1.52117e-005
80.255 1.52279e-005
80.4001 3.0497e-005
80.405 3.04842e-005
80.5001 2.45734e-005
80.505 2.45656e-005
80.6001 3.63714e-005
80.605 3.6378e-005
80.7001 1.75817e-005
80.705 1.75885e-005
80.75 2.7713e-005
80.755 2.76896e-005
82.2001 3.95441e-005
82.2501 2.22684e-005
82.3501 4.63462e-005
82.4001 2.86684e-005
82.5 2.68859e-005
82.6001 3.90099e-005
82.7001 2.09225e-005
82.75 1.84396e-005
84.25 2.99175e-005
84.3501 4.0809e-005
84.4001 3.35525e-005
84.5001 3.73035e-005
84.6001 4.16488e-005
84.7 2.51219e-005
84.75 9.94202e-006
84.8501 4.67621e-005
85.255 3.38599e-005
85.355 3.97209e-005
85.4051 3.78687e-005
85.505 4.39896e-005
85.6051 4.2975e-005
85.6551 4.80937e-005
85.7051 2.74355e-005
85.755 6.94088e-006
85.855 3.81886e-005
85.9051 4.76427e-005
86.2501 3.78014e-005
86.3501 3.9913e-005
86.4001 4.29157e-005
86.5001 5.10877e-005
86.6001 4.42882e-005
86.7001 2.98194e-005
86.75 6.66942e-006
86.8501 3.02291e-005
86.9001 3.94217e-005
88.2501 4.57988e-005
88.3501 4.39429e-005
88.6501 4.12274e-005
88.7001 3.4814e-005
88.75 1.33016e-005
88.8501 1.8723e-005
88.9 2.29147e-005
90.2551 5.31968e-005
90.3551 5.03243e-005
90.6001 4.73808e-005
90.6051 4.73694e-005
90.6501 3.77982e-005
90.655 3.7781e-005
90.7001 3.6802e-005
90.705 3.67924e-005
90.75 2.04111e-005
90.755 2.04254e-005
90.8501 1.71411e-005
90.855 1.71338e-005
90.9001 1.81512e-005
90.905 1.8175e-005
92.6001 4.31152e-005
92.6501 3.22127e-005
92.7001 3.29361e-005
92.75 2.88479e-005
92.85 1.58762e-005
92.9 2.77647e-005
94.4001 4.07302e-005
94.6001 3.95846e-005
94.65 3.02668e-005
94.7 2.91231e-005
94.7501 4.01457e-005
94.85 1.81844e-005
94.9001 3.743e-005
95.2051 5.08092e-005
95.4051 3.62474e-005
95.6051 3.81537e-005
95.655 3.09308e-005
95.705 2.72341e-005
95.7551 4.62679e-005
95.855 2.03868e-005
95.9051 4.22952e-005
96.4001 3.24936e-005
96.6001 3.69995e-005
96.6501 3.26186e-005
96.7001 2.53868e-005
96.7501 5.24884e-005
96.8501 2.30147e-005
96.9001 4.71151e-005
98.2001 3.0808e-005
98.4 2.80861e-005
98.6001 3.55671e-005
98.6501 3.84881e-005
98.7 2.1767e-005
98.8501 2.91386e-005
100.055 5.27895e-005
100.2 1.98967e-005
100.205 1.98935e-005
100.3 3.44695e-005
100.305 3.44969e-005
100.4 2.71229e-005
100.405 2.71048e-005
100.5 4.49766e-005
100.505 4.49713e-005
100.6 3.77703e-005
100.605 3.77906e-005
100.65 4.44416e-005
100.655 4.44469e-005
100.7 2.27509e-005
100.705 2.27758e-005
100.85 4.02021e-005
100.855 4.02445e-005
102.2 1.90945e-005
102.4 1.98262e-005
102.5 4.2882e-005
102.7 3.40147e-005
102.75 4.98332e-005
104.2 1.92856e-005
104.25 4.71363e-005
104.35 4.28854e-005
104.4 1.26221e-005
104.5 4.08673e-005
104.65 4.91858e-005
104.7 4.65129e-005
104.75 3.47255e-005
105.205 1.97533e-005
105.255 4.17629e-005
105.355 3.84665e-005
105.405 9.10634e-006
105.505 3.98889e-005
105.655 5.0514e-005
105.755 2.8803e-005
106.2 2.0442e-005
106.25 3.65117e-005
106.35 3.44692e-005
106.4 5.86152e-006
106.5 3.89449e-005
106.75 2.51429e-005
108.2 2.24148e-005
108.25 2.63299e-005
108.35 2.82102e-005
108.4 4.26683e-006
108.5 3.71292e-005
108.75 2.7609e-005
110.2 2.47103e-005
110.205 2.47104e-005
110.25 1.79164e-005
110.255 1.79089e-005
110.35 2.68814e-005
110.355 2.68973e-005
110.4 8.87302e-006
110.405 8.87461e-006
110.5 3.53965e-005
110.505 3.53933e-005
110.75 3.14793e-005
110.755 3.14583e-005
112.2 2.6803e-005
112.25 2.01187e-005
112.35 3.4586e-005
112.4 1.63132e-005
112.5 3.6207e-005
112.65 5.24615e-005
112.75 2.31153e-005
114.2 3.22341e-005
114.25 2.95494e-005
114.35 4.39803e-005
114.4 2.84005e-005
114.5 4.08332e-005
114.75 1.50999e-005
115.205 3.57841e-005
115.255 3.54081e-005
115.355 4.90407e-005
115.405 3.48061e-005
115.505 4.42615e-005
115.705 4.58795e-005
115.755 1.14382e-005
115.955 5.10638e-005
116.2 3.96551e-005
116.25 4.15477e-005
116.4 4.1233e-005
116.5 4.81884e-005
116.7 4.01773e-005
116.75 8.48623e-006
116.95 4.2009e-005
118.2 4.81542e-005
118.7 2.98718e-005
118.75 8.14531e-006
118.95 2.57211e-005
120.7 2.29028e-005
120.705 2.28899e-005
120.75 1.29575e-005
120.755 1.29661e-005
120.95 1.61297e-005
120.955 1.61108e-005
122.7 1.80268e-005
122.75 1.7078e-005
122.95 1.06664e-005
124.7 1.4213e-005
124.75 2.19971e-005
124.95 1.27703e-005
125.505 4.21941e-005
125.705 1.30053e-005
125.755 2.46232e-005
125.955 1.61782e-005
126.5 3.83309e-005
126.7 1.2476e-005
126.75 2.72863e-005
126.95 2.02013e-005
128.5 3.09603e-005
128.7 1.36344e-005
128.75 3.2767e-005
128.95 2.91343e-005
130.5 2.6501e-005
130.505 2.65063e-005
130.7 1.76241e-005
130.705 1.76379e-005
130.75 3.43103e-005
130.755 3.42981e-005
130.95 3.24198e-005
130.955 3.24147e-005
132.5 2.91071e-005
132.7 2.33136e-005
132.75 3.02046e-005
132.95 3.33146e-005
134.5 3.24847e-005
134.7 2.91672e-005
134.75 2.81659e-005
134.95 3.94361e-005
135.505 3.44038e-005
135.705 3.21424e-005
135.755 2.80819e-005
135.955 4.38738e-005
136.5 3.64199e-005
136.7 3.5103e-005
136.75 2.86391e-005
138.5 4.07513e-005
138.7 4.10853e-005
138.75 3.15112e-005
138.85 5.2057e-005
140.5 4.5306e-005
140.505 4.53178e-005
140.705 4.25563e-005
140.75 3.38147e-005
140.755 3.38123e-005
140.85 5.25269e-005
140.855 5.25328e-005
142.5 5.10602e-005
142.7 3.57952e-005
142.75 3.36355e-005
144.7 2.93039e-005
144.75 3.49876e-005
144.9 4.23197e-005
144.95 4.73384e-005
145.705 2.6218e-005
145.755 3.61987e-005
145.905 3.62143e-005
145.955 4.38905e-005
146.7 2.33402e-005
146.75 3.77067e-005
146.9 3.02103e-005
146.95 4.06954e-005
148.7 1.84239e-005
148.75 4.15252e-005
148.9 1.84253e-005
148.95 3.51678e-005
150.7 1.88891e-005
150.705 1.89087e-005
150.75 4.04751e-005
150.755 4.04495e-005
150.9 1.64714e-005
150.905 1.6503e-005
150.95 3.38805e-005
150.955 3.38907e-005
152.7 2.7342e-005
152.75 3.0405e-005
152.9 3.2265e-005
152.95 4.1447e-005
154.4 3.47873e-005
154.5 4.67692e-005
154.65 4.45057e-005
154.7 3.64075e-005
154.75 2.11292e-005
154.85 4.64144e-005
154.9 5.01379e-005
155.205 4.8576e-005
155.405 3.04373e-005
155.505 3.86666e-005
155.655 4.24268e-005
155.705 4.10676e-005
155.755 1.71823e-005
155.855 4.53958e-005
156.2 4.53172e-005
156.25 4.04896e-005
156.4 2.64664e-005
156.5 3.06445e-005
156.65 4.30602e-005
156.75 1.42889e-005
156.85 4.62168e-005
158.2 4.07929e-005
158.25 2.97965e-005
158.4 2.02911e-005
158.5 1.45208e-005
158.65 5.16192e-005
158.75 1.4059e-005
160.2 3.9407e-005
160.205 3.94014e-005
160.25 2.24962e-005
160.255 2.24843e-005
160.4 1.94668e-005
160.405 1.94797e-005
160.5 4.85392e-006
160.505 4.882e-006
160.75 2.0513e-005
160.755 2.05341e-005
162.15 5.28658e-005
162.2 3.71446e-005
162.25 1.79071e-005
162.4 2.46746e-005
162.5 1.69717e-005
162.75 3.04885e-005
164.2 3.48829e-005
164.25 1.38446e-005
164.4 2.99275e-005
164.5 2.9378e-005
164.6 4.19326e-005
164.75 4.19696e-005
165.155 5.31633e-005
165.205 3.37468e-005
165.255 1.21719e-005
165.355 4.97227e-005
165.405 3.25773e-005
165.505 3.56265e-005
165.655 4.79459e-005
165.755 4.79735e-005
166.2 3.26222e-005
166.25 1.09136e-005
166.4 3.52054e-005
166.5 4.18169e-005
166.6 3.50155e-005
166.65 4.64383e-005
168.2 3.03626e-005
168.25 1.01473e-005
168.35 4.23888e-005
168.4 4.04984e-005
168.6 2.81922e-005
168.65 4.44009e-005
170.2 2.80372e-005
170.205 2.80312e-005
170.25 1.29211e-005
170.255 1.29485e-005
170.35 3.68956e-005
170.355 3.68694e-005
170.4 4.21493e-005
170.405 4.21175e-005
170.6 2.16158e-005
170.605 2.16021e-005
170.65 4.15714e-005
170.655 4.1554e-005
172.2 3.05298e-005
172.25 2.62342e-005
172.35 2.98118e-005
172.4 3.02837e-005
172.6 1.93902e-005
172.65 3.46e-005
174.2 4.0543e-005
174.25 4.10329e-005
174.35 3.20023e-005
174.4 2.238e-005
174.6 2.41638e-005
174.65 2.77142e-005
174.85 3.50046e-005
175.205 4.70626e-005
175.255 4.86095e-005
175.355 3.6355e-005
175.405 2.14245e-005
175.605 2.83075e-005
175.655 2.43094e-005
175.805 4.91363e-005
175.855 2.94719e-005
176.4 2.29745e-005
176.6 3.30302e-005
176.65 2.09984e-005
176.8 4.36432e-005
176.85 2.40545e-005
176.95 5.13267e-005
178.4 3.15912e-005
178.6 4.35577e-005
178.65 1.46875e-005
178.8 3.46674e-005
178.85 1.36351e-005
178.95 4.00803e-005
180.4 4.00743e-005
180.405 4.00616e-005
180.605 5.15665e-005
180.65 1.41821e-005
180.655 1.42086e-005
180.8 3.86432e-005
180.805 3.86883e-005
180.85 1.63294e-005
180.855 1.63764e-005
180.95 3.23516e-005
180.955 3.23429e-005
182.4 3.63783e-005
182.5 4.36922e-005
182.65 2.60382e-005
182.7 5.01436e-005
182.75 4.07461e-005
182.85 3.58978e-005
182.95 3.11707e-005
184.4 3.6017e-005
184.5 3.67369e-005
184.65 3.87819e-005
184.7 3.20431e-005
184.75 3.22175e-005
184.95 3.46425e-005
185.405 3.71602e-005
185.505 3.32695e-005
185.655 4.5287e-005
185.705 2.33494e-005
185.755 2.86485e-005
185.955 3.78087e-005
186.4 3.9083e-005
186.5 2.98631e-005
186.7 1.56093e-005
186.75 2.58569e-005
186.95 4.16185e-005
188.4 4.48795e-005
188.5 2.31436e-005
188.7 1.28467e-005
188.75 2.34967e-005
188.95 5.06715e-005
190.25 4.84109e-005
190.255 4.84109e-005
190.5 1.83079e-005
190.505 1.83079e-005
190.7 2.21749e-005
190.705 2.21749e-005
190.75 2.46519e-005
190.755 2.46519e-005
192.25 4.84109e-005
192.5 1.83079e-005
192.7 2.21749e-005
192.75 2.46519e-005
194.5 1.83079e-005
194.7 2.21749e-005
194.75 2.46519e-005
195.255 4.84109e-005
195.505 1.83079e-005
195.705 2.21749e-005
195.755 2.46519e-005
196.5 1.83079e-005
196.7 2.21749e-005
196.75 2.46519e-005
198.4 5.08735e-005
198.5 1.83079e-005
198.7 2.21749e-005
198.75 2.46519e-005
200.25 4.84109e-005
200.5 1.83079e-005
200.505 1.83079e-005
200.7 2.21749e-005
200.705 2.21749e-005
200.75 2.46519e-005
200.755 2.46519e-005
202.25 4.84109e-005
202.5 1.83079e-005
202.7 2.21749e-005
202.75 2.46519e-005
204.25 4.84109e-005
204.5 1.83079e-005
204.7 2.21749e-005
204.75 2.46519e-005
205.405 5.08735e-005
205.505 1.83079e-005
205.705 2.21749e-005
205.755 2.46519e-005
206.25 4.84109e-005
206.4 5.08735e-005
206.5 1.83079e-005
206.7 2.21749e-005
206.75 2.46519e-005
208.25 4.84109e-005
208.5 1.83079e-005
208.7 2.21749e-005
208.75 2.46519e-005
210.25 4.84109e-005
210.255 4.84109e-005
210.405 5.08735e-005
210.5 1.83079e-005
210.505 1.83079e-005
210.7 2.21749e-005
210.705 2.21749e-005
210.75 2.46519e-005
210.755 2.46519e-005
212.25 4.84109e-005
212.5 1.83079e-005
212.7 2.21749e-005
212.75 2.46519e-005
214.5 1.83079e-005
214.7 2.21749e-005
214.75 2.46519e-005
215.255 4.84109e-005
215.405 5.08735e-005
215.505 1.83079e-005
215.705 2.21749e-005
215.755 2.46519e-005
216.5 1.83079e-005
216.7 2.21749e-005
216.75 2.46519e-005
218.5 1.83079e-005
218.7 2.21749e-005
218.75 2.46519e-005
220.25 4.84109e-005
220.255 4.84109e-005
220.4 5.08735e-005
220.405 5.08735e-005
220.5 1.83079e-005
220.505 1.83079e-005
220.7 2.21749e-005
220.705 2.21749e-005
220.75 2.46519e-005
220.755 2.46519e-005
222.5 1.83079e-005
222.7 2.21749e-005
222.75 2.46519e-005
224.5 1.83079e-005
224.7 2.21749e-005
224.75 2.46519e-005
225.255 4.84109e-005
225.505 1.83079e-005
225.705 2.21749e-005
225.755 2.46519e-005
226.25 4.84109e-005
226.5 1.83079e-005
226.7 2.21749e-005
226.75 2.46519e-005
228.5 1.83079e-005
228.7 2.21749e-005
228.75 2.46519e-005
230.25 4.84109e-005
230.255 4.84109e-005
230.4 5.08735e-005
230.405 5.08735e-005
230.5 1.83079e-005
230.505 1.83079e-005
230.7 2.21749e-005
230.705 2.21749e-005
230.75 2.46519e-005
230.755 2.46519e-005
232.4 5.08735e-005
232.5 1.83079e-005
232.7 2.21749e-005
232.75 2.46519e-005
234.25 4.84109e-005
234.5 1.83079e-005
234.7 2.21749e-005
234.75 2.46519e-005
235.255 4.84109e-005
235.505 1.83079e-005
235.705 2.21749e-005
235.755 2.46519e-005
236.25 4.84109e-005
236.5 1.83079e-005
236.7 2.21749e-005
236.75 2.46519e-005
238.5 1.83079e-005
238.7 2.21749e-005
238.75 2.46519e-005
240.25 4.84109e-005
240.255 4.84109e-005
240.4 5.08735e-005
240.5 1.83079e-005
240.505 1.83079e-005
240.7 2.21749e-005
240.705 2.21749e-005
240.75 2.46519e-005
240.755 2.46519e-005
242.5 1.83079e-005
242.7 2.21749e-005
242.75 2.46519e-005
244.25 4.84109e-005
244.5 1.83079e-005
244.7 2.21749e-005
244.75 2.46519e-005
245.255 4.84109e-005
245.405 5.08735e-005
245.505 1.83079e-005
245.705 2.21749e-005
245.755 2.46519e-005
246.5 1.83079e-005
246.7 2.21749e-005
246.75 2.46519e-005
248.25 4.84109e-005
248.5 1.83079e-005
248.7 2.21749e-005
248.75 2.46519e-005
250.25 4.84109e-005
250.405 5.08735e-005
250.5 1.83079e-005
250.505 1.83079e-005
250.7 2.21749e-005
250.705 2.21749e-005
250.75 2.46519e-005
250.755 2.46519e-005
252.25 4.84109e-005
252.5 1.83079e-005
252.7 2.21749e-005
252.75 2.46519e-005
254.25 4.84109e-005
254.4 5.08735e-005
254.5 1.83079e-005
254.7 2.21749e-005
254.75 2.46519e-005
255.255 4.84109e-005
255.505 1.83079e-005
255.705 2.21749e-005
255.755 2.46519e-005
256.25 4.84109e-005
256.5 1.83079e-005
256.7 2.21749e-005
256.75 2.46519e-005
258.4 5.08735e-005
258.5 1.83079e-005
258.7 2.21749e-005
258.75 2.46519e-005
260.25 4.84109e-005
260.255 4.84109e-005
260.405 5.08735e-005
260.5 1.83079e-005
260.505 1.83079e-005
260.7 2.21749e-005
260.705 2.21749e-005
260.75 2.46519e-005
260.755 2.46519e-005
262.5 1.83079e-005
262.7 2.21749e-005
262.75 2.46519e-005
264.25 4.84109e-005
264.5 1.83079e-005
264.7 2.21749e-005
264.75 2.46519e-005
265.405 5.08735e-005
265.505 1.83079e-005
265.705 2.21749e-005
265.755 2.46519e-005
266.4 5.08735e-005
266.5 1.83079e-005
266.7 2.21749e-005
266.75 2.46519e-005
268.5 1.83079e-005
268.7 2.21749e-005
268.75 2.46519e-005
270.255 4.84109e-005
270.405 5.08735e-005
270.5 1.83079e-005
270.505 1.83079e-005
270.7 2.21749e-005
270.705 2.21749e-005
270.75 2.46519e-005
270.755 2.46519e-005
272.5 1.83079e-005
272.7 2.21749e-005
272.75 2.46519e-005
274.5 1.83079e-005
274.7 2.21749e-005
274.75 2.46519e-005
275.405 5.08735e-005
275.505 1.83079e-005
275.705 2.21749e-005
275.755 2.46519e-005
276.5 1.83079e-005
276.7 2.21749e-005
276.75 2.46519e-005
278.4 5.08735e-005
278.5 1.83079e-005
278.7 2.21749e-005
278.75 2.46519e-005
280.25 4.84109e-005
280.255 4.84109e-005
280.405 5.08735e-005
280.5 1.83079e-005
280.505 1.83079e-005
280.7 2.21749e-005
280.705 2.21749e-005
280.75 2.46519e-005
280.755 2.46519e-005
282.5 1.83079e-005
282.7 2.21749e-005
282.75 2.46519e-005
284.5 1.83079e-005
284.7 2.21749e-005
284.75 2.46519e-005
285.255 4.84109e-005
285.505 1.83079e-005
285.705 2.21749e-005
285.755 2.46519e-005
286.4 5.08735e-005
286.5 1.83079e-005
286.7 2.21749e-005
286.75 2.46519e-005
288.25 4.84109e-005
288.4 5.08735e-005
288.5 1.83079e-005
288.7 2.21749e-005
288.75 2.46519e-005
290.25 4.84109e-005
290.255 4.84109e-005
290.4 5.08735e-005
290.405 5.08735e-005
290.5 1.83079e-005
290.505 1.83079e-005
290.7 2.21749e-005
290.705 2.21749e-005
290.75 2.46519e-005
290.755 2.46519e-005
292.5 1.83079e-005
292.7 2.21749e-005
292.75 2.46519e-005
294.4 5.08735e-005
294.5 1.83079e-005
294.7 2.21749e-005
294.75 2.46519e-005
295.505 1.83079e-005
295.705 2.21749e-005
295.755 2.46519e-005
296.5 1.83079e-005
296.7 2.21749e-005
296.75 2.46519e-005
298.4 5.08735e-005
298.5 1.83079e-005
298.7 2.21749e-005
298.75 2.46519e-005
300.25 4.84109e-005
300.255 4.84109e-005
300.405 5.08735e-005
300.5 1.83079e-005
300.505 1.83079e-005
300.7 2.21749e-005
300.705 2.21749e-005
300.75 2.46519e-005
300.755 2.46519e-005
302.25 4.84109e-005
302.5 1.83079e-005
302.7 2.21749e-005
302.75 2.46519e-005
304.4 5.08735e-005
304.5 1.83079e-005
304.7 2.21749e-005
304.75 2.46519e-005
305.255 4.84109e-005
305.405 5.08735e-005
305.505 1.83079e-005
305.705 2.21749e-005
305.755 2.46519e-005
306.25 4.84109e-005
306.5 1.83079e-005
306.7 2.21749e-005
306.75 2.46519e-005
308.5 1.83079e-005
308.7 2.21749e-005
308.75 2.46519e-005
310.405 5.08735e-005
310.5 1.83079e-005
310.505 1.83079e-005
310.7 2.21749e-005
310.705 2.21749e-005
310.75 2.46519e-005
310.755 2.46519e-005
312.5 1.83079e-005
312.7 2.21749e-005
312.75 2.46519e-005
314.4 5.08735e-005
314.5 1.83079e-005
314.7 2.21749e-005
314.75 2.46519e-005
315.255 4.84109e-005
315.505 1.83079e-005
315.705 2.21749e-005
315.755 2.46519e-005
316.5 1.83079e-005
316.7 2.21749e-005
316.75 2.46519e-005
318.4 5.08735e-005
318.5 1.83079e-005
318.7 2.21749e-005
318.75 2.46519e-005
320.25 4.84109e-005
320.255 4.84109e-005
320.4 5.08735e-005
320.405 5.08735e-005
320.5 1.83079e-005
320.505 1.83079e-005
320.7 2.21749e-005
320.705 2.21749e-005
320.75 2.46519e-005
320.755 2.46519e-005
322.5 1.83079e-005
322.7 2.21749e-005
322.75 2.46519e-005
324.5 1.83079e-005
324.7 2.21749e-005
324.75 2.46519e-005
325.255 4.84109e-005
325.505 1.83079e-005
325.705 2.21749e-005
325.755 2.46519e-005
326.25 4.84109e-005
326.5 1.83079e-005
326.7 2.21749e-005
326.75 2.46519e-005
328.5 1.83079e-005
328.7 2.21749e-005
328.75 2.46519e-005
330.25 4.84109e-005
330.255 4.84109e-005
330.405 5.08735e-005
330.5 1.83079e-005
330.505 1.83079e-005
330.7 2.21749e-005
330.705 2.21749e-005
330.75 2.46519e-005
330.755 2.46519e-005
332.25 4.84109e-005
332.5 1.83079e-005
332.7 2.21749e-005
332.75 2.46519e-005
334.25 4.84109e-005
334.4 5.08735e-005
334.5 1.83079e-005
334.7 2.21749e-005
334.75 2.46519e-005
335.505 1.83079e-005
335.705 2.21749e-005
335.755 2.46519e-005
336.5 1.83079e-005
336.7 2.21749e-005
336.75 2.46519e-005
338.25 4.84109e-005
338.5 1.83079e-005
338.7 2.21749e-005
338.75 2.46519e-005
340.25 4.84109e-005
340.4 5.08735e-005
340.405 5.08735e-005
340.5 1.83079e-005
340.505 1.83079e-005
340.7 2.21749e-005
340.705 2.21749e-005
340.75 2.46519e-005
340.755 2.46519e-005
342.25 4.84109e-005
342.4 5.08735e-005
342.5 1.83079e-005
342.7 2.21749e-005
342.75 2.46519e-005
344.5 1.83079e-005
344.7 2.21749e-005
344.75 2.46519e-005
345.405 5.08735e-005
345.505 1.83079e-005
345.705 2.21749e-005
345.755 2.46519e-005
346.5 1.83079e-005
346.7 2.21749e-005
346.75 2.46519e-005
348.25 4.84109e-005
348.5 1.83079e-005
348.7 2.21749e-005
348.75 2.46519e-005
350.255 4.84109e-005
350.405 5.08735e-005
350.5 1.83079e-005
350.505 1.83079e-005
350.7 2.21749e-005
350.705 2.21749e-005
350.75 2.46519e-005
350.755 2.46519e-005
352.25 4.84109e-005
352.4 5.08735e-005
352.5 1.83079e-005
352.7 2.21749e-005
352.75 2.46519e-005
354.25 4.84109e-005
354.5 1.83079e-005
354.7 2.21749e-005
354.75 2.46519e-005
355.255 4.84109e-005
355.505 1.83079e-005
355.705 2.21749e-005
355.755 2.46519e-005
356.5 1.83079e-005
356.7 2.21749e-005
356.75 2.46519e-005
358.25 4.84109e-005
358.5 1.83079e-005
358.7 2.21749e-005
358.75 2.46519e-005
360.25 4.84109e-005
360.255 4.84109e-005
360.5 1.83079e-005
360.505 1.83079e-005
360.7 2.21749e-005
360.705 2.21749e-005
360.75 2.46519e-005
360.755 2.46519e-005
362.25 4.84109e-005
362.4 5.08735e-005
362.5 1.83079e-005
362.7 2.21749e-005
362.75 2.46519e-005
364.4 5.08735e-005
364.5 1.83079e-005
364.7 2.21749e-005
364.75 2.46519e-005
365.255 4.84109e-005
365.405 5.08735e-005
365.505 1.83079e-005
365.705 2.21749e-005
365.755 2.46519e-005
366.25 4.84109e-005
366.5 1.83079e-005
366.7 2.21749e-005
366.75 2.46519e-005
368.5 1.83079e-005
368.7 2.21749e-005
368.75 2.46519e-005
370.25 4.84109e-005
370.255 4.84109e-005
370.4 5.08735e-005
370.405 5.08735e-005
370.5 1.83079e-005
370.505 1.83079e-005
370.7 2.21749e-005
370.705 2.21749e-005
370.75 2.46519e-005
370.755 2.46519e-005
372.5 1.83079e-005
372.7 2.21749e-005
372.75 2.46519e-005
374.4 5.08735e-005
374.5 1.83079e-005
374.7 2.21749e-005
374.75 2.46519e-005
375.255 4.84109e-005
375.405 5.08735e-005
375.505 1.83079e-005
375.705 2.21749e-005
375.755 2.46519e-005
376.4 5.08735e-005
376.5 1.83079e-005
376.7 2.21749e-005
376.75 2.46519e-005
378.25 4.84109e-005
378.5 1.83079e-005
378.7 2.21749e-005
378.75 2.46519e-005
380.25 4.84109e-005
380.255 4.84109e-005
380.405 5.08735e-005
380.5 1.83079e-005
380.505 1.83079e-005
380.7 2.21749e-005
380.705 2.21749e-005
380.75 2.46519e-005
380.755 2.46519e-005
382.5 1.83079e-005
382.7 2.21749e-005
382.75 2.46519e-005
384.25 4.84109e-005
384.5 1.83079e-005
384.7 2.21749e-005
384.75 2.46519e-005
385.505 1.83079e-005
385.705 2.21749e-005
385.755 2.46519e-005
386.5 1.83079e-005
386.7 2.21749e-005
386.75 2.46519e-005
388.4 5.08735e-005
388.5 1.83079e-005
388.7 2.21749e-005
388.75 2.46519e-005
390.255 4.84109e-005
390.4 5.08735e-005
390.5 1.83079e-005
390.505 1.83079e-005
390.7 2.21749e-005
390.705 2.21749e-005
390.75 2.46519e-005
390.755 2.46519e-005
392.5 1.83079e-005
392.7 2.21749e-005
392.75 2.46519e-005
394.5 1.83079e-005
394.7 2.21749e-005
394.75 2.46519e-005
395.505 1.83079e-005
395.705 2.21749e-005
395.755 2.46519e-005
396.25 4.84109e-005
396.5 1.83079e-005
396.7 2.21749e-005
396.75 2.46519e-005
398.4 5.08735e-005
398.5 1.83079e-005
398.7 2.21749e-005
398.75 2.46519e-005
400.255 4.84109e-005
400.4 5.08735e-005
400.405 5.08735e-005
400.5 1.83079e-005
400.505 1.83079e-005
400.7 2.21749e-005
400.705 2.21749e-005
400.75 2.46519e-005
400.755 2.46519e-005
402.5 1.83079e-005
402.7 2.21749e-005
402.75 2.46519e-005
404.25 4.84109e-005
404.5 1.83079e-005
404.7 2.21749e-005
404.75 2.46519e-005
405.405 5.08735e-005
405.505 1.83079e-005
405.705 2.21749e-005
405.755 2.46519e-005
406.25 4.84109e-005
406.5 1.83079e-005
406.7 2.21749e-005
406.75 2.46519e-005
408.25 4.84109e-005
408.4 5.08735e-005
408.5 1.83079e-005
408.7 2.21749e-005
408.75 2.46519e-005
410.25 4.84109e-005
410.4 5.08735e-005
410.405 5.08735e-005
410.5 1.83079e-005
410.505 1.83079e-005
410.7 2.21749e-005
410.705 2.21749e-005
410.75 2.46519e-005
410.755 2.46519e-005
412.25 4.84109e-005
412.5 1.83079e-005
412.7 2.21749e-005
412.75 2.46519e-005
414.4 5.08735e-005
414.5 1.83079e-005
414.7 2.21749e-005
414.75 2.46519e-005
415.505 1.83079e-005
415.705 2.21749e-005
415.755 2.46519e-005
416.25 4.84109e-005
416.4 5.08735e-005
416.5 1.83079e-005
416.7 2.21749e-005
416.75 2.46519e-005
418.25 4.84109e-005
418.4 5.08735e-005
418.5 1.83079e-005
418.7 2.21749e-005
418.75 2.46519e-005
420.25 4.84109e-005
420.255 4.84109e-005
420.405 5.08735e-005
420.5 1.83079e-005
420.505 1.83079e-005
420.7 2.21749e-005
420.705 2.21749e-005
420.75 2.46519e-005
420.755 2.46519e-005
422.5 1.83079e-005
422.7 2.21749e-005
422.75 2.46519e-005
424.4 5.08735e-005
424.5 1.83079e-005
424.7 2.21749e-005
424.75 2.46519e-005
425.255 4.84109e-005
425.505 1.83079e-005
425.705 2.21749e-005
425.755 2.46519e-005
426.5 1.83079e-005
426.7 2.21749e-005
426.75 2.46519e-005
428.25 4.84109e-005
428.5 1.83079e-005
428.7 2.21749e-005
428.75 2.46519e-005
430.255 4.84109e-005
430.4 5.08735e-005
430.405 5.08735e-005
430.5 1.83079e-005
430.505 1.83079e-005
430.7 2.21749e-005
430.705 2.21749e-005
430.75 2.46519e-005
430.755 2.46519e-005
432.25 4.84109e-005
432.5 1.83079e-005
432.7 2.21749e-005
432.75 2.46519e-005
434.5 1.83079e-005
434.7 2.21749e-005
434.75 2.46519e-005
435.255 4.84109e-005
435.405 5.08735e-005
435.505 1.83079e-005
435.705 2.21749e-005
435.755 2.46519e-005
436.25 4.84109e-005
436.4 5.08735e-005
436.5 1.83079e-005
436.7 2.21749e-005
436.75 2.46519e-005
438.5 1.83079e-005
438.7 2.21749e-005
438.75 2.46519e-005
440.25 4.84109e-005
440.405 5.08735e-005
440.5 1.83079e-005
440.505 1.83079e-005
440.7 2.21749e-005
440.705 2.21749e-005
440.75 2.46519e-005
440.755 2.46519e-005
442.4 5.08735e-005
442.5 1.83079e-005
442.7 2.21749e-005
442.75 2.46519e-005
444.25 4.84109e-005
444.5 1.83079e-005
444.7 2.21749e-005
444.75 2.46519e-005
445.255 4.84109e-005
445.505 1.83079e-005
445.705 2.21749e-005
445.755 2.46519e-005
446.25 4.84109e-005
446.4 5.08735e-005
446.5 1.83079e-005
446.7 2.21749e-005
446.75 2.46519e-005
448.25 4.84109e-005
448.4 5.08735e-005
448.5 1.83079e-005
448.7 2.21749e-005
448.75 2.46519e-005
450.25 4.84109e-005
450.4 5.08735e-005
450.5 1.83079e-005
450.505 1.83079e-005
450.7 2.21749e-005
450.705 2.21749e-005
450.75 2.46519e-005
450.755 2.46519e-005
452.25 4.84109e-005
452.4 5.08735e-005
452.5 1.83079e-005
452.7 2.21749e-005
452.75 2.46519e-005
454.5 1.83079e-005
454.7 2.21749e-005
454.75 2.46519e-005
455.505 1.83079e-005
455.705 2.21749e-005
455.755 2.46519e-005
456.5 1.83079e-005
456.7 2.21749e-005
456.75 2.46519e-005
458.4 5.08735e-005
458.5 1.83079e-005
458.7 2.21749e-005
458.75 2.46519e-005
460.25 4.84109e-005
460.405 5.08735e-005
460.5 1.83079e-005
460.505 1.83079e-005
460.7 2.21749e-005
460.705 2.21749e-005
460.75 2.46519e-005
460.755 2.46519e-005
462.25 4.84109e-005
462.5 1.83079e-005
462.7 2.21749e-005
462.75 2.46519e-005
464.25 4.84109e-005
464.5 1.83079e-005
464.7 2.21749e-005
464.75 2.46519e-005
465.505 1.83079e-005
465.705 2.21749e-005
465.755 2.46519e-005
466.5 1.83079e-005
466.7 2.21749e-005
466.75 2.46519e-005
468.25 4.84109e-005
468.5 1.83079e-005
468.7 2.21749e-005
468.75 2.46519e-005
470.255 4.84109e-005
470.405 5.08735e-005
470.5 1.83079e-005
470.505 1.83079e-005
470.7 2.21749e-005
470.705 2.21749e-005
470.75 2.46519e-005
470.755 2.46519e-005
472.4 5.08735e-005
472.5 1.83079e-005
472.7 2.21749e-005
472.75 2.46519e-005
474.5 1.83079e-005
474.7 2.21749e-005
474.75 2.46519e-005
475.255 4.84109e-005
475.405 5.08735e-005
475.505 1.83079e-005
475.705 2.21749e-005
475.755 2.46519e-005
476.25 4.84109e-005
476.4 5.08735e-005
476.5 1.83079e-005
476.7 2.21749e-005
476.75 2.46519e-005
478.25 4.84109e-005
478.5 1.83079e-005
478.7 2.21749e-005
478.75 2.46519e-005
480.25 4.84109e-005
480.255 4.84109e-005
480.4 5.08735e-005
480.5 1.83079e-005
480.505 1.83079e-005
480.7 2.21749e-005
480.705 2.21749e-005
480.75 2.46519e-005
480.755 2.46519e-005
482.5 1.83079e-005
482.7 2.21749e-005
482.75 2.46519e-005
484.25 4.84109e-005
484.4 5.08735e-005
484.5 1.83079e-005
484.7 2.21749e-005
484.75 2.46519e-005
485.255 4.84109e-005
485.405 5.08735e-005
485.505 1.83079e-005
485.705 2.21749e-005
485.755 2.46519e-005
486.25 4.84109e-005
486.5 1.83079e-005
486.7 2.21749e-005
486.75 2.46519e-005
488.25 4.84109e-005
488.5 1.83079e-005
488.7 2.21749e-005
488.75 2.46519e-005
490.5 1.83079e-005
490.505 1.83079e-005
490.7 2.21749e-005
490.705 2.21749e-005
490.75 2.46519e-005
490.755 2.46519e-005
492.5 1.83079e-005
492.7 2.21749e-005
492.75 2.46519e-005
494.25 4.84109e-005
494.4 5.08735e-005
494.5 1.83079e-005
494.7 2.21749e-005
494.75 2.46519e-005
495.405 5.08735e-005
495.505 1.83079e-005
495.705 2.21749e-005
495.755 2.46519e-005
496.5 1.83079e-005
496.7 2.21749e-005
496.75 2.46519e-005
498.25 4.84109e-005
498.4 5.08735e-005
498.5 1.83079e-005
498.7 2.21749e-005
498.75 2.46519e-005
500.25 4.84109e-005
500.255 4.84109e-005
500.405 5.08735e-005
500.5 1.83079e-005
500.505 1.83079e-005
500.7 2.21749e-005
500.705 2.21749e-005
500.75 2.46519e-005
500.755 2.46519e-005
502.5 1.83079e-005
502.7 2.21749e-005
502.75 2.46519e-005
504.25 4.84109e-005
504.5 1.83079e-005
504.7 2.21749e-005
504.75 2.46519e-005
505.255 4.84109e-005
505.505 1.83079e-005
505.705 2.21749e-005
505.755 2.46519e-005
506.5 1.83079e-005
506.7 2.21749e-005
506.75 2.46519e-005
508.25 4.84109e-005
508.5 1.83079e-005
508.7 2.21749e-005
508.75 2.46519e-005
510.25 4.84109e-005
510.255 4.84109e-005
510.405 5.08735e-005
510.5 1.83079e-005
510.505 1.83079e-005
510.7 2.21749e-005
510.705 2.21749e-005
510.75 2.46519e-005
510.755 2.46519e-005
512.25 4.84109e-005
512.5 1.83079e-005
512.7 2.21749e-005
512.75 2.46519e-005
514.4 5.08735e-005
514.5 1.83079e-005
514.7 2.21749e-005
514.75 2.46519e-005
515.255 4.84109e-005
515.505 1.83079e-005
515.705 2.21749e-005
515.755 2.46519e-005
516.25 4.84109e-005
516.5 1.83079e-005
516.7 2.21749e-005
516.75 2.46519e-005
518.4 5.08735e-005
518.5 1.83079e-005
518.7 2.21749e-005
518.75 2.46519e-005
520.255 4.84109e-005
520.405 5.08735e-005
520.5 1.83079e-005
520.505 1.83079e-005
520.7 2.21749e-005
520.705 2.21749e-005
520.75 2.46519e-005
520.755 2.46519e-005
522.25 4.84109e-005
522.5 1.83079e-005
522.7 2.21749e-005
522.75 2.46519e-005
524.25 4.84109e-005
524.4 5.08735e-005
524.5 1.83079e-005
524.7 2.21749e-005
524.75 2.46519e-005
525.255 4.84109e-005
525.405 5.08735e-005
525.505 1.83079e-005
525.705 2.21749e-005
525.755 2.46519e-005
526.5 1.83079e-005
526.7 2.21749e-005
526.75 2.46519e-005
528.25 4.84109e-005
528.4 5.08735e-005
528.5 1.83079e-005
528.7 2.21749e-005
528.75 2.46519e-005
530.25 4.84109e-005
530.255 4.84109e-005
530.4 5.08735e-005
530.405 5.08735e-005
530.5 1.83079e-005
530.505 1.83079e-005
530.7 2.21749e-005
530.705 2.21749e-005
530.75 2.46519e-005
530.755 2.46519e-005
532.25 4.84109e-005
532.5 1.83079e-005
532.7 2.21749e-005
532.75 2.46519e-005
534.25 4.84109e-005
534.4 5.08735e-005
534.5 1.83079e-005
534.7 2.21749e-005
534.75 2.46519e-005
535.255 4.84109e-005
535.505 1.83079e-005
535.705 2.21749e-005
535.755 2.46519e-005
536.25 4.84109e-005
536.5 1.83079e-005
536.7 2.21749e-005
536.75 2.46519e-005
538.5 1.83079e-005
538.7 2.21749e-005
538.75 2.46519e-005
540.4 5.08735e-005
540.405 5.08735e-005
540.5 1.83079e-005
540.505 1.83079e-005
540.7 2.21749e-005
540.705 2.21749e-005
540.75 2.46519e-005
540.755 2.46519e-005
542.25 4.84109e-005
542.4 5.08735e-005
542.5 1.83079e-005
542.7 2.21749e-005
542.75 2.46519e-005
544.25 4.84109e-005
544.5 1.83079e-005
544.7 2.21749e-005
544.75 2.46519e-005
545.255 4.84109e-005
545.405 5.08735e-005
545.505 1.83079e-005
545.705 2.21749e-005
545.755 2.46519e-005
546.4 5.08735e-005
546.5 1.83079e-005
546.7 2.21749e-005
546.75 2.46519e-005
548.25 4.84109e-005
548.5 1.83079e-005
548.7 2.21749e-005
548.75 2.46519e-005
550.25 4.84109e-005
550.4 5.08735e-005
550.405 5.08735e-005
550.5 1.83079e-005
550.505 1.83079e-005
550.7 2.21749e-005
550.705 2.21749e-005
550.75 2.46519e-005
550.755 2.46519e-005
552.5 1.83079e-005
552.7 2.21749e-005
552.75 2.46519e-005
554.4 5.08735e-005
554.5 1.83079e-005
554.7 2.21749e-005
554.75 2.46519e-005
555.255 4.84109e-005
555.505 1.83079e-005
555.705 2.21749e-005
555.755 2.46519e-005
556.4 5.08735e-005
556.5 1.83079e-005
556.7 2.21749e-005
556.75 2.46519e-005
558.25 4.84109e-005
558.4 5.08735e-005
558.5 1.83079e-005
558.7 2.21749e-005
558.75 2.46519e-005
560.25 4.84109e-005
560.255 4.84109e-005
560.405 5.08735e-005
560.5 1.83079e-005
560.505 1.83079e-005
560.7 2.21749e-005
560.705 2.21749e-005
560.75 2.46519e-005
560.755 2.46519e-005
562.25 4.84109e-005
562.5 1.83079e-005
562.7 2.21749e-005
562.75 2.46519e-005
564.4 5.08735e-005
564.5 1.83079e-005
564.7 2.21749e-005
564.75 2.46519e-005
565.255 4.84109e-005
565.405 5.08735e-005
565.505 1.83079e-005
565.705 2.21749e-005
565.755 2.46519e-005
566.4 5.08735e-005
566.5 1.83079e-005
566.7 2.21749e-005
566.75 2.46519e-005
568.5 1.83079e-005
568.7 2.21749e-005
568.75 2.46519e-005
570.25 4.84109e-005
570.255 4.84109e-005
570.4 5.08735e-005
570.405 5.08735e-005
570.5 1.83079e-005
570.505 1.83079e-005
570.7 2.21749e-005
570.705 2.21749e-005
570.75 2.46519e-005
570.755 2.46519e-005
572.4 5.08735e-005
572.5 1.83079e-005
572.7 2.21749e-005
572.75 2.46519e-005
574.4 5.08735e-005
574.5 1.83079e-005
574.7 2.21749e-005
574.75 2.46519e-005
575.505 1.83079e-005
575.705 2.21749e-005
575.755 2.46519e-005
576.25 4.84109e-005
576.5 1.83079e-005
576.7 2.21749e-005
576.75 2.46519e-005
578.4 5.08735e-005
578.5 1.83079e-005
578.7 2.21749e-005
578.75 2.46519e-005
580.5 1.83079e-005
580.505 1.83079e-005
580.7 2.21749e-005
580.705 2.21749e-005
580.75 2.46519e-005
580.755 2.46519e-005
582.25 4.84109e-005
582.5 1.83079e-005
582.7 2.21749e-005
582.75 2.46519e-005
584.5 1.83079e-005
584.7 2.21749e-005
584.75 2.46519e-005
585.255 4.84109e-005
585.505 1.83079e-005
585.705 2.21749e-005
585.755 2.46519e-005
586.5 1.83079e-005
586.7 2.21749e-005
586.75 2.46519e-005
588.4 5.08735e-005
588.5 1.83079e-005
588.7 2.21749e-005
588.75 2.46519e-005
590.25 4.84109e-005
590.255 4.84109e-005
590.4 5.08735e-005
590.405 5.08735e-005
590.5 1.83079e-005
590.505 1.83079e-005
590.7 2.21749e-005
590.705 2.21749e-005
590.75 2.46519e-005
590.755 2.46519e-005
592.25 4.84109e-005
592.4 5.08735e-005
592.5 1.83079e-005
592.7 2.21749e-005
592.75 2.46519e-005
594.4 5.08735e-005
594.5 1.83079e-005
594.7 2.21749e-005
594.75 2.46519e-005
595.255 4.84109e-005
595.505 1.83079e-005
595.705 2.21749e-005
595.755 2.46519e-005
596.5 1.83079e-005
596.7 2.21749e-005
596.75 2.46519e-005
598.4 5.08735e-005
598.5 1.83079e-005
598.7 2.21749e-005
598.75 2.46519e-005
600.25 4.84109e-005
600.255 4.84109e-005
600.5 1.83079e-005
600.505 1.83079e-005
600.7 2.21749e-005
600.705 2.21749e-005
600.75 2.46519e-005
600.755 2.46519e-005
602.5 1.83079e-005
602.7 2.21749e-005
602.75 2.46519e-005
604.4 5.08735e-005
604.5 1.83079e-005
604.7 2.21749e-005
604.75 2.46519e-005
605.255 4.84109e-005
605.505 1.83079e-005
605.705 2.21749e-005
605.755 2.46519e-005
606.5 1.83079e-005
606.7 2.21749e-005
606.75 2.46519e-005
608.5 1.83079e-005
608.7 2.21749e-005
608.75 2.46519e-005
610.25 4.84109e-005
610.255 4.84109e-005
610.4 5.08735e-005
610.405 5.08735e-005
610.5 1.83079e-005
610.505 1.83079e-005
610.7 2.21749e-005
610.705 2.21749e-005
610.75 2.46519e-005
610.755 2.46519e-005
612.25 4.84109e-005
612.5 1.83079e-005
612.7 2.21749e-005
612.75 2.46519e-005
614.4 5.08735e-005
614.5 1.83079e-005
614.7 2.21749e-005
614.75 2.46519e-005
615.255 4.84109e-005
615.505 1.83079e-005
615.705 2.21749e-005
615.755 2.46519e-005
616.25 4.84109e-005
616.4 5.08735e-005
616.5 1.83079e-005
616.7 2.21749e-005
616.75 2.46519e-005
618.25 4.84109e-005
618.5 1.83079e-005
618.7 2.21749e-005
618.75 2.46519e-005
620.25 4.84109e-005
620.255 4.84109e-005
620.405 5.08735e-005
620.5 1.83079e-005
620.505 1.83079e-005
620.7 2.21749e-005
620.705 2.21749e-005
620.75 2.46519e-005
620.755 2.46519e-005
622.25 4.84109e-005
622.4 5.08735e-005
622.5 1.83079e-005
622.7 2.21749e-005
622.75 2.46519e-005
624.25 4.84109e-005
624.4 5.08735e-005
624.5 1.83079e-005
624.7 2.21749e-005
624.75 2.46519e-005
625.255 4.84109e-005
625.505 1.83079e-005
625.705 2.21749e-005
625.755 2.46519e-005
626.5 1.83079e-005
626.7 2.21749e-005
626.75 2.46519e-005
628.4 5.08735e-005
628.5 1.83079e-005
628.7 2.21749e-005
628.75 2.46519e-005
630.25 4.84109e-005
630.255 4.84109e-005
630.4 5.08735e-005
630.5 1.83079e-005
630.505 1.83079e-005
630.7 2.21749e-005
630.705 2.21749e-005
630.75 2.46519e-005
630.755 2.46519e-005
632.5 1.83079e-005
632.7 2.21749e-005
632.75 2.46519e-005
634.4 5.08735e-005
634.5 1.83079e-005
634.7 2.21749e-005
634.75 2.46519e-005
635.255 4.84109e-005
635.505 1.83079e-005
635.705 2.21749e-005
635.755 2.46519e-005
636.25 4.84109e-005
636.5 1.83079e-005
636.7 2.21749e-005
636.75 2.46519e-005
638.25 4.84109e-005
638.5 1.83079e-005
638.7 2.21749e-005
638.75 2.46519e-005
640.255 4.84109e-005
640.405 5.08735e-005
640.5 1.83079e-005
640.505 1.83079e-005
640.7 2.21749e-005
640.705 2.21749e-005
640.75 2.46519e-005
640.755 2.46519e-005
642.25 4.84109e-005
642.5 1.83079e-005
642.7 2.21749e-005
642.75 2.46519e-005
644.5 1.83079e-005
644.7 2.21749e-005
644.75 2.46519e-005
645.255 4.84109e-005
645.505 1.83079e-005
645.705 2.21749e-005
645.755 2.46519e-005
646.5 1.83079e-005
646.7 2.21749e-005
646.75 2.46519e-005
648.4 5.08735e-005
648.5 1.83079e-005
648.7 2.21749e-005
648.75 2.46519e-005
650.25 4.84109e-005
650.255 4.84109e-005
650.405 5.08735e-005
650.5 1.83079e-005
650.505 1.83079e-005
650.7 2.21749e-005
650.705 2.21749e-005
650.75 2.46519e-005
650.755 2.46519e-005
652.5 1.83079e-005
652.7 2.21749e-005
652.75 2.46519e-005
654.25 4.84109e-005
654.5 1.83079e-005
654.7 2.21749e-005
654.75 2.46519e-005
655.255 4.84109e-005
655.405 5.08735e-005
655.505 1.83079e-005
655.705 2.21749e-005
655.755 2.46519e-005
656.4 5.08735e-005
656.5 1.83079e-005
656.7 2.21749e-005
656.75 2.46519e-005
658.25 4.84109e-005
658.5 1.83079e-005
658.7 2.21749e-005
658.75 2.46519e-005
660.25 4.84109e-005
660.255 4.84109e-005
660.405 5.08735e-005
660.5 1.83079e-005
660.505 1.83079e-005
660.7 2.21749e-005
660.705 2.21749e-005
660.75 2.46519e-005
660.755 2.46519e-005
662.25 4.84109e-005
662.5 1.83079e-005
662.7 2.21749e-005
662.75 2.46519e-005
664.25 4.84109e-005
664.5 1.83079e-005
664.7 2.21749e-005
664.75 2.46519e-005
665.255 4.84109e-005
665.505 1.83079e-005
665.705 2.21749e-005
665.755 2.46519e-005
666.25 4.84109e-005
666.5 1.83079e-005
666.7 2.21749e-005
666.75 2.46519e-005
668.5 1.83079e-005
668.7 2.21749e-005
668.75 2.46519e-005
670.255 4.84109e-005
670.405 5.08735e-005
670.5 1.83079e-005
670.505 1.83079e-005
670.7 2.21749e-005
670.705 2.21749e-005
670.75 2.46519e-005
670.755 2.46519e-005
672.25 4.84109e-005
672.4 5.08735e-005
672.5 1.83079e-005
672.7 2.21749e-005
672.75 2.46519e-005
674.25 4.84109e-005
674.4 5.08735e-005
674.5 1.83079e-005
674.7 2.21749e-005
674.75 2.46519e-005
675.255 4.84109e-005
675.405 5.08735e-005
675.505 1.83079e-005
675.705 2.21749e-005
675.755 2.46519e-005
676.25 4.84109e-005
676.5 1.83079e-005
676.7 2.21749e-005
676.75 2.46519e-005
678.25 4.84109e-005
678.5 1.83079e-005
678.7 2.21749e-005
678.75 2.46519e-005
680.25 4.84109e-005
680.255 4.84109e-005
680.4 5.08735e-005
680.405 5.08735e-005
680.5 1.83079e-005
680.505 1.83079e-005
680.7 2.21749e-005
680.705 2.21749e-005
680.75 2.46519e-005
680.755 2.46519e-005
682.4 5.08735e-005
682.5 1.83079e-005
682.7 2.21749e-005
682.75 2.46519e-005
684.5 1.83079e-005
684.7 2.21749e-005
684.75 2.46519e-005
685.505 1.83079e-005
685.705 2.21749e-005
685.755 2.46519e-005
686.25 4.84109e-005
686.5 1.83079e-005
686.7 2.21749e-005
686.75 2.46519e-005
688.25 4.84109e-005
688.4 5.08735e-005
688.5 1.83079e-005
688.7 2.21749e-005
688.75 2.46519e-005
690.255 4.84109e-005
690.405 5.08735e-005
690.5 1.83079e-005
690.505 1.83079e-005
690.7 2.21749e-005
690.705 2.21749e-005
690.75 2.46519e-005
690.755 2.46519e-005
692.5 1.83079e-005
692.7 2.21749e-005
692.75 2.46519e-005
694.25 4.84109e-005
694.4 5.08735e-005
694.5 1.83079e-005
694.7 2.21749e-005
694.75 2.46519e-005
695.255 4.84109e-005
695.505 1.83079e-005
695.705 2.21749e-005
695.755 2.46519e-005
696.5 1.83079e-005
696.7 2.21749e-005
696.75 2.46519e-005
698.4 5.08735e-005
698.5 1.83079e-005
698.7 2.21749e-005
698.75 2.46519e-005
700.25 4.84109e-005
700.255 4.84109e-005
700.4 5.08735e-005
700.5 1.83079e-005
700.505 1.83079e-005
700.7 2.21749e-005
700.705 2.21749e-005
700.75 2.46519e-005
700.755 2.46519e-005
702.5 1.83079e-005
702.7 2.21749e-005
702.75 2.46519e-005
704.4 5.08735e-005
704.5 1.83079e-005
704.7 2.21749e-005
704.75 2.46519e-005
705.505 1.83079e-005
705.705 2.21749e-005
705.755 2.46519e-005
706.25 4.84109e-005
706.4 5.08735e-005
706.5 1.83079e-005
706.7 2.21749e-005
706.75 2.46519e-005
708.25 4.84109e-005
708.5 1.83079e-005
708.7 2.21749e-005
708.75 2.46519e-005
710.255 4.84109e-005
710.405 5.08735e-005
710.5 1.83079e-005
710.505 1.83079e-005
710.7 2.21749e-005
710.705 2.21749e-005
710.75 2.46519e-005
710.755 2.46519e-005
712.5 1.83079e-005
712.7 2.21749e-005
712.75 2.46519e-005
714.25 4.84109e-005
714.5 1.83079e-005
714.7 2.21749e-005
714.75 2.46519e-005
715.255 4.84109e-005
715.505 1.83079e-005
715.705 2.21749e-005
715.755 2.46519e-005
716.25 4.84109e-005
716.4 5.08735e-005
716.5 1.83079e-005
716.7 2.21749e-005
716.75 2.46519e-005
718.4 5.08735e-005
718.5 1.83079e-005
718.7 2.21749e-005
718.75 2.46519e-005
720.255 4.84109e-005
720.405 5.08735e-005
720.5 1.83079e-005
720.505 1.83079e-005
720.7 2.21749e-005
720.705 2.21749e-005
720.75 2.46519e-005
720.755 2.46519e-005
722.5 1.83079e-005
722.7 2.21749e-005
722.75 2.46519e-005
724.25 4.84109e-005
724.4 5.08735e-005
724.5 1.83079e-005
724.7 2.21749e-005
724.75 2.46519e-005
725.405 5.08735e-005
725.505 1.83079e-005
725.705 2.21749e-005
725.755 2.46519e-005
726.5 1.83079e-005
726.7 2.21749e-005
726.75 2.46519e-005
728.5 1.83079e-005
728.7 2.21749e-005
728.75 2.46519e-005
730.25 4.84109e-005
730.4 5.08735e-005
730.405 5.08735e-005
730.5 1.83079e-005
730.505 1.83079e-005
730.7 2.21749e-005
730.705 2.21749e-005
730.75 2.46519e-005
730.755 2.46519e-005
732.25 4.84109e-005
732.5 1.83079e-005
732.7 2.21749e-005
732.75 2.46519e-005
734.5 1.83079e-005
734.7 2.21749e-005
734.75 2.46519e-005
735.505 1.83079e-005
735.705 2.21749e-005
735.755 2.46519e-005
736.5 1.83079e-005
736.7 2.21749e-005
736.75 2.46519e-005
738.4 5.08735e-005
738.5 1.83079e-005
738.7 2.21749e-005
738.75 2.46519e-005
740.255 4.84109e-005
740.405 5.08735e-005
740.5 1.83079e-005
740.505 1.83079e-005
740.7 2.21749e-005
740.705 2.21749e-005
740.75 2.46519e-005
740.755 2.46519e-005
742.25 4.84109e-005
742.4 5.08735e-005
742.5 1.83079e-005
742.7 2.21749e-005
742.75 2.46519e-005
744.25 4.84109e-005
744.4 5.08735e-005
744.5 1.83079e-005
744.7 2.21749e-005
744.75 2.46519e-005
745.255 4.84109e-005
745.405 5.08735e-005
745.505 1.83079e-005
745.705 2.21749e-005
745.755 2.46519e-005
746.5 1.83079e-005
746.7 2.21749e-005
746.75 2.46519e-005
748.5 1.83079e-005
748.7 2.21749e-005
748.75 2.46519e-005
750.25 4.84109e-005
750.4 5.08735e-005
750.405 5.08735e-005
750.5 1.83079e-005
750.505 1.83079e-005
750.7 2.21749e-005
750.705 2.21749e-005
750.75 2.46519e-005
750.755 2.46519e-005
752.25 4.84109e-005
752.5 1.83079e-005
752.7 2.21749e-005
752.75 2.46519e-005
754.5 1.83079e-005
754.7 2.21749e-005
754.75 2.46519e-005
755.405 5.08735e-005
755.505 1.83079e-005
755.705 2.21749e-005
755.755 2.46519e-005
756.25 4.84109e-005
756.5 1.83079e-005
756.7 2.21749e-005
756.75 2.46519e-005
758.25 4.84109e-005
758.4 5.08735e-005
758.5 1.83079e-005
758.7 2.21749e-005
758.75 2.46519e-005
760.25 4.84109e-005
760.255 4.84109e-005
760.405 5.08735e-005
760.5 1.83079e-005
760.505 1.83079e-005
760.7 2.21749e-005
760.705 2.21749e-005
760.75 2.46519e-005
760.755 2.46519e-005
762.25 4.84109e-005
762.5 1.83079e-005
762.7 2.21749e-005
762.75 2.46519e-005
764.5 1.83079e-005
764.7 2.21749e-005
764.75 2.46519e-005
765.405 5.08735e-005
765.505 1.83079e-005
765.705 2.21749e-005
765.755 2.46519e-005
766.5 1.83079e-005
766.7 2.21749e-005
766.75 2.46519e-005
768.25 4.84109e-005
768.4 5.08735e-005
768.5 1.83079e-005
768.7 2.21749e-005
768.75 2.46519e-005
770.255 4.84109e-005
770.405 5.08735e-005
770.5 1.83079e-005
770.505 1.83079e-005
770.7 2.21749e-005
770.705 2.21749e-005
770.75 2.46519e-005
770.755 2.46519e-005
772.5 1.83079e-005
772.7 2.21749e-005
772.75 2.46519e-005
774.25 4.84109e-005
774.4 5.08735e-005
774.5 1.83079e-005
774.7 2.21749e-005
774.75 2.46519e-005
775.255 4.84109e-005
775.405 5.08735e-005
775.505 1.83079e-005
775.705 2.21749e-005
775.755 2.46519e-005
776.5 1.83079e-005
776.7 2.21749e-005
776.75 2.46519e-005
778.25 4.84109e-005
778.5 1.83079e-005
778.7 2.21749e-005
778.75 2.46519e-005
780.25 4.84109e-005
780.255 4.84109e-005
780.4 5.08735e-005
780.5 1.83079e-005
780.505 1.83079e-005
780.7 2.21749e-005
780.705 2.21749e-005
780.75 2.46519e-005
780.755 2.46519e-005
782.5 1.83079e-005
782.7 2.21749e-005
782.75 2.46519e-005
784.25 4.84109e-005
784.4 5.08735e-005
784.5 1.83079e-005
784.7 2.21749e-005
784.75 2.46519e-005
785.255 4.84109e-005
785.505 1.83079e-005
785.705 2.21749e-005
785.755 2.46519e-005
786.25 4.84109e-005
786.4 5.08735e-005
786.5 1.83079e-005
786.7 2.21749e-005
786.75 2.46519e-005
788.25 4.84109e-005
788.5 1.83079e-005
788.7 2.21749e-005
788.75 2.46519e-005
790.255 4.84109e-005
790.405 5.08735e-005
790.5 1.83079e-005
790.505 1.83079e-005
790.7 2.21749e-005
790.705 2.21749e-005
790.75 2.46519e-005
790.755 2.46519e-005
792.5 1.83079e-005
792.7 2.21749e-005
792.75 2.46519e-005
794.4 5.08735e-005
794.5 1.83079e-005
794.7 2.21749e-005
794.75 2.46519e-005
795.505 1.83079e-005
795.705 2.21749e-005
795.755 2.46519e-005
796.4 5.08735e-005
796.5 1.83079e-005
796.7 2.21749e-005
796.75 2.46519e-005
798.4 5.08735e-005
798.5 1.83079e-005
798.7 2.21749e-005
798.75 2.46519e-005
800.25 4.84109e-005
800.255 4.84109e-005
800.4 5.08735e-005
800.405 5.08735e-005
800.5 1.83079e-005
800.505 1.83079e-005
800.7 2.21749e-005
800.705 2.21749e-005
800.75 2.46519e-005
800.755 2.46519e-005
802.25 4.84109e-005
802.5 1.83079e-005
802.7 2.21749e-005
802.75 2.46519e-005
804.25 4.84109e-005
804.5 1.83079e-005
804.7 2.21749e-005
804.75 2.46519e-005
805.505 1.83079e-005
805.705 2.21749e-005
805.755 2.46519e-005
806.25 4.84109e-005
806.5 1.83079e-005
806.7 2.21749e-005
806.75 2.46519e-005
808.25 4.84109e-005
808.4 5.08735e-005
808.5 1.83079e-005
808.7 2.21749e-005
808.75 2.46519e-005
810.25 4.84109e-005
810.405 5.08735e-005
810.5 1.83079e-005
810.505 1.83079e-005
810.7 2.21749e-005
810.705 2.21749e-005
810.75 2.46519e-005
810.755 2.46519e-005
812.25 4.84109e-005
812.4 5.08735e-005
812.5 1.83079e-005
812.7 2.21749e-005
812.75 2.46519e-005
814.4 5.08735e-005
814.5 1.83079e-005
814.7 2.21749e-005
814.75 2.46519e-005
815.255 4.84109e-005
815.505 1.83079e-005
815.705 2.21749e-005
815.755 2.46519e-005
816.25 4.84109e-005
816.5 1.83079e-005
816.7 2.21749e-005
816.75 2.46519e-005
818.25 4.84109e-005
818.4 5.08735e-005
818.5 1.83079e-005
818.7 2.21749e-005
818.75 2.46519e-005
820.255 4.84109e-005
820.4 5.08735e-005
820.405 5.08735e-005
820.5 1.83079e-005
820.505 1.83079e-005
820.7 2.21749e-005
820.705 2.21749e-005
820.75 2.46519e-005
820.755 2.46519e-005
822.4 5.08735e-005
822.5 1.83079e-005
822.7 2.21749e-005
822.75 2.46519e-005
824.25 4.84109e-005
824.5 1.83079e-005
824.7 2.21749e-005
824.75 2.46519e-005
825.255 4.84109e-005
825.505 1.83079e-005
825.705 2.21749e-005
825.755 2.46519e-005
826.25 4.84109e-005
826.5 1.83079e-005
826.7 2.21749e-005
826.75 2.46519e-005
828.25 4.84109e-005
828.4 5.08735e-005
828.5 1.83079e-005
828.7 2.21749e-005
828.75 2.46519e-005
830.25 4.84109e-005
830.255 4.84109e-005
830.405 5.08735e-005
830.5 1.83079e-005
830.505 1.83079e-005
830.7 2.21749e-005
830.705 2.21749e-005
830.75 2.46519e-005
830.755 2.46519e-005
832.5 1.83079e-005
832.7 2.21749e-005
832.75 2.46519e-005
834.25 4.84109e-005
834.4 5.08735e-005
834.5 1.83079e-005
834.7 2.21749e-005
834.75 2.46519e-005
835.255 4.84109e-005
835.505 1.83079e-005
835.705 2.21749e-005
835.755 2.46519e-005
836.5 1.83079e-005
836.7 2.21749e-005
836.75 2.46519e-005
838.25 4.84109e-005
838.5 1.83079e-005
838.7 2.21749e-005
838.75 2.46519e-005
840.25 4.84109e-005
840.255 4.84109e-005
840.4 5.08735e-005
840.405 5.08735e-005
840.5 1.83079e-005
840.505 1.83079e-005
840.7 2.21749e-005
840.705 2.21749e-005
840.75 2.46519e-005
840.755 2.46519e-005
842.25 4.84109e-005
842.5 1.83079e-005
842.7 2.21749e-005
842.75 2.46519e-005
844.25 4.84109e-005
844.4 5.08735e-005
844.5 1.83079e-005
844.7 2.21749e-005
844.75 2.46519e-005
845.255 4.84109e-005
845.405 5.08735e-005
845.505 1.83079e-005
845.705 2.21749e-005
845.755 2.46519e-005
846.5 1.83079e-005
846.7 2.21749e-005
846.75 2.46519e-005
848.25 4.84109e-005
848.5 1.83079e-005
848.7 2.21749e-005
848.75 2.46519e-005
850.25 4.84109e-005
850.255 4.84109e-005
850.4 5.08735e-005
850.405 5.08735e-005
850.5 1.83079e-005
850.505 1.83079e-005
850.7 2.21749e-005
850.705 2.21749e-005
850.75 2.46519e-005
850.755 2.46519e-005
852.5 1.83079e-005
852.7 2.21749e-005
852.75 2.46519e-005
854.4 5.08735e-005
854.5 1.83079e-005
854.7 2.21749e-005
854.75 2.46519e-005
855.405 5.08735e-005
855.505 1.83079e-005
855.705 2.21749e-005
855.755 2.46519e-005
856.25 4.84109e-005
856.5 1.83079e-005
856.7 2.21749e-005
856.75 2.46519e-005
858.5 1.83079e-005
858.7 2.21749e-005
858.75 2.46519e-005
860.25 4.84109e-005
860.255 4.84109e-005
860.4 5.08735e-005
860.405 5.08735e-005
860.5 1.83079e-005
860.505 1.83079e-005
860.7 2.21749e-005
860.705 2.21749e-005
860.75 2.46519e-005
860.755 2.46519e-005
862.25 4.84109e-005
862.5 1.83079e-005
862.7 2.21749e-005
862.75 2.46519e-005
864.5 1.83079e-005
864.7 2.21749e-005
864.75 2.46519e-005
865.255 4.84109e-005
865.405 5.08735e-005
865.505 1.83079e-005
865.705 2.21749e-005
865.755 2.46519e-005
866.25 4.84109e-005
866.4 5.08735e-005
866.5 1.83079e-005
866.7 2.21749e-005
866.75 2.46519e-005
868.25 4.84109e-005
868.5 1.83079e-005
868.7 2.21749e-005
868.75 2.46519e-005
870.5 1.83079e-005
870.505 1.83079e-005
870.7 2.21749e-005
870.705 2.21749e-005
870.75 2.46519e-005
870.755 2.46519e-005
872.5 1.83079e-005
872.7 2.21749e-005
872.75 2.46519e-005
874.4 5.08735e-005
874.5 1.83079e-005
874.7 2.21749e-005
874.75 2.46519e-005
875.505 1.83079e-005
875.705 2.21749e-005
875.755 2.46519e-005
876.5 1.83079e-005
876.7 2.21749e-005
876.75 2.46519e-005
878.5 1.83079e-005
878.7 2.21749e-005
878.75 2.46519e-005
880.25 4.84109e-005
880.255 4.84109e-005
880.5 1.83079e-005
880.505 1.83079e-005
880.7 2.21749e-005
880.705 2.21749e-005
880.75 2.46519e-005
880.755 2.46519e-005
882.5 1.83079e-005
882.7 2.21749e-005
882.75 2.46519e-005
884.25 4.84109e-005
884.4 5.08735e-005
884.5 1.83079e-005
884.7 2.21749e-005
884.75 2.46519e-005
885.255 4.84109e-005
885.505 1.83079e-005
885.705 2.21749e-005
885.755 2.46519e-005
886.25 4.84109e-005
886.5 1.83079e-005
886.7 2.21749e-005
886.75 2.46519e-005
888.4 5.08735e-005
888.5 1.83079e-005
888.7 2.21749e-005
888.75 2.46519e-005
890.25 4.84109e-005
890.255 4.84109e-005
890.405 5.08735e-005
890.5 1.83079e-005
890.505 1.83079e-005
890.7 2.21749e-005
890.705 2.21749e-005
890.75 2.46519e-005
890.755 2.46519e-005
892.4 5.08735e-005
892.5 1.83079e-005
892.7 2.21749e-005
892.75 2.46519e-005
894.25 4.84109e-005
894.4 5.08735e-005
894.5 1.83079e-005
894.7 2.21749e-005
894.75 2.46519e-005
895.405 5.08735e-005
895.505 1.83079e-005
895.705 2.21749e-005
895.755 2.46519e-005
896.25 4.84109e-005
896.5 1.83079e-005
896.7 2.21749e-005
896.75 2.46519e-005
898.25 4.84109e-005
898.5 1.83079e-005
898.7 2.21749e-005
898.75 2.46519e-005
900.25 4.84109e-005
900.255 4.84109e-005
900.405 5.08735e-005
900.5 1.83079e-005
900.505 1.83079e-005
900.7 2.21749e-005
900.705 2.21749e-005
900.75 2.46519e-005
900.755 2.46519e-005
902.25 4.84109e-005
902.5 1.83079e-005
902.7 2.21749e-005
902.75 2.46519e-005
904.25 4.84109e-005
904.5 1.83079e-005
904.7 2.21749e-005
904.75 2.46519e-005
905.255 4.84109e-005
905.505 1.83079e-005
905.705 2.21749e-005
905.755 2.46519e-005
906.4 5.08735e-005
906.5 1.83079e-005
906.7 2.21749e-005
906.75 2.46519e-005
908.4 5.08735e-005
908.5 1.83079e-005
908.7 2.21749e-005
908.75 2.46519e-005
910.25 4.84109e-005
910.255 4.84109e-005
910.405 5.08735e-005
910.5 1.83079e-005
910.505 1.83079e-005
910.7 2.21749e-005
910.705 2.21749e-005
910.75 2.46519e-005
910.755 2.46519e-005
912.5 1.83079e-005
912.7 2.21749e-005
912.75 2.46519e-005
914.25 4.84109e-005
914.4 5.08735e-005
914.5 1.83079e-005
914.7 2.21749e-005
914.75 2.46519e-005
915.255 4.84109e-005
915.405 5.08735e-005
915.505 1.83079e-005
915.705 2.21749e-005
915.755 2.46519e-005
916.25 4.84109e-005
916.5 1.83079e-005
916.7 2.21749e-005
916.75 2.46519e-005
918.25 4.84109e-005
918.5 1.83079e-005
918.7 2.21749e-005
918.75 2.46519e-005
920.25 4.84109e-005
920.255 4.84109e-005
920.4 5.08735e-005
920.405 5.08735e-005
920.5 1.83079e-005
920.505 1.83079e-005
920.7 2.21749e-005
920.705 2.21749e-005
920.75 2.46519e-005
920.755 2.46519e-005
922.25 4.84109e-005
922.5 1.83079e-005
922.7 2.21749e-005
922.75 2.46519e-005
924.4 5.08735e-005
924.5 1.83079e-005
924.7 2.21749e-005
924.75 2.46519e-005
925.255 4.84109e-005
925.405 5.08735e-005
925.505 1.83079e-005
925.705 2.21749e-005
925.755 2.46519e-005
926.25 4.84109e-005
926.4 5.08735e-005
926.5 1.83079e-005
926.7 2.21749e-005
926.75 2.46519e-005
928.25 4.84109e-005
928.4 5.08735e-005
928.5 1.83079e-005
928.7 2.21749e-005
928.75 2.46519e-005
930.25 4.84109e-005
930.255 4.84109e-005
930.5 1.83079e-005
930.505 1.83079e-005
930.7 2.21749e-005
930.705 2.21749e-005
930.75 2.46519e-005
930.755 2.46519e-005
932.4 5.08735e-005
932.5 1.83079e-005
932.7 2.21749e-005
932.75 2.46519e-005
934.25 4.84109e-005
934.5 1.83079e-005
934.7 2.21749e-005
934.75 2.46519e-005
935.255 4.84109e-005
935.505 1.83079e-005
935.705 2.21749e-005
935.755 2.46519e-005
936.25 4.84109e-005
936.5 1.83079e-005
936.7 2.21749e-005
936.75 2.46519e-005
938.4 5.08735e-005
938.5 1.83079e-005
938.7 2.21749e-005
938.75 2.46519e-005
940.255 4.84109e-005
940.405 5.08735e-005
940.5 1.83079e-005
940.505 1.83079e-005
940.7 2.21749e-005
940.705 2.21749e-005
940.75 2.46519e-005
940.755 2.46519e-005
942.25 4.84109e-005
942.5 1.83079e-005
942.7 2.21749e-005
942.75 2.46519e-005
944.25 4.84109e-005
944.5 1.83079e-005
944.7 2.21749e-005
944.75 2.46519e-005
945.255 4.84109e-005
945.505 1.83079e-005
945.705 2.21749e-005
945.755 2.46519e-005
946.5 1.83079e-005
946.7 2.21749e-005
946.75 2.46519e-005
948.25 4.84109e-005
948.4 5.08735e-005
948.5 1.83079e-005
948.7 2.21749e-005
948.75 2.46519e-005
950.25 4.84109e-005
950.255 4.84109e-005
950.405 5.08735e-005
950.5 1.83079e-005
950.505 1.83079e-005
950.7 2.21749e-005
950.705 2.21749e-005
950.75 2.46519e-005
950.755 2.46519e-005
952.5 1.83079e-005
952.7 2.21749e-005
952.75 2.46519e-005
954.4 5.08735e-005
954.5 1.83079e-005
954.7 2.21749e-005
954.75 2.46519e-005
955.505 1.83079e-005
955.705 2.21749e-005
955.755 2.46519e-005
956.5 1.83079e-005
956.7 2.21749e-005
956.75 2.46519e-005
958.5 1.83079e-005
958.7 2.21749e-005
958.75 2.46519e-005
960.25 4.84109e-005
960.255 4.84109e-005
960.405 5.08735e-005
960.5 1.83079e-005
960.505 1.83079e-005
960.7 2.21749e-005
960.705 2.21749e-005
960.75 2.46519e-005
960.755 2.46519e-005
962.4 5.08735e-005
962.5 1.83079e-005
962.7 2.21749e-005
962.75 2.46519e-005
964.5 1.83079e-005
964.7 2.21749e-005
964.75 2.46519e-005
965.505 1.83079e-005
965.705 2.21749e-005
965.755 2.46519e-005
966.25 4.84109e-005
966.5 1.83079e-005
966.7 2.21749e-005
966.75 2.46519e-005
968.4 5.08735e-005
968.5 1.83079e-005
968.7 2.21749e-005
968.75 2.46519e-005
970.25 4.84109e-005
970.255 4.84109e-005
970.4 5.08735e-005
970.405 5.08735e-005
970.5 1.83079e-005
970.505 1.83079e-005
970.7 2.21749e-005
970.705 2.21749e-005
970.75 2.46519e-005
970.755 2.46519e-005
972.25 4.84109e-005
972.5 1.83079e-005
972.7 2.21749e-005
972.75 2.46519e-005
974.25 4.84109e-005
974.5 1.83079e-005
974.7 2.21749e-005
974.75 2.46519e-005
975.255 4.84109e-005
975.505 1.83079e-005
975.705 2.21749e-005
975.755 2.46519e-005
976.25 4.84109e-005
976.4 5.08735e-005
976.5 1.83079e-005
976.7 2.21749e-005
976.75 2.46519e-005
978.4 5.08735e-005
978.5 1.83079e-005
978.7 2.21749e-005
978.75 2.46519e-005
980.25 4.84109e-005
980.255 4.84109e-005
980.405 5.08735e-005
980.5 1.83079e-005
980.505 1.83079e-005
980.7 2.21749e-005
980.705 2.21749e-005
980.75 2.46519e-005
980.755 2.46519e-005
982.5 1.83079e-005
982.7 2.21749e-005
982.75 2.46519e-005
984.4 5.08735e-005
984.5 1.83079e-005
984.7 2.21749e-005
984.75 2.46519e-005
985.255 4.84109e-005
985.405 5.08735e-005
985.505 1.83079e-005
985.705 2.21749e-005
985.755 2.46519e-005
986.5 1.83079e-005
986.7 2.21749e-005
986.75 2.46519e-005
988.25 4.84109e-005
988.5 1.83079e-005
988.7 2.21749e-005
988.75 2.46519e-005
990.25 4.84109e-005
990.255 4.84109e-005
990.405 5.08735e-005
990.5 1.83079e-005
990.505 1.83079e-005
990.7 2.21749e-005
990.705 2.21749e-005
990.75 2.46519e-005
990.755 2.46519e-005
992.4 5.08735e-005
992.5 1.83079e-005
992.7 2.21749e-005
992.75 2.46519e-005
994.5 1.83079e-005
994.7 2.21749e-005
994.75 2.46519e-005
995.405 5.08735e-005
995.505 1.83079e-005
995.705 2.21749e-005
995.755 2.46519e-005
996.5 1.83079e-005
996.7 2.21749e-005
996.75 2.46519e-005
998.5 1.83079e-005
998.7 2.21749e-005
998.75 2.46519e-005
1000.5 1.83079e-005
1000.51 1.83079e-005
1000.7 2.21749e-005
1000.71 2.21749e-005
1000.75 2.46519e-005
1000.76 2.46519e-005
1002.25 4.84109e-005
1002.5 1.83079e-005
1002.7 2.21749e-005
1002.75 2.46519e-005
1004.4 5.08735e-005
1004.5 1.83079e-005
1004.7 2.21749e-005
1004.75 2.46519e-005
1005.26 4.84109e-005
1005.51 1.83079e-005
1005.71 2.21749e-005
1005.76 2.46519e-005
1006.25 4.84109e-005
1006.5 1.83079e-005
1006.7 2.21749e-005
1006.75 2.46519e-005
1008.5 1.83079e-005
1008.7 2.21749e-005
1008.75 2.46519e-005
1010.25 4.84109e-005
1010.26 4.84109e-005
1010.4 5.08735e-005
1010.41 5.08735e-005
1010.5 1.83079e-005
1010.51 1.83079e-005
1010.7 2.21749e-005
1010.71 2.21749e-005
1010.75 2.46519e-005
1010.76 2.46519e-005
1012.5 1.83079e-005
1012.7 2.21749e-005
1012.75 2.46519e-005
1014.25 4.84109e-005
1014.5 1.83079e-005
1014.7 2.21749e-005
1014.75 2.46519e-005
1015.26 4.84109e-005
1015.51 1.83079e-005
1015.71 2.21749e-005
1015.76 2.46519e-005
1016.5 1.83079e-005
1016.7 2.21749e-005
1016.75 2.46519e-005
1018.5 1.83079e-005
1018.7 2.21749e-005
1018.75 2.46519e-005
1020.25 4.84109e-005
1020.26 4.84109e-005
1020.4 5.08735e-005
1020.41 5.08735e-005
1020.5 1.83079e-005
1020.51 1.83079e-005
1020.7 2.21749e-005
1020.71 2.21749e-005
1020.75 2.46519e-005
1020.76 2.46519e-005
1022.4 5.08735e-005
1022.5 1.83079e-005
1022.7 2.21749e-005
1022.75 2.46519e-005
1024.5 1.83079e-005
1024.7 2.21749e-005
1024.75 2.46519e-005
1025.41 5.08735e-005
1025.51 1.83079e-005
1025.71 2.21749e-005
1025.76 2.46519e-005
1026.5 1.83079e-005
1026.7 2.21749e-005
1026.75 2.46519e-005
1028.5 1.83079e-005
1028.7 2.21749e-005
1028.75 2.46519e-005
1030.25 4.84109e-005
1030.26 4.84109e-005
1030.41 5.08735e-005
1030.5 1.83079e-005
1030.51 1.83079e-005
1030.7 2.21749e-005
1030.71 2.21749e-005
1030.75 2.46519e-005
1030.76 2.46519e-005
1032.25 4.84109e-005
1032.5 1.83079e-005
1032.7 2.21749e-005
1032.75 2.46519e-005
1034.25 4.84109e-005
1034.5 1.83079e-005
1034.7 2.21749e-005
1034.75 2.46519e-005
1035.26 4.84109e-005
1035.41 5.08735e-005
1035.51 1.83079e-005
1035.71 2.21749e-005
1035.76 2.46519e-005
1036.25 4.84109e-005
1036.5 1.83079e-005
1036.7 2.21749e-005
1036.75 2.46519e-005
1038.4 5.08735e-005
1038.5 1.83079e-005
1038.7 2.21749e-005
1038.75 2.46519e-005
1040.25 4.84109e-005
1040.26 4.84109e-005
1040.41 5.08735e-005
1040.5 1.83079e-005
1040.51 1.83079e-005
1040.7 2.21749e-005
1040.71 2.21749e-005
1040.75 2.46519e-005
1040.76 2.46519e-005
1042.5 1.83079e-005
1042.7 2.21749e-005
1042.75 2.46519e-005
1044.25 4.84109e-005
1044.4 5.08735e-005
1044.5 1.83079e-005
1044.7 2.21749e-005
1044.75 2.46519e-005
1045.26 4.84109e-005
1045.41 5.08735e-005
1045.51 1.83079e-005
1045.71 2.21749e-005
1045.76 2.46519e-005
1046.5 1.83079e-005
1046.7 2.21749e-005
1046.75 2.46519e-005
1048.25 4.84109e-005
1048.5 1.83079e-005
1048.7 2.21749e-005
1048.75 2.46519e-005
1050.26 4.84109e-005
1050.4 5.08735e-005
1050.41 5.08735e-005
1050.5 1.83079e-005
1050.51 1.83079e-005
1050.7 2.21749e-005
1050.71 2.21749e-005
1050.75 2.46519e-005
1050.76 2.46519e-005
1052.4 5.08735e-005
1052.5 1.83079e-005
1052.7 2.21749e-005
1052.75 2.46519e-005
1054.25 4.84109e-005
1054.4 5.08735e-005
1054.5 1.83079e-005
1054.7 2.21749e-005
1054.75 2.46519e-005
1055.26 4.84109e-005
1055.41 5.08735e-005
1055.51 1.83079e-005
1055.71 2.21749e-005
1055.76 2.46519e-005
1056.4 5.08735e-005
1056.5 1.83079e-005
1056.7 2.21749e-005
1056.75 2.46519e-005
1058.25 4.84109e-005
1058.5 1.83079e-005
1058.7 2.21749e-005
1058.75 2.46519e-005
1060.25 4.84109e-005
1060.26 4.84109e-005
1060.41 5.08735e-005
1060.5 1.83079e-005
1060.51 1.83079e-005
1060.7 2.21749e-005
1060.71 2.21749e-005
1060.75 2.46519e-005
1060.76 2.46519e-005
1062.5 1.83079e-005
1062.7 2.21749e-005
1062.75 2.46519e-005
1064.5 1.83079e-005
1064.7 2.21749e-005
1064.75 2.46519e-005
1065.26 4.84109e-005
1065.41 5.08735e-005
1065.51 1.83079e-005
1065.71 2.21749e-005
1065.76 2.46519e-005
1066.5 1.83079e-005
1066.7 2.21749e-005
1066.75 2.46519e-005
1068.5 1.83079e-005
1068.7 2.21749e-005
1068.75 2.46519e-005
1070.26 4.84109e-005
1070.41 5.08735e-005
1070.5 1.83079e-005
1070.51 1.83079e-005
1070.7 2.21749e-005
1070.71 2.21749e-005
1070.75 2.46519e-005
1070.76 2.46519e-005
1072.5 1.83079e-005
1072.7 2.21749e-005
1072.75 2.46519e-005
1074.5 1.83079e-005
1074.7 2.21749e-005
1074.75 2.46519e-005
1075.26 4.84109e-005
1075.51 1.83079e-005
1075.71 2.21749e-005
1075.76 2.46519e-005
1076.25 4.84109e-005
1076.5 1.83079e-005
1076.7 2.21749e-005
1076.75 2.46519e-005
1078.25 4.84109e-005
1078.5 1.83079e-005
1078.7 2.21749e-005
1078.75 2.46519e-005
1080.4 5.08735e-005
1080.5 1.83079e-005
1080.51 1.83079e-005
1080.7 2.21749e-005
1080.71 2.21749e-005
1080.75 2.46519e-005
1080.76 2.46519e-005
1082.4 5.08735e-005
1082.5 1.83079e-005
1082.7 2.21749e-005
1082.75 2.46519e-005
1084.25 4.84109e-005
1084.5 1.83079e-005
1084.7 2.21749e-005
1084.75 2.46519e-005
1085.26 4.84109e-005
1085.41 5.08735e-005
1085.51 1.83079e-005
1085.71 2.21749e-005
1085.76 2.46519e-005
1086.5 1.83079e-005
1086.7 2.21749e-005
1086.75 2.46519e-005
1088.5 1.83079e-005
1088.7 2.21749e-005
1088.75 2.46519e-005
1090.26 4.84109e-005
1090.41 5.08735e-005
1090.5 1.83079e-005
1090.51 1.83079e-005
1090.7 2.21749e-005
1090.71 2.21749e-005
1090.75 2.46519e-005
1090.76 2.46519e-005
1092.25 4.84109e-005
1092.5 1.83079e-005
1092.7 2.21749e-005
1092.75 2.46519e-005
1094.5 1.83079e-005
1094.7 2.21749e-005
1094.75 2.46519e-005
1095.26 4.84109e-005
1095.41 5.08735e-005
1095.51 1.83079e-005
1095.71 2.21749e-005
1095.76 2.46519e-005
1096.5 1.83079e-005
1096.7 2.21749e-005
1096.75 2.46519e-005
1098.25 4.84109e-005
1098.4 5.08735e-005
1098.5 1.83079e-005
1098.7 2.21749e-005
1098.75 2.46519e-005
1100.25 4.84109e-005
1100.41 5.08735e-005
1100.5 1.83079e-005
1100.51 1.83079e-005
1100.7 2.21749e-005
1100.71 2.21749e-005
1100.75 2.46519e-005
1100.76 2.46519e-005
1102.5 1.83079e-005
1102.7 2.21749e-005
1102.75 2.46519e-005
1104.5 1.83079e-005
1104.7 2.21749e-005
1104.75 2.46519e-005
1105.51 1.83079e-005
1105.71 2.21749e-005
1105.76 2.46519e-005
1106.25 4.84109e-005
1106.5 1.83079e-005
1106.7 2.21749e-005
1106.75 2.46519e-005
1108.25 4.84109e-005
1108.5 1.83079e-005
1108.7 2.21749e-005
1108.75 2.46519e-005
1110.25 4.84109e-005
1110.26 4.84109e-005
1110.4 5.08735e-005
1110.41 5.08735e-005
1110.5 1.83079e-005
1110.51 1.83079e-005
1110.7 2.21749e-005
1110.71 2.21749e-005
1110.75 2.46519e-005
1110.76 2.46519e-005
1112.25 4.84109e-005
1112.5 1.83079e-005
1112.7 2.21749e-005
1112.75 2.46519e-005
1114.25 4.84109e-005
1114.5 1.83079e-005
1114.7 2.21749e-005
1114.75 2.46519e-005
1115.26 4.84109e-005
1115.51 1.83079e-005
1115.71 2.21749e-005
1115.76 2.46519e-005
1116.25 4.84109e-005
1116.5 1.83079e-005
1116.7 2.21749e-005
1116.75 2.46519e-005
1118.25 4.84109e-005
1118.5 1.83079e-005
1118.7 2.21749e-005
1118.75 2.46519e-005
1120.25 4.84109e-005
1120.41 5.08735e-005
1120.5 1.83079e-005
1120.51 1.83079e-005
1120.7 2.21749e-005
1120.71 2.21749e-005
1120.75 2.46519e-005
1120.76 2.46519e-005
1122.25 4.84109e-005
1122.5 1.83079e-005
1122.7 2.21749e-005
1122.75 2.46519e-005
1124.5 1.83079e-005
1124.7 2.21749e-005
1124.75 2.46519e-005
1125.51 1.83079e-005
1125.71 2.21749e-005
1125.76 2.46519e-005
1126.5 1.83079e-005
1126.7 2.21749e-005
1126.75 2.46519e-005
1128.4 5.08735e-005
1128.5 1.83079e-005
1128.7 2.21749e-005
1128.75 2.46519e-005
1130.26 4.84109e-005
1130.41 5.08735e-005
1130.5 1.83079e-005
1130.51 1.83079e-005
1130.7 2.21749e-005
1130.71 2.21749e-005
1130.75 2.46519e-005
1130.76 2.46519e-005
1132.5 1.83079e-005
1132.7 2.21749e-005
1132.75 2.46519e-005
1134.25 4.84109e-005
1134.5 1.83079e-005
1134.7 2.21749e-005
1134.75 2.46519e-005
1135.26 4.84109e-005
1135.51 1.83079e-005
1135.71 2.21749e-005
1135.76 2.46519e-005
1136.25 4.84109e-005
1136.4 5.08735e-005
1136.5 1.83079e-005
1136.7 2.21749e-005
1136.75 2.46519e-005
1138.25 4.84109e-005
1138.5 1.83079e-005
1138.7 2.21749e-005
1138.75 2.46519e-005
1140.25 4.84109e-005
1140.26 4.84109e-005
1140.41 5.08735e-005
1140.5 1.83079e-005
1140.51 1.83079e-005
1140.7 2.21749e-005
1140.71 2.21749e-005
1140.75 2.46519e-005
1140.76 2.46519e-005
1142.25 4.84109e-005
1142.5 1.83079e-005
1142.7 2.21749e-005
1142.75 2.46519e-005
1144.5 1.83079e-005
1144.7 2.21749e-005
1144.75 2.46519e-005
1145.26 4.84109e-005
1145.41 5.08735e-005
1145.51 1.83079e-005
1145.71 2.21749e-005
1145.76 2.46519e-005
1146.4 5.08735e-005
1146.5 1.83079e-005
1146.7 2.21749e-005
1146.75 2.46519e-005
1148.4 5.08735e-005
1148.5 1.83079e-005
1148.7 2.21749e-005
1148.75 2.46519e-005
1150.25 4.84109e-005
1150.26 4.84109e-005
1150.4 5.08735e-005
1150.41 5.08735e-005
1150.5 1.83079e-005
1150.51 1.83079e-005
1150.7 2.21749e-005
1150.71 2.21749e-005
1150.75 2.46519e-005
1150.76 2.46519e-005
1152.25 4.84109e-005
1152.4 5.08735e-005
1152.5 1.83079e-005
1152.7 2.21749e-005
1152.75 2.46519e-005
1154.5 1.83079e-005
1154.7 2.21749e-005
1154.75 2.46519e-005
1155.41 5.08735e-005
1155.51 1.83079e-005
1155.71 2.21749e-005
1155.76 2.46519e-005
1156.5 1.83079e-005
1156.7 2.21749e-005
1156.75 2.46519e-005
1158.25 4.84109e-005
1158.5 1.83079e-005
1158.7 2.21749e-005
1158.75 2.46519e-005
1160.25 4.84109e-005
1160.26 4.84109e-005
1160.4 5.08735e-005
1160.41 5.08735e-005
1160.5 1.83079e-005
1160.51 1.83079e-005
1160.7 2.21749e-005
1160.71 2.21749e-005
1160.75 2.46519e-005
1160.76 2.46519e-005
1162.25 4.84109e-005
1162.5 1.83079e-005
1162.7 2.21749e-005
1162.75 2.46519e-005
1164.25 4.84109e-005
1164.5 1.83079e-005
1164.7 2.21749e-005
1164.75 2.46519e-005
1165.26 4.84109e-005
1165.51 1.83079e-005
1165.71 2.21749e-005
1165.76 2.46519e-005
1166.25 4.84109e-005
1166.5 1.83079e-005
1166.7 2.21749e-005
1166.75 2.46519e-005
1168.4 5.08735e-005
1168.5 1.83079e-005
1168.7 2.21749e-005
1168.75 2.46519e-005
1170.26 4.84109e-005
1170.41 5.08735e-005
1170.5 1.83079e-005
1170.51 1.83079e-005
1170.7 2.21749e-005
1170.71 2.21749e-005
1170.75 2.46519e-005
1170.76 2.46519e-005
1172.25 4.84109e-005
1172.5 1.83079e-005
1172.7 2.21749e-005
1172.75 2.46519e-005
1174.25 4.84109e-005
1174.5 1.83079e-005
1174.7 2.21749e-005
1174.75 2.46519e-005
1175.26 4.84109e-005
1175.51 1.83079e-005
1175.71 2.21749e-005
1175.76 2.46519e-005
1176.5 1.83079e-005
1176.7 2.21749e-005
1176.75 2.46519e-005
1178.25 4.84109e-005
1178.5 1.83079e-005
1178.7 2.21749e-005
1178.75 2.46519e-005
1180.26 4.84109e-005
1180.5 1.83079e-005
1180.51 1.83079e-005
1180.7 2.21749e-005
1180.71 2.21749e-005
1180.75 2.46519e-005
1180.76 2.46519e-005
1182.25 4.84109e-005
1182.5 1.83079e-005
1182.7 2.21749e-005
1182.75 2.46519e-005
1184.4 5.08735e-005
1184.5 1.83079e-005
1184.7 2.21749e-005
1184.75 2.46519e-005
1185.26 4.84109e-005
1185.51 1.83079e-005
1185.71 2.21749e-005
1185.76 2.46519e-005
1186.25 4.84109e-005
1186.5 1.83079e-005
1186.7 2.21749e-005
1186.75 2.46519e-005
1188.5 1.83079e-005
1188.7 2.21749e-005
1188.75 2.46519e-005
1190.25 4.84109e-005
1190.26 4.84109e-005
1190.41 5.08735e-005
1190.5 1.83079e-005
1190.51 1.83079e-005
1190.7 2.21749e-005
1190.71 2.21749e-005
1190.75 2.46519e-005
1190.76 2.46519e-005
1192.25 4.84109e-005
1192.5 1.83079e-005
1192.7 2.21749e-005
1192.75 2.46519e-005
1194.5 1.83079e-005
1194.7 2.21749e-005
1194.75 2.46519e-005
1195.26 4.84109e-005
1195.41 5.08735e-005
1195.51 1.83079e-005
1195.71 2.21749e-005
1195.76 2.46519e-005
1196.5 1.83079e-005
1196.7 2.21749e-005
1196.75 2.46519e-005
1198.25 4.84109e-005
1198.4 5.08735e-005
1198.5 1.83079e-005
1198.7 2.21749e-005
1198.75 2.46519e-005
