5.605 2
6.6 5
8.6 3
10.6 2
12.6 5
14.6 1
15.605 4
16.6 3
20.6 2
22.6 3
24.6 1
25.605 1
26.6 5
28.6 3
30.6 1
32.6 5
34.6 3
35.605 2
36.6 4
38.6 3
40.6 1
42.6 4
44.6 3
45.605 2
46.6 4
48.6 1
50.6 2
52.6 3
54.6 2
55.605 2
56.6 4
58.6 1
60.6 3
62.6 3
64.6 2
65.605 2
66.6 6
68.6 3
70.6 1
72.6 7
74.6 3
75.605 2
76.6 4
78.6 5
80.6 4
82.6 5
84.6 2
85.605 1
86.6 5
88.6 2
90.6 2
92.6 3
94.6 1
95.605 2
96.6 3
100.6 1
102.6 5
104.6 2
105.605 1
106.6 4
108.6 2
110.6 1
112.6 5
114.6 2
115.605 1
116.6 6
118.6 2
120.6 3
122.6 4
125.605 5
126.6 3
128.6 3
130.6 2
132.6 1
134.6 3
135.605 1
136.6 4
140.6 5
142.6 2
144.6 2
145.605 6
146.6 3
148.6 1
150.6 3
152.6 4
154.6 2
155.605 2
156.6 4
160.6 4
162.6 4
165.605 3
166.6 5
168.6 1
170.6 4
172.6 3
174.6 1
175.605 3
176.6 3
178.6 2
180.6 1
182.6 6
184.6 1
185.605 3
186.6 5
190.6 4
192.6 4
194.6 2
195.605 4
196.6 3
198.6 4
200.6 1
202.6 6
204.6 1
205.605 3
206.6 5
210.6 2
212.6 4
215.605 1
216.6 3
218.6 1
220.6 2
222.6 2
224.6 2
225.605 1
226.6 6
228.6 3
230.6 2
232.6 2
234.6 4
235.605 1
236.6 4
240.6 6
242.6 3
244.6 1
245.605 4
246.6 4
250.6 1
252.6 5
255.605 4
258.6 1
260.6 2
262.6 3
265.605 1
266.6 4
268.6 4
270.6 2
272.6 3
274.6 3
275.605 3
276.6 7
278.6 2
280.6 3
282.6 4
284.6 3
285.605 4
286.6 3
288.6 1
290.6 4
292.6 4
294.6 3
295.605 1
296.6 4
298.6 1
300.6 1
302.6 4
304.6 1
305.605 1
306.6 5
308.6 1
310.6 3
312.6 4
314.6 1
315.605 4
316.6 4
318.6 2
320.6 2
322.6 3
324.6 1
325.605 2
326.6 3
328.6 1
330.6 2
332.6 3
334.6 1
335.605 2
336.6 3
338.6 5
340.6 2
342.6 4
344.6 2
345.605 1
346.6 4
348.6 4
350.6 3
352.6 2
354.6 3
355.605 2
356.6 3
358.6 1
360.6 5
362.6 5
364.6 3
365.605 6
366.6 3
368.6 2
370.6 3
372.6 5
374.6 1
375.605 1
376.6 5
378.6 3
380.6 3
382.6 6
384.6 1
385.605 4
386.6 4
388.6 3
390.6 1
392.6 6
394.6 3
395.605 1
396.6 2
398.6 7
400.6 1
402.6 2
404.6 5
405.605 3
406.6 3
408.6 3
410.6 3
412.6 4
414.6 1
415.605 6
416.6 2
418.6 3
420.6 1
422.6 5
424.6 3
425.605 1
426.6 6
428.6 1
430.6 1
432.6 4
434.6 1
435.605 4
436.6 3
438.6 1
440.6 4
442.6 3
444.6 2
445.605 1
446.6 5
448.6 3
450.6 3
452.6 6
454.6 2
455.605 4
456.6 1
458.6 2
460.6 2
462.6 2
464.6 2
465.605 3
466.6 4
468.6 2
470.6 4
472.6 4
474.6 2
475.605 2
476.6 3
478.6 3
480.6 4
482.6 2
485.605 4
486.6 4
488.6 4
490.6 2
492.6 3
494.6 3
495.605 1
496.6 5
498.6 3
500.6 2
502.6 2
504.6 3
505.605 2
506.6 5
508.6 1
510.6 3
512.6 4
514.6 1
515.605 3
516.6 3
520.6 1
522.6 6
525.605 3
526.6 5
528.6 2
530.6 2
532.6 4
534.6 1
535.605 2
538.6 6
540.6 4
542.6 4
544.6 1
545.605 4
546.6 2
548.6 3
550.6 3
552.6 2
554.6 2
555.605 6
558.6 3
560.6 3
562.6 4
564.6 1
565.605 5
566.6 3
568.6 2
570.6 6
572.6 4
574.6 2
575.605 1
576.6 5
578.6 1
580.6 2
582.6 3
584.6 2
585.605 2
586.6 3
588.6 4
590.6 3
592.6 2
594.6 3
595.605 4
596.6 3
598.6 2
