5.655 7
6.65 3
10.65 5
12.65 3
15.655 6
16.65 1
20.65 4
22.65 2
25.655 6
26.65 3
30.65 6
32.65 3
35.655 5
36.65 4
40.65 5
42.65 3
45.655 4
46.65 3
50.65 4
52.65 3
55.655 4
56.65 3
60.65 5
62.65 3
65.655 7
66.65 4
70.65 8
72.65 3
75.655 8
76.65 3
80.65 8
82.65 3
85.655 6
86.65 2
90.65 4
92.65 2
95.655 4
96.65 1
100.65 5
102.65 3
105.655 4
106.65 3
110.65 5
112.65 3
115.655 5
116.65 4
120.65 5
122.65 2
125.655 7
126.65 4
130.65 4
132.65 2
135.655 4
136.65 3
140.65 7
142.65 2
145.655 8
146.65 2
150.65 6
152.65 3
155.655 5
156.65 1
160.65 6
162.65 2
165.655 7
166.65 2
170.65 6
172.65 2
175.655 5
176.65 3
180.65 6
182.65 2
185.655 6
186.65 2
190.65 7
192.65 3
195.655 6
196.65 5
200.65 6
202.65 2
205.655 6
206.65 2
210.65 4
212.65 2
215.655 3
216.65 2
220.65 4
222.65 3
225.655 6
226.65 4
230.65 4
232.65 4
235.655 4
236.65 4
240.65 5
242.65 2
245.655 6
246.65 2
250.65 4
252.65 2
255.655 6
256.65 1
260.65 4
262.65 1
265.655 5
266.65 4
270.65 4
272.65 4
275.655 8
276.65 4
280.65 7
282.65 3
285.655 6
286.65 2
290.65 8
292.65 3
295.655 4
296.65 2
300.65 4
302.65 2
305.655 4
306.65 3
310.65 6
312.65 2
315.655 6
316.65 4
320.65 4
322.65 2
325.655 4
326.65 2
330.65 4
332.65 2
335.655 5
336.65 5
340.65 5
342.65 3
345.655 5
346.65 4
350.65 5
352.65 3
355.655 5
356.65 2
360.65 8
362.65 4
365.655 7
366.65 3
370.65 6
372.65 3
375.655 5
376.65 4
380.65 8
382.65 2
385.655 7
386.65 4
390.65 6
392.65 4
395.655 5
396.65 5
400.65 4
402.65 4
405.655 6
406.65 3
410.65 6
412.65 2
415.655 8
416.65 3
420.65 5
422.65 4
425.655 6
426.65 2
430.65 4
432.65 2
435.655 6
436.65 2
440.65 6
442.65 3
445.655 5
446.65 4
450.65 8
452.65 3
455.655 6
456.65 3
460.65 5
462.65 3
465.655 6
466.65 3
470.65 6
472.65 4
475.655 4
476.65 4
480.65 6
482.65 4
485.655 5
486.65 5
490.65 4
492.65 4
495.655 5
496.65 4
500.65 5
502.65 2
505.655 6
506.65 2
510.65 6
512.65 2
515.655 6
516.65 1
520.65 5
522.65 2
525.655 6
526.65 4
530.65 5
532.65 2
535.655 5
536.65 3
540.65 6
542.65 3
545.655 6
546.65 3
550.65 5
552.65 2
555.655 8
556.65 3
560.65 5
562.65 3
565.655 6
566.65 4
570.65 8
572.65 4
575.655 6
576.65 3
580.65 4
582.65 3
585.655 5
586.65 4
590.65 5
592.65 3
595.655 6
596.65 3
