5.705 9
6.7 1
10.7 7
12.7 1
15.705 7
16.7 1
20.7 5
22.7 1
25.705 8
26.7 1
30.7 7
32.7 2
35.705 7
36.7 2
40.7 7
42.7 1
45.705 5
46.7 2
50.7 5
52.7 2
55.705 5
56.7 2
60.7 5
62.7 2
64.7 1
65.705 4
66.7 4
68.7 3
70.7 9
72.7 1
75.705 2
76.7 3
78.7 6
80.7 9
82.7 2
85.705 7
86.7 2
90.7 2
92.7 1
95.705 5
96.7 1
100.7 4
102.7 2
105.705 7
106.7 2
110.7 6
112.7 2
115.705 7
116.7 2
120.7 2
122.7 4
124.7 1
125.705 4
126.7 7
130.7 4
132.7 1
135.705 6
136.7 1
140.7 8
142.7 1
145.705 9
146.7 1
150.7 8
152.7 1
155.705 6
156.7 1
160.7 7
162.7 1
165.705 2
166.7 4
170.7 5
175.705 3
176.7 3
180.7 5
182.7 3
185.705 7
186.7 1
190.7 9
192.7 1
195.705 10
196.7 1
200.7 5
205.705 1
206.7 1
210.7 3
212.7 1
215.705 4
216.7 1
220.7 2
222.7 2
225.705 8
226.7 2
230.7 5
232.7 3
235.705 2
236.7 3
240.7 2
245.705 7
246.7 2
250.7 5
252.7 1
255.705 7
256.7 1
260.7 3
262.7 3
265.705 7
266.7 1
268.7 1
270.7 5
272.7 3
275.705 10
276.7 2
280.7 8
285.705 7
286.7 1
290.7 10
292.7 1
295.705 1
300.7 5
302.7 1
305.705 5
306.7 2
310.7 7
314.7 1
315.705 8
316.7 2
320.7 5
322.7 1
325.705 5
326.7 1
330.7 6
332.7 1
335.705 7
336.7 3
340.7 1
342.7 4
344.7 1
345.705 6
346.7 3
350.7 7
352.7 1
355.705 6
356.7 1
360.7 5
362.7 1
365.705 9
366.7 1
370.7 3
372.7 2
375.705 2
376.7 5
380.7 9
382.7 1
385.705 10
390.7 3
392.7 2
394.7 1
395.705 7
396.7 3
400.7 6
402.7 2
405.705 1
406.7 2
410.7 7
414.7 1
415.705 9
416.7 1
418.7 1
420.7 7
422.7 2
425.705 2
426.7 3
430.7 5
432.7 1
435.705 8
436.7 1
440.7 7
442.7 1
445.705 7
446.7 1
448.7 1
450.7 10
452.7 1
455.705 8
456.7 1
460.7 6
462.7 2
465.705 4
466.7 2
470.7 7
472.7 2
475.705 6
476.7 2
480.7 6
482.7 4
485.705 8
490.7 3
492.7 4
495.705 6
496.7 3
500.7 6
502.7 1
505.705 7
506.7 1
510.7 7
512.7 1
515.705 8
516.7 1
520.7 6
522.7 1
525.705 4
526.7 4
530.7 5
532.7 2
535.705 8
540.7 7
542.7 2
545.705 7
546.7 2
550.7 6
552.7 1
555.705 2
556.7 3
560.7 3
562.7 4
564.7 1
565.705 7
566.7 3
570.7 3
572.7 4
575.705 8
578.7 1
580.7 2
582.7 2
585.705 8
586.7 1
590.7 7
592.7 1
595.705 7
596.7 2
