5.755 2
6.75 6
8.75 2
10.75 3
12.75 1
14.75 4
15.755 3
18.75 2
20.75 2
22.75 3
24.75 1
25.755 4
26.75 3
28.75 2
30.75 3
32.75 5
35.755 3
36.75 4
38.75 3
40.75 3
42.75 3
44.75 2
45.755 2
46.75 3
48.75 2
50.75 2
52.75 4
54.75 1
55.755 2
58.75 1
60.75 2
62.75 4
64.75 2
65.755 4
66.75 4
68.75 3
70.75 5
72.75 5
74.75 1
75.755 5
76.75 5
80.75 4
82.75 5
84.75 1
85.755 4
86.75 1
90.75 2
92.75 4
95.755 2
96.75 3
100.75 3
102.75 4
104.75 1
105.755 2
106.75 5
110.75 3
112.75 4
114.75 1
115.755 4
116.75 3
118.75 2
120.75 2
122.75 5
125.755 4
128.75 1
130.75 2
132.75 3
134.75 1
135.755 2
136.75 3
140.75 4
142.75 4
144.75 1
145.755 5
148.75 1
150.75 3
152.75 5
154.75 1
155.755 1
156.75 5
160.75 3
162.75 4
164.75 1
165.755 4
166.75 4
168.75 1
170.75 2
172.75 5
175.755 3
176.75 5
180.75 4
182.75 4
185.755 3
186.75 5
190.75 3
192.75 5
195.755 2
196.75 5
198.75 3
200.75 4
202.75 4
205.755 3
206.75 5
210.75 2
212.75 4
215.755 1
216.75 3
218.75 1
220.75 2
222.75 4
224.75 1
225.755 4
226.75 3
228.75 1
230.75 4
232.75 4
234.75 2
235.755 2
236.75 3
238.75 3
240.75 2
242.75 4
244.75 1
245.755 3
246.75 4
250.75 2
252.75 4
255.755 3
256.75 4
260.75 2
262.75 3
265.755 3
266.75 4
268.75 2
270.75 2
272.75 4
274.75 2
275.755 5
276.75 5
278.75 2
280.75 3
282.75 5
284.75 2
285.755 4
286.75 3
288.75 1
290.75 5
292.75 4
294.75 2
295.755 2
296.75 3
298.75 1
300.75 2
302.75 3
304.75 1
305.755 3
306.75 3
308.75 1
310.75 3
312.75 4
314.75 1
315.755 3
316.75 4
318.75 3
320.75 2
322.75 3
324.75 1
325.755 2
328.75 1
330.75 2
332.75 3
334.75 1
335.755 2
336.75 4
338.75 4
340.75 2
342.75 4
344.75 2
345.755 2
346.75 7
350.75 3
352.75 5
355.755 2
356.75 4
358.75 1
360.75 4
362.75 6
364.75 2
365.755 5
366.75 1
368.75 4
370.75 3
374.75 1
375.755 2
376.75 4
378.75 3
380.75 3
382.75 6
384.75 1
385.755 3
386.75 6
388.75 2
390.75 2
392.75 5
394.75 3
395.755 2
396.75 6
398.75 2
400.75 2
402.75 4
404.75 2
405.755 3
408.75 4
410.75 3
412.75 4
415.755 5
418.75 1
420.75 1
422.75 5
424.75 1
425.755 4
426.75 3
428.75 1
430.75 2
432.75 3
434.75 1
435.755 4
436.75 4
440.75 4
442.75 4
444.75 1
445.755 2
448.75 3
450.75 4
454.75 5
455.755 3
458.75 2
460.75 3
462.75 3
465.755 3
466.75 4
468.75 2
470.75 2
472.75 6
474.75 2
475.755 2
476.75 3
478.75 3
480.75 3
482.75 5
484.75 2
485.755 2
486.75 5
488.75 3
490.75 2
492.75 3
494.75 3
495.755 3
496.75 3
500.75 2
502.75 4
504.75 1
505.755 3
506.75 4
508.75 1
510.75 3
512.75 4
514.75 1
515.755 3
516.75 4
520.75 1
522.75 4
525.755 3
526.75 5
528.75 2
530.75 3
534.75 1
535.755 2
536.75 5
538.75 2
540.75 4
542.75 4
544.75 1
546.75 3
548.75 2
550.75 3
552.75 3
554.75 1
555.755 5
556.75 4
558.75 2
560.75 3
564.75 1
565.755 4
568.75 2
570.75 7
572.75 4
574.75 3
575.755 4
576.75 4
578.75 1
580.75 2
582.75 3
584.75 2
585.755 2
590.75 1
592.75 4
594.75 2
595.755 4
598.75 2
