6.15 1
8.15 1
10.15 7
26.15 1
32.15 1
34.15 1
36.15 1
38.15 1
42.15 1
68.15 1
72.15 1
74.15 1
76.15 1
78.15 8
80.15 2
84.15 1
86.15 1
102.15 1
106.15 1
112.15 1
116.15 1
142.15 1
146.15 1
178.15 3
182.15 1
188.15 6
190.15 1
192.15 1
194.15 2
196.15 1
198.15 1
202.15 1
222.15 1
226.15 1
272.15 1
276.15 1
280.15 1
282.15 1
286.15 1
292.15 1
294.15 1
332.15 1
336.15 1
340.15 2
342.15 1
344.15 1
346.15 1
364.15 2
365.155 2
368.15 1
372.15 1
374.15 1
376.15 1
388.15 1
392.15 1
394.15 1
395.155 1
396.15 1
418.15 1
438.15 1
442.15 1
444.15 1
448.15 1
452.15 1
526.15 1
528.15 1
532.15 1
536.15 1
538.15 1
542.15 1
544.15 1
546.15 1
548.15 1
552.15 1
556.15 1
558.15 1
562.15 1
566.15 2
568.15 7
570.15 2
572.15 1
574.15 2
575.155 2
576.15 1
594.15 1
596.15 1
598.15 1
