6.2 1
8.2 7
25.205 1
26.2 2
28.2 3
30.2 1
32.2 4
35.205 1
36.2 5
38.2 3
40.2 2
42.2 3
64.2 5
65.205 2
66.2 3
68.2 6
70.2 1
72.2 5
75.205 1
76.2 2
78.2 7
80.2 2
82.2 1
85.205 1
86.2 2
102.2 2
105.205 1
106.2 2
112.2 2
115.205 1
116.2 2
126.2 1
132.2 2
135.205 1
136.2 2
140.2 1
142.2 3
144.2 4
145.205 1
146.2 2
150.2 1
152.2 1
162.2 3
164.2 5
165.205 1
176.2 3
178.2 3
180.2 1
184.2 5
186.2 7
188.2 1
190.2 1
192.2 1
194.2 1
195.205 2
196.2 2
200.2 2
222.2 1
225.205 1
226.2 2
235.205 2
236.2 2
266.2 1
272.2 3
274.2 1
275.205 1
276.2 5
278.2 1
280.2 1
282.2 1
285.205 1
286.2 1
290.2 1
292.2 2
302.2 2
304.2 4
305.205 1
308.2 4
312.2 3
315.205 1
318.2 5
332.2 1
335.205 1
336.2 2
346.2 1
352.2 1
360.2 1
362.2 1
364.2 1
365.205 3
366.2 1
370.2 1
372.2 2
375.205 1
376.2 2
380.2 1
382.2 3
384.2 5
385.205 2
386.2 4
390.2 1
392.2 2
394.2 1
395.205 1
396.2 2
398.2 1
412.2 3
414.2 5
415.205 1
416.2 4
418.2 5
420.2 1
422.2 7
425.205 1
426.2 2
432.2 2
435.205 1
436.2 1
440.2 1
442.2 4
445.205 2
446.2 3
448.2 4
450.2 2
452.2 9
460.2 2
462.2 1
465.205 2
466.2 2
470.2 3
472.2 2
475.205 1
476.2 2
482.2 1
485.205 2
486.2 1
492.2 2
496.2 2
515.205 1
516.2 3
526.2 1
528.2 1
530.2 2
532.2 1
535.205 2
536.2 4
540.2 1
542.2 2
545.205 1
546.2 2
550.2 1
552.2 1
555.205 2
556.2 1
558.2 1
560.2 2
562.2 3
564.2 3
565.205 2
566.2 7
568.2 2
570.2 1
572.2 2
574.2 1
575.205 3
576.2 1
585.205 1
586.2 2
590.2 1
592.2 2
595.205 1
596.2 3
598.2 4
