6.3 2
8.3 6
10.3 3
12.3 3
14.3 3
15.305 2
16.3 4
18.3 2
22.3 3
24.3 2
28.3 5
30.3 3
32.3 3
34.3 5
36.3 3
42.3 4
44.3 3
45.305 2
46.3 2
48.3 3
50.3 2
52.3 2
55.305 1
56.3 2
60.3 1
62.3 4
64.3 2
65.305 3
66.3 5
68.3 2
70.3 4
72.3 4
74.3 5
75.305 2
76.3 5
78.3 3
80.3 3
82.3 4
85.305 2
86.3 1
88.3 5
90.3 2
92.3 2
94.3 4
96.3 2
98.3 2
102.3 4
104.3 3
105.305 1
106.3 2
108.3 5
112.3 4
114.3 3
115.305 1
116.3 3
120.3 2
122.3 3
124.3 4
125.305 1
126.3 4
130.3 1
132.3 1
134.3 3
135.305 1
136.3 2
138.3 3
142.3 6
144.3 2
145.305 1
146.3 1
152.3 3
155.305 2
156.3 4
158.3 2
160.3 1
162.3 4
164.3 3
165.305 1
166.3 5
168.3 2
170.3 2
172.3 4
174.3 3
176.3 3
178.3 5
182.3 2
184.3 6
186.3 4
188.3 4
192.3 5
194.3 3
195.305 1
196.3 2
200.3 3
202.3 5
204.3 3
205.305 1
206.3 4
208.3 3
218.3 3
222.3 1
234.3 4
235.305 3
236.3 3
238.3 2
240.3 3
242.3 3
244.3 3
245.305 2
246.3 3
252.3 3
254.3 3
255.305 1
256.3 3
262.3 1
264.3 3
272.3 3
274.3 3
275.305 3
276.3 6
278.3 3
280.3 3
282.3 3
284.3 4
285.305 2
286.3 4
288.3 3
290.3 2
292.3 6
294.3 2
295.305 2
296.3 2
298.3 3
300.3 1
302.3 3
304.3 2
305.305 1
306.3 4
308.3 2
310.3 2
312.3 3
314.3 3
315.305 2
316.3 1
318.3 3
322.3 1
330.3 1
332.3 3
334.3 2
335.305 1
336.3 2
338.3 3
348.3 7
352.3 3
354.3 5
356.3 3
358.3 3
360.3 2
362.3 4
364.3 4
365.305 1
366.3 1
368.3 3
370.3 2
372.3 3
376.3 2
378.3 4
380.3 4
382.3 6
384.3 2
385.305 2
386.3 4
388.3 4
390.3 2
392.3 4
394.3 3
395.305 3
396.3 3
398.3 5
400.3 2
402.3 2
404.3 4
405.305 3
406.3 3
408.3 2
410.3 4
412.3 4
414.3 2
415.305 1
416.3 1
420.3 1
422.3 2
424.3 5
425.305 1
426.3 4
428.3 3
430.3 1
432.3 2
434.3 3
435.305 1
436.3 4
438.3 4
442.3 1
444.3 4
446.3 2
448.3 4
450.3 4
452.3 4
454.3 4
455.305 3
456.3 4
460.3 2
462.3 1
470.3 2
472.3 4
474.3 4
475.305 2
476.3 3
478.3 2
480.3 4
482.3 2
484.3 1
485.305 2
486.3 3
488.3 5
490.3 2
492.3 2
494.3 3
495.305 3
496.3 4
498.3 2
500.3 3
502.3 3
504.3 3
505.305 2
506.3 4
508.3 2
510.3 2
512.3 3
514.3 3
515.305 1
516.3 1
532.3 4
538.3 5
540.3 2
542.3 5
544.3 3
552.3 3
554.3 4
555.305 2
556.3 4
560.3 2
562.3 3
565.305 1
566.3 6
568.3 2
570.3 3
572.3 6
574.3 3
575.305 2
576.3 1
578.3 5
580.3 1
582.3 2
584.3 3
585.305 2
586.3 2
590.3 4
592.3 3
594.3 3
595.305 2
596.3 4
598.3 3
