5.355 1
6.35 7
8.35 2
10.35 2
12.35 5
14.35 1
15.355 2
16.35 5
20.35 1
22.35 4
24.35 1
25.355 3
26.35 4
28.35 2
30.35 2
32.35 6
35.355 2
36.35 5
38.35 3
40.35 2
42.35 4
44.35 2
45.355 1
46.35 4
48.35 2
50.35 1
52.35 5
54.35 1
55.355 1
56.35 5
58.35 1
60.35 1
62.35 5
64.35 2
65.355 3
66.35 5
68.35 3
70.35 4
72.35 6
74.35 1
75.355 4
76.35 6
78.35 1
80.35 4
82.35 6
84.35 1
85.355 3
86.35 5
90.35 1
92.35 5
95.355 1
96.35 4
100.35 2
102.35 5
104.35 1
105.355 1
106.35 6
110.35 1
112.35 6
114.35 1
115.355 3
116.35 4
118.35 2
120.35 1
122.35 6
125.355 1
126.35 9
128.35 1
130.35 1
132.35 4
134.35 1
135.355 1
136.35 4
140.35 3
142.35 5
144.35 1
145.355 4
146.35 5
148.35 1
150.35 2
152.35 6
154.35 1
156.35 6
160.35 2
162.35 5
164.35 1
165.355 3
166.35 5
168.35 1
170.35 2
172.35 6
175.355 2
176.35 6
180.35 3
182.35 5
185.355 2
186.35 6
190.35 2
192.35 6
194.35 2
195.355 2
196.35 6
198.35 3
200.35 3
202.35 5
205.355 2
206.35 6
210.35 1
212.35 5
216.35 4
218.35 1
220.35 1
222.35 5
224.35 1
225.355 3
226.35 4
228.35 1
230.35 3
232.35 5
234.35 2
235.355 1
236.35 4
238.35 3
240.35 1
242.35 5
244.35 1
245.355 2
246.35 5
248.35 1
250.35 1
252.35 5
255.355 2
256.35 5
260.35 1
262.35 4
265.355 2
266.35 5
268.35 2
270.35 1
272.35 5
274.35 2
275.355 4
276.35 6
278.35 2
280.35 2
282.35 6
284.35 2
285.355 3
286.35 4
288.35 1
290.35 4
292.35 5
294.35 2
295.355 1
296.35 4
298.35 1
300.35 1
302.35 4
304.35 1
305.355 2
306.35 4
308.35 1
310.35 2
312.35 5
314.35 1
315.355 2
316.35 5
318.35 3
320.35 1
322.35 4
324.35 1
325.355 1
326.35 4
328.35 1
330.35 1
332.35 4
334.35 1
335.355 1
336.35 5
338.35 4
340.35 1
342.35 5
344.35 2
345.355 1
346.35 8
350.35 2
352.35 6
355.355 1
356.35 5
358.35 1
360.35 3
362.35 7
364.35 2
365.355 4
366.35 4
368.35 2
370.35 2
372.35 6
374.35 1
375.355 1
376.35 5
378.35 3
380.35 4
382.35 5
384.35 1
385.355 2
386.35 7
388.35 2
390.35 2
392.35 5
394.35 3
395.355 1
396.35 7
398.35 2
400.35 1
402.35 5
404.35 2
405.355 2
406.35 5
408.35 2
410.35 2
412.35 5
414.35 1
415.355 4
416.35 6
418.35 1
420.35 2
422.35 6
424.35 1
425.355 3
426.35 4
428.35 1
430.35 1
432.35 4
434.35 1
435.355 3
436.35 5
440.35 3
442.35 5
444.35 1
445.355 1
446.35 5
448.35 3
450.35 3
452.35 4
454.35 4
455.355 2
456.35 5
458.35 2
460.35 2
462.35 4
464.35 2
465.355 2
466.35 5
468.35 2
470.35 3
472.35 5
474.35 2
475.355 1
476.35 4
478.35 3
480.35 2
482.35 6
484.35 2
485.355 1
486.35 6
488.35 3
490.35 1
492.35 4
494.35 3
495.355 2
496.35 4
498.35 3
500.35 1
502.35 5
504.35 1
505.355 2
506.35 5
508.35 1
510.35 2
512.35 5
514.35 1
515.355 2
516.35 5
520.35 2
522.35 5
525.355 2
526.35 6
528.35 2
530.35 2
532.35 4
534.35 1
535.355 1
536.35 5
538.35 2
540.35 3
542.35 5
544.35 1
545.355 3
546.35 4
548.35 2
550.35 2
552.35 4
554.35 1
555.355 4
556.35 5
558.35 2
560.35 2
562.35 5
564.35 1
565.355 3
566.35 7
570.35 4
572.35 5
574.35 3
575.355 3
576.35 5
578.35 1
580.35 1
582.35 4
584.35 2
585.355 1
586.35 6
588.35 2
590.35 1
592.35 5
594.35 2
595.355 3
596.35 4
598.35 2
