6.4 7
8.4 3
25.405 1
26.4 1
30.4 1
32.4 1
35.405 1
36.4 1
40.4 1
42.4 1
66.4 1
70.4 1
72.4 1
74.4 2
75.405 1
76.4 8
78.4 2
80.4 1
82.4 1
85.405 1
86.4 1
102.4 1
105.405 1
106.4 1
112.4 1
116.4 1
122.4 6
124.4 1
126.4 9
128.4 2
140.4 1
145.405 1
146.4 1
150.4 1
152.4 1
176.4 3
178.4 3
180.4 1
182.4 5
185.405 1
186.4 6
188.4 1
190.4 1
192.4 2
196.4 1
200.4 1
222.4 1
225.405 1
226.4 2
245.405 1
246.4 6
248.4 2
262.4 4
264.4 1
266.4 7
268.4 2
272.4 1
275.405 1
278.4 1
280.4 1
285.405 1
290.4 1
292.4 1
314.4 3
315.405 1
316.4 6
318.4 2
335.405 1
336.4 7
338.4 2
340.4 1
342.4 1
345.405 1
346.4 7
348.4 1
352.4 2
360.4 1
362.4 2
364.4 2
365.405 1
366.4 1
370.4 1
372.4 1
375.405 1
376.4 1
380.4 1
385.405 1
386.4 1
390.4 1
392.4 1
394.4 1
395.405 1
396.4 1
398.4 1
415.405 1
416.4 1
418.4 2
420.4 4
422.4 7
425.405 1
426.4 1
435.405 1
436.4 1
440.4 1
442.4 1
445.405 1
446.4 1
450.4 2
452.4 9
454.4 1
456.4 1
465.405 1
466.4 1
470.4 1
472.4 1
482.4 6
484.4 4
486.4 8
525.405 1
526.4 2
530.4 1
535.405 1
536.4 1
540.4 1
542.4 1
545.405 1
546.4 1
555.405 1
556.4 1
560.4 1
562.4 1
565.405 2
566.4 7
568.4 2
570.4 1
572.4 2
574.4 2
575.405 1
576.4 7
578.4 1
585.405 1
586.4 1
590.4 1
592.4 1
595.405 1
596.4 1
