0.550039 3.08137e-005
0.555032 3.08416e-005
0.800052 4.10932e-005
0.805042 4.10998e-005
2.55005 4.21598e-005
2.80006 4.37734e-005
4.80006 4.64814e-005
5.80508 4.78511e-005
6.80006 4.92125e-005
10.8051 5.10565e-005
12.8001 4.49352e-005
14.5501 5.15332e-005
14.8001 3.92605e-005
15.5551 4.64992e-005
15.8051 3.66519e-005
16.5501 4.31739e-005
16.6001 4.50437e-005
16.8001 3.42788e-005
18.5501 4.28686e-005
18.6001 3.07023e-005
18.6501 3.90739e-005
18.8001 3.03335e-005
18.8501 4.89502e-005
20.5551 4.45926e-005
20.6001 2.21342e-005
20.605 2.2145e-005
20.6501 3.31837e-005
20.655 3.31998e-005
20.8001 2.76604e-005
20.805 2.76543e-005
22.5501 3.28392e-005
22.6001 2.65389e-005
22.6501 4.01211e-005
22.8001 2.52006e-005
24.5501 2.19075e-005
24.6001 3.10191e-005
24.6501 4.76628e-005
24.8 2.27534e-005
25.555 1.72586e-005
25.6051 3.32894e-005
25.805 2.15298e-005
26.5501 1.39916e-005
26.6001 3.55464e-005
26.8 2.03233e-005
28.55 1.50293e-005
28.8 1.79175e-005
30.5501 2.07413e-005
30.555 2.07383e-005
30.6001 4.54609e-005
30.6051 4.54795e-005
30.8 1.86763e-005
30.805 1.86924e-005
32.55 1.96682e-005
32.8 2.67034e-005
34.55 1.88552e-005
34.8 3.63751e-005
35.555 1.85561e-005
35.805 4.1503e-005
36.5501 1.83371e-005
36.8001 4.66802e-005
38.55 1.8139e-005
40.55 1.90182e-005
40.555 1.9026e-005
42.55 2.26228e-005
44.55 2.69086e-005
45.555 2.9227e-005
46.55 3.15996e-005
46.8001 4.635e-005
48.5501 3.65402e-005
48.8001 4.1469e-005
50.5501 4.13097e-005
50.555 4.13196e-005
50.8001 3.74666e-005
50.805 3.74595e-005
52.5501 4.53238e-005
52.8001 3.45839e-005
54.5501 4.94319e-005
54.8 3.17086e-005
55.5551 5.15246e-005
55.805 3.02673e-005
56.8 2.88431e-005
58.8 2.59907e-005
60.8001 2.49898e-005
60.805 2.49961e-005
62.8001 2.91792e-005
64.8001 3.57621e-005
65.8051 3.96165e-005
66.8001 4.36693e-005
70.8001 4.94732e-005
70.8051 4.94225e-005
72.5501 5.30475e-005
72.8001 2.99361e-005
74.8 1.66257e-005
75.5551 4.15341e-005
75.6551 5.12287e-005
75.805 1.77961e-005
76.5501 3.77699e-005
76.6501 4.92193e-005
76.8 2.42558e-005
78.3001 4.06818e-005
78.5501 3.033e-005
78.8001 4.28013e-005
80.3 2.57568e-005
80.305 2.57847e-005
80.5501 2.49904e-005
80.555 2.49893e-005
80.6501 5.07067e-005
80.6551 5.07209e-005
80.8001 4.89201e-005
80.8051 4.88827e-005
82.3 3.70794e-005
82.55 2.46094e-005
82.8 3.47964e-005
84.3001 4.8544e-005
84.55 2.43236e-005
84.8 2.44306e-005
85.555 2.42171e-005
85.805 2.24265e-005
86.55 2.41364e-005
86.8 2.34813e-005
88.55 2.40501e-005
88.8 3.27771e-005
90.55 2.70557e-005
90.555 2.70833e-005
90.8001 3.76723e-005
90.805 3.76531e-005
92.5501 3.83514e-005
92.8001 2.99822e-005
94.8 2.23361e-005
95.805 1.85274e-005
96.8 1.48014e-005
98.8 7.71228e-006
100.8 9.12147e-006
100.805 9.14992e-006
102.8 2.06046e-005
104.55 4.058e-005
104.8 3.21389e-005
105.555 3.14628e-005
105.805 3.79395e-005
106.55 2.24602e-005
106.8 4.36839e-005
108.55 4.99125e-006
110.55 7.9703e-006
110.555 7.95776e-006
112.55 7.98473e-006
114.55 1.49931e-005
115.555 1.91421e-005
115.605 4.89169e-005
116.55 2.33803e-005
118.55 3.20827e-005
120.55 3.7715e-005
120.555 3.77082e-005
122.55 3.50752e-005
124.55 3.26158e-005
125.555 3.14615e-005
126.55 3.03806e-005
128.55 2.84225e-005
130.55 2.76e-005
130.555 2.76035e-005
132.55 2.90162e-005
134.3 5.12634e-005
134.55 3.04331e-005
135.305 4.8497e-005
135.555 3.11453e-005
136.3 4.58597e-005
136.55 3.18506e-005
138.3 4.09433e-005
138.55 3.32686e-005
140.3 3.73037e-005
140.305 3.7305e-005
140.55 3.26766e-005
140.555 3.26628e-005
142.3 4.05604e-005
142.55 2.85886e-005
144.3 4.82668e-005
144.55 2.81592e-005
144.6 5.17945e-005
144.65 5.13744e-005
145.555 2.94286e-005
145.605 4.55732e-005
145.655 4.80714e-005
146.35 4.65622e-005
146.55 3.15382e-005
146.6 4.00199e-005
146.65 4.48711e-005
146.85 5.10901e-005
148.35 3.6824e-005
148.55 3.77157e-005
148.6 3.19465e-005
148.65 3.87179e-005
148.85 4.1769e-005
150.35 3.01311e-005
150.355 3.01434e-005
150.55 4.13378e-005
150.555 4.13204e-005
150.6 2.98862e-005
150.605 2.9885e-005
150.65 3.74113e-005
150.655 3.74326e-005
150.85 4.29878e-005
150.855 4.3022e-005
152.35 3.52119e-005
152.55 3.48338e-005
152.6 3.11583e-005
152.65 4.7474e-005
154.35 4.04982e-005
154.55 2.97166e-005
154.6 3.55158e-005
154.8 4.83726e-005
155.355 4.32086e-005
155.555 2.79181e-005
155.605 3.85712e-005
155.805 4.6756e-005
156.35 4.59192e-005
156.55 2.67929e-005
156.6 4.20096e-005
158.35 5.14322e-005
158.55 2.67909e-005
158.8 4.85746e-005
160.55 2.80342e-005
160.555 2.80287e-005
160.8 5.15564e-005
160.805 5.15542e-005
162.55 2.6031e-005
164.55 2.4475e-005
164.8 4.98531e-005
165.555 2.38904e-005
165.805 4.94392e-005
166.55 2.34553e-005
166.8 4.90353e-005
168.55 2.30433e-005
168.8 4.82415e-005
170.55 2.27445e-005
170.555 2.27437e-005
170.8 4.68608e-005
170.805 4.68554e-005
170.85 3.97394e-005
170.855 3.97527e-005
172.55 2.62384e-005
172.8 4.49256e-005
172.85 4.52407e-005
174.55 3.51112e-005
174.8 4.35511e-005
175.555 4.05859e-005
175.805 4.30898e-005
176.55 4.63719e-005
176.8 4.27913e-005
178.8 4.26791e-005
180.8 4.1597e-005
180.805 4.15891e-005
182.8 3.8898e-005
184.8 3.72368e-005
185.805 3.68416e-005
186.55 5.2287e-005
186.8 3.67546e-005
188.55 4.78882e-005
188.8 3.74968e-005
190.555 4.48609e-005
190.8 3.85051e-005
190.805 3.85051e-005
190.855 4.88933e-005
192.55 4.48609e-005
192.8 3.85051e-005
194.55 4.48609e-005
194.8 3.85051e-005
194.85 4.88933e-005
195.555 4.48609e-005
195.805 3.85051e-005
195.855 4.88933e-005
196.8 3.85051e-005
196.85 4.88933e-005
198.55 4.48609e-005
198.8 3.85051e-005
198.85 4.88933e-005
200.55 4.48609e-005
200.555 4.48609e-005
200.8 3.85051e-005
200.805 3.85051e-005
200.855 4.88933e-005
202.55 4.48609e-005
202.8 3.85051e-005
204.55 4.48609e-005
204.8 3.85051e-005
204.85 4.88933e-005
205.555 4.48609e-005
205.805 3.85051e-005
206.8 3.85051e-005
208.55 4.48609e-005
208.8 3.85051e-005
208.85 4.88933e-005
210.55 4.48609e-005
210.555 4.48609e-005
210.8 3.85051e-005
210.805 3.85051e-005
210.855 4.88933e-005
212.55 4.48609e-005
212.8 3.85051e-005
214.55 4.48609e-005
214.8 3.85051e-005
214.85 4.88933e-005
215.555 4.48609e-005
215.805 3.85051e-005
215.855 4.88933e-005
216.55 4.48609e-005
216.8 3.85051e-005
216.85 4.88933e-005
218.55 4.48609e-005
218.8 3.85051e-005
218.85 4.88933e-005
220.55 4.48609e-005
220.555 4.48609e-005
220.8 3.85051e-005
220.805 3.85051e-005
220.85 4.88933e-005
220.855 4.88933e-005
222.55 4.48609e-005
222.8 3.85051e-005
222.85 4.88933e-005
224.55 4.48609e-005
224.8 3.85051e-005
224.85 4.88933e-005
225.555 4.48609e-005
225.805 3.85051e-005
225.855 4.88933e-005
226.55 4.48609e-005
226.8 3.85051e-005
228.55 4.48609e-005
228.8 3.85051e-005
228.85 4.88933e-005
230.555 4.48609e-005
230.8 3.85051e-005
230.805 3.85051e-005
230.85 4.88933e-005
232.55 4.48609e-005
232.8 3.85051e-005
232.85 4.88933e-005
234.55 4.48609e-005
234.8 3.85051e-005
235.555 4.48609e-005
235.805 3.85051e-005
235.855 4.88933e-005
236.55 4.48609e-005
236.8 3.85051e-005
236.85 4.88933e-005
238.55 4.48609e-005
238.8 3.85051e-005
240.55 4.48609e-005
240.555 4.48609e-005
240.8 3.85051e-005
240.805 3.85051e-005
240.855 4.88933e-005
242.55 4.48609e-005
242.8 3.85051e-005
242.85 4.88933e-005
244.55 4.48609e-005
244.8 3.85051e-005
244.85 4.88933e-005
245.555 4.48609e-005
245.805 3.85051e-005
245.855 4.88933e-005
246.55 4.48609e-005
246.8 3.85051e-005
246.85 4.88933e-005
248.55 4.48609e-005
248.8 3.85051e-005
250.55 4.48609e-005
250.555 4.48609e-005
250.8 3.85051e-005
250.805 3.85051e-005
250.85 4.88933e-005
252.55 4.48609e-005
252.8 3.85051e-005
252.85 4.88933e-005
254.55 4.48609e-005
254.8 3.85051e-005
255.555 4.48609e-005
255.805 3.85051e-005
256.55 4.48609e-005
256.8 3.85051e-005
258.55 4.48609e-005
258.8 3.85051e-005
260.55 4.48609e-005
260.555 4.48609e-005
260.8 3.85051e-005
260.805 3.85051e-005
260.85 4.88933e-005
260.855 4.88933e-005
262.55 4.48609e-005
262.8 3.85051e-005
262.85 4.88933e-005
264.55 4.48609e-005
264.8 3.85051e-005
264.85 4.88933e-005
265.555 4.48609e-005
265.805 3.85051e-005
265.855 4.88933e-005
266.55 4.48609e-005
266.8 3.85051e-005
266.85 4.88933e-005
268.55 4.48609e-005
268.8 3.85051e-005
270.55 4.48609e-005
270.555 4.48609e-005
270.8 3.85051e-005
270.805 3.85051e-005
270.85 4.88933e-005
270.855 4.88933e-005
272.55 4.48609e-005
272.8 3.85051e-005
274.55 4.48609e-005
274.8 3.85051e-005
275.555 4.48609e-005
275.805 3.85051e-005
276.55 4.48609e-005
276.8 3.85051e-005
278.55 4.48609e-005
278.85 4.88933e-005
280.55 4.48609e-005
280.555 4.48609e-005
280.8 3.85051e-005
280.805 3.85051e-005
280.855 4.88933e-005
282.55 4.48609e-005
282.8 3.85051e-005
282.85 4.88933e-005
284.55 4.48609e-005
284.8 3.85051e-005
284.85 4.88933e-005
285.555 4.48609e-005
285.805 3.85051e-005
285.855 4.88933e-005
286.55 4.48609e-005
286.8 3.85051e-005
286.85 4.88933e-005
288.55 4.48609e-005
288.8 3.85051e-005
288.85 4.88933e-005
290.55 4.48609e-005
290.555 4.48609e-005
290.8 3.85051e-005
290.805 3.85051e-005
290.85 4.88933e-005
290.855 4.88933e-005
292.55 4.48609e-005
292.8 3.85051e-005
294.55 4.48609e-005
294.8 3.85051e-005
294.85 4.88933e-005
295.555 4.48609e-005
295.805 3.85051e-005
296.55 4.48609e-005
296.8 3.85051e-005
298.55 4.48609e-005
298.8 3.85051e-005
300.555 4.48609e-005
300.8 3.85051e-005
300.805 3.85051e-005
300.855 4.88933e-005
302.8 3.85051e-005
304.55 4.48609e-005
304.8 3.85051e-005
305.555 4.48609e-005
305.805 3.85051e-005
305.855 4.88933e-005
306.55 4.48609e-005
306.8 3.85051e-005
306.85 4.88933e-005
308.55 4.48609e-005
308.8 3.85051e-005
310.55 4.48609e-005
310.555 4.48609e-005
310.8 3.85051e-005
310.85 4.88933e-005
310.855 4.88933e-005
312.55 4.48609e-005
312.8 3.85051e-005
312.85 4.88933e-005
314.55 4.48609e-005
314.8 3.85051e-005
314.85 4.88933e-005
315.555 4.48609e-005
315.805 3.85051e-005
316.55 4.48609e-005
316.8 3.85051e-005
318.55 4.48609e-005
318.8 3.85051e-005
318.85 4.88933e-005
320.55 4.48609e-005
320.555 4.48609e-005
320.8 3.85051e-005
320.805 3.85051e-005
320.855 4.88933e-005
322.55 4.48609e-005
322.8 3.85051e-005
322.85 4.88933e-005
324.55 4.48609e-005
324.8 3.85051e-005
324.85 4.88933e-005
325.555 4.48609e-005
325.805 3.85051e-005
325.855 4.88933e-005
326.55 4.48609e-005
326.8 3.85051e-005
326.85 4.88933e-005
328.55 4.48609e-005
328.8 3.85051e-005
330.55 4.48609e-005
330.555 4.48609e-005
330.8 3.85051e-005
330.805 3.85051e-005
330.85 4.88933e-005
330.855 4.88933e-005
332.55 4.48609e-005
332.8 3.85051e-005
334.55 4.48609e-005
334.8 3.85051e-005
334.85 4.88933e-005
335.555 4.48609e-005
335.805 3.85051e-005
336.55 4.48609e-005
336.8 3.85051e-005
338.8 3.85051e-005
338.85 4.88933e-005
340.555 4.48609e-005
340.8 3.85051e-005
340.805 3.85051e-005
340.855 4.88933e-005
342.55 4.48609e-005
342.8 3.85051e-005
344.55 4.48609e-005
344.8 3.85051e-005
345.555 4.48609e-005
345.805 3.85051e-005
346.55 4.48609e-005
346.8 3.85051e-005
348.55 4.48609e-005
348.8 3.85051e-005
348.85 4.88933e-005
350.55 4.48609e-005
350.555 4.48609e-005
350.8 3.85051e-005
350.805 3.85051e-005
350.85 4.88933e-005
350.855 4.88933e-005
352.55 4.48609e-005
352.8 3.85051e-005
354.55 4.48609e-005
354.8 3.85051e-005
354.85 4.88933e-005
355.555 4.48609e-005
355.805 3.85051e-005
355.855 4.88933e-005
356.55 4.48609e-005
356.8 3.85051e-005
358.55 4.48609e-005
358.8 3.85051e-005
360.55 4.48609e-005
360.555 4.48609e-005
360.8 3.85051e-005
360.805 3.85051e-005
360.85 4.88933e-005
360.855 4.88933e-005
362.55 4.48609e-005
362.8 3.85051e-005
364.8 3.85051e-005
365.805 3.85051e-005
365.855 4.88933e-005
366.55 4.48609e-005
366.8 3.85051e-005
366.85 4.88933e-005
368.55 4.48609e-005
368.8 3.85051e-005
370.55 4.48609e-005
370.555 4.48609e-005
370.8 3.85051e-005
370.805 3.85051e-005
370.855 4.88933e-005
372.55 4.48609e-005
372.8 3.85051e-005
372.85 4.88933e-005
374.55 4.48609e-005
374.8 3.85051e-005
374.85 4.88933e-005
375.555 4.48609e-005
375.805 3.85051e-005
375.855 4.88933e-005
376.55 4.48609e-005
376.8 3.85051e-005
376.85 4.88933e-005
378.8 3.85051e-005
378.85 4.88933e-005
380.55 4.48609e-005
380.555 4.48609e-005
380.8 3.85051e-005
380.805 3.85051e-005
380.85 4.88933e-005
380.855 4.88933e-005
382.55 4.48609e-005
382.8 3.85051e-005
382.85 4.88933e-005
384.55 4.48609e-005
384.8 3.85051e-005
384.85 4.88933e-005
385.555 4.48609e-005
385.805 3.85051e-005
385.855 4.88933e-005
386.55 4.48609e-005
386.8 3.85051e-005
388.55 4.48609e-005
388.8 3.85051e-005
388.85 4.88933e-005
390.555 4.48609e-005
390.8 3.85051e-005
390.805 3.85051e-005
390.855 4.88933e-005
392.55 4.48609e-005
392.8 3.85051e-005
394.55 4.48609e-005
394.8 3.85051e-005
394.85 4.88933e-005
395.555 4.48609e-005
395.805 3.85051e-005
395.855 4.88933e-005
396.55 4.48609e-005
396.8 3.85051e-005
398.55 4.48609e-005
398.8 3.85051e-005
398.85 4.88933e-005
400.55 4.48609e-005
400.555 4.48609e-005
400.8 3.85051e-005
400.805 3.85051e-005
400.85 4.88933e-005
400.855 4.88933e-005
402.55 4.48609e-005
402.8 3.85051e-005
404.55 4.48609e-005
404.8 3.85051e-005
404.85 4.88933e-005
405.555 4.48609e-005
405.805 3.85051e-005
406.55 4.48609e-005
406.8 3.85051e-005
406.85 4.88933e-005
408.55 4.48609e-005
408.8 3.85051e-005
408.85 4.88933e-005
410.55 4.48609e-005
410.555 4.48609e-005
410.8 3.85051e-005
410.805 3.85051e-005
410.85 4.88933e-005
410.855 4.88933e-005
412.55 4.48609e-005
412.8 3.85051e-005
414.55 4.48609e-005
414.8 3.85051e-005
414.85 4.88933e-005
415.555 4.48609e-005
415.805 3.85051e-005
415.855 4.88933e-005
416.55 4.48609e-005
416.8 3.85051e-005
416.85 4.88933e-005
418.55 4.48609e-005
418.8 3.85051e-005
420.55 4.48609e-005
420.555 4.48609e-005
420.8 3.85051e-005
420.805 3.85051e-005
420.855 4.88933e-005
422.55 4.48609e-005
422.8 3.85051e-005
422.85 4.88933e-005
424.55 4.48609e-005
424.8 3.85051e-005
424.85 4.88933e-005
425.555 4.48609e-005
425.805 3.85051e-005
425.855 4.88933e-005
426.55 4.48609e-005
426.8 3.85051e-005
426.85 4.88933e-005
428.55 4.48609e-005
428.8 3.85051e-005
428.85 4.88933e-005
430.55 4.48609e-005
430.555 4.48609e-005
430.8 3.85051e-005
430.805 3.85051e-005
430.855 4.88933e-005
432.8 3.85051e-005
432.85 4.88933e-005
434.55 4.48609e-005
434.8 3.85051e-005
434.85 4.88933e-005
435.555 4.48609e-005
435.805 3.85051e-005
436.55 4.48609e-005
436.8 3.85051e-005
438.55 4.48609e-005
438.8 3.85051e-005
438.85 4.88933e-005
440.55 4.48609e-005
440.555 4.48609e-005
440.8 3.85051e-005
440.805 3.85051e-005
440.85 4.88933e-005
440.855 4.88933e-005
442.55 4.48609e-005
442.8 3.85051e-005
442.85 4.88933e-005
444.55 4.48609e-005
444.8 3.85051e-005
445.555 4.48609e-005
445.805 3.85051e-005
445.855 4.88933e-005
446.55 4.48609e-005
446.8 3.85051e-005
446.85 4.88933e-005
448.55 4.48609e-005
448.8 3.85051e-005
448.85 4.88933e-005
450.55 4.48609e-005
450.555 4.48609e-005
450.8 3.85051e-005
450.805 3.85051e-005
450.855 4.88933e-005
452.55 4.48609e-005
452.8 3.85051e-005
452.85 4.88933e-005
454.55 4.48609e-005
454.8 3.85051e-005
454.85 4.88933e-005
455.555 4.48609e-005
455.805 3.85051e-005
455.855 4.88933e-005
456.55 4.48609e-005
456.8 3.85051e-005
458.55 4.48609e-005
458.8 3.85051e-005
460.55 4.48609e-005
460.555 4.48609e-005
460.8 3.85051e-005
460.805 3.85051e-005
460.855 4.88933e-005
462.55 4.48609e-005
462.8 3.85051e-005
462.85 4.88933e-005
464.55 4.48609e-005
464.8 3.85051e-005
464.85 4.88933e-005
465.555 4.48609e-005
465.805 3.85051e-005
465.855 4.88933e-005
466.55 4.48609e-005
466.8 3.85051e-005
466.85 4.88933e-005
468.55 4.48609e-005
468.8 3.85051e-005
470.55 4.48609e-005
470.555 4.48609e-005
470.8 3.85051e-005
470.805 3.85051e-005
472.55 4.48609e-005
472.8 3.85051e-005
472.85 4.88933e-005
474.55 4.48609e-005
474.8 3.85051e-005
474.85 4.88933e-005
475.555 4.48609e-005
475.805 3.85051e-005
476.55 4.48609e-005
476.8 3.85051e-005
478.55 4.48609e-005
478.8 3.85051e-005
480.55 4.48609e-005
480.555 4.48609e-005
480.8 3.85051e-005
480.805 3.85051e-005
480.85 4.88933e-005
480.855 4.88933e-005
482.55 4.48609e-005
482.8 3.85051e-005
484.55 4.48609e-005
484.8 3.85051e-005
484.85 4.88933e-005
485.555 4.48609e-005
485.805 3.85051e-005
485.855 4.88933e-005
486.55 4.48609e-005
486.8 3.85051e-005
488.55 4.48609e-005
488.8 3.85051e-005
490.55 4.48609e-005
490.555 4.48609e-005
490.8 3.85051e-005
490.805 3.85051e-005
490.85 4.88933e-005
490.855 4.88933e-005
492.55 4.48609e-005
492.8 3.85051e-005
492.85 4.88933e-005
494.8 3.85051e-005
494.85 4.88933e-005
495.555 4.48609e-005
495.805 3.85051e-005
496.55 4.48609e-005
496.8 3.85051e-005
498.55 4.48609e-005
498.8 3.85051e-005
498.85 4.88933e-005
500.55 4.48609e-005
500.555 4.48609e-005
500.8 3.85051e-005
500.805 3.85051e-005
500.855 4.88933e-005
502.55 4.48609e-005
502.85 4.88933e-005
504.55 4.48609e-005
504.8 3.85051e-005
505.555 4.48609e-005
505.805 3.85051e-005
505.855 4.88933e-005
506.55 4.48609e-005
506.8 3.85051e-005
508.55 4.48609e-005
508.8 3.85051e-005
508.85 4.88933e-005
510.555 4.48609e-005
510.8 3.85051e-005
510.805 3.85051e-005
510.85 4.88933e-005
510.855 4.88933e-005
512.55 4.48609e-005
512.8 3.85051e-005
512.85 4.88933e-005
514.55 4.48609e-005
514.8 3.85051e-005
515.555 4.48609e-005
515.805 3.85051e-005
515.855 4.88933e-005
516.55 4.48609e-005
516.8 3.85051e-005
516.85 4.88933e-005
518.55 4.48609e-005
518.8 3.85051e-005
518.85 4.88933e-005
520.55 4.48609e-005
520.555 4.48609e-005
520.8 3.85051e-005
520.805 3.85051e-005
520.855 4.88933e-005
522.55 4.48609e-005
522.8 3.85051e-005
524.55 4.48609e-005
524.8 3.85051e-005
524.85 4.88933e-005
525.555 4.48609e-005
525.805 3.85051e-005
525.855 4.88933e-005
526.55 4.48609e-005
526.8 3.85051e-005
526.85 4.88933e-005
528.55 4.48609e-005
528.8 3.85051e-005
528.85 4.88933e-005
530.555 4.48609e-005
530.8 3.85051e-005
530.805 3.85051e-005
530.85 4.88933e-005
530.855 4.88933e-005
532.55 4.48609e-005
532.8 3.85051e-005
532.85 4.88933e-005
534.55 4.48609e-005
534.85 4.88933e-005
535.555 4.48609e-005
535.805 3.85051e-005
535.855 4.88933e-005
536.55 4.48609e-005
536.8 3.85051e-005
538.8 3.85051e-005
538.85 4.88933e-005
540.55 4.48609e-005
540.555 4.48609e-005
540.8 3.85051e-005
540.805 3.85051e-005
540.85 4.88933e-005
540.855 4.88933e-005
542.55 4.48609e-005
542.8 3.85051e-005
542.85 4.88933e-005
544.55 4.48609e-005
544.8 3.85051e-005
544.85 4.88933e-005
545.555 4.48609e-005
545.805 3.85051e-005
546.55 4.48609e-005
546.8 3.85051e-005
546.85 4.88933e-005
548.55 4.48609e-005
548.8 3.85051e-005
548.85 4.88933e-005
550.55 4.48609e-005
550.555 4.48609e-005
550.8 3.85051e-005
550.805 3.85051e-005
550.85 4.88933e-005
550.855 4.88933e-005
552.55 4.48609e-005
552.8 3.85051e-005
552.85 4.88933e-005
554.55 4.48609e-005
554.8 3.85051e-005
554.85 4.88933e-005
555.555 4.48609e-005
555.805 3.85051e-005
555.855 4.88933e-005
556.55 4.48609e-005
556.8 3.85051e-005
556.85 4.88933e-005
558.55 4.48609e-005
558.8 3.85051e-005
558.85 4.88933e-005
560.55 4.48609e-005
560.555 4.48609e-005
560.8 3.85051e-005
560.805 3.85051e-005
560.855 4.88933e-005
562.55 4.48609e-005
562.8 3.85051e-005
562.85 4.88933e-005
564.55 4.48609e-005
564.8 3.85051e-005
564.85 4.88933e-005
565.555 4.48609e-005
565.805 3.85051e-005
565.855 4.88933e-005
566.8 3.85051e-005
568.55 4.48609e-005
568.8 3.85051e-005
568.85 4.88933e-005
570.55 4.48609e-005
570.555 4.48609e-005
570.8 3.85051e-005
570.805 3.85051e-005
570.85 4.88933e-005
570.855 4.88933e-005
572.55 4.48609e-005
572.8 3.85051e-005
574.55 4.48609e-005
574.8 3.85051e-005
574.85 4.88933e-005
575.555 4.48609e-005
575.805 3.85051e-005
576.8 3.85051e-005
578.55 4.48609e-005
578.8 3.85051e-005
578.85 4.88933e-005
580.55 4.48609e-005
580.555 4.48609e-005
580.8 3.85051e-005
580.805 3.85051e-005
580.85 4.88933e-005
580.855 4.88933e-005
582.55 4.48609e-005
582.8 3.85051e-005
582.85 4.88933e-005
584.55 4.48609e-005
584.8 3.85051e-005
584.85 4.88933e-005
585.555 4.48609e-005
585.805 3.85051e-005
585.855 4.88933e-005
586.55 4.48609e-005
586.8 3.85051e-005
586.85 4.88933e-005
588.55 4.48609e-005
588.8 3.85051e-005
590.555 4.48609e-005
590.8 3.85051e-005
590.805 3.85051e-005
590.85 4.88933e-005
590.855 4.88933e-005
592.55 4.48609e-005
592.8 3.85051e-005
594.55 4.48609e-005
594.8 3.85051e-005
595.555 4.48609e-005
595.805 3.85051e-005
595.855 4.88933e-005
596.55 4.48609e-005
596.8 3.85051e-005
596.85 4.88933e-005
598.55 4.48609e-005
598.8 3.85051e-005
598.85 4.88933e-005
600.55 4.48609e-005
600.555 4.48609e-005
600.8 3.85051e-005
600.805 3.85051e-005
600.85 4.88933e-005
600.855 4.88933e-005
602.55 4.48609e-005
602.8 3.85051e-005
602.85 4.88933e-005
604.55 4.48609e-005
604.8 3.85051e-005
605.555 4.48609e-005
605.805 3.85051e-005
605.855 4.88933e-005
606.55 4.48609e-005
606.8 3.85051e-005
608.55 4.48609e-005
608.8 3.85051e-005
608.85 4.88933e-005
610.55 4.48609e-005
610.555 4.48609e-005
610.8 3.85051e-005
610.805 3.85051e-005
610.85 4.88933e-005
610.855 4.88933e-005
612.55 4.48609e-005
612.8 3.85051e-005
614.55 4.48609e-005
614.8 3.85051e-005
614.85 4.88933e-005
615.555 4.48609e-005
615.805 3.85051e-005
615.855 4.88933e-005
616.55 4.48609e-005
616.8 3.85051e-005
616.85 4.88933e-005
618.55 4.48609e-005
618.8 3.85051e-005
618.85 4.88933e-005
620.55 4.48609e-005
620.555 4.48609e-005
620.8 3.85051e-005
620.805 3.85051e-005
622.55 4.48609e-005
622.8 3.85051e-005
624.55 4.48609e-005
624.8 3.85051e-005
624.85 4.88933e-005
625.555 4.48609e-005
625.805 3.85051e-005
625.855 4.88933e-005
626.55 4.48609e-005
626.8 3.85051e-005
628.55 4.48609e-005
628.8 3.85051e-005
628.85 4.88933e-005
630.55 4.48609e-005
630.555 4.48609e-005
630.805 3.85051e-005
630.85 4.88933e-005
630.855 4.88933e-005
632.55 4.48609e-005
632.8 3.85051e-005
632.85 4.88933e-005
634.55 4.48609e-005
634.8 3.85051e-005
634.85 4.88933e-005
635.555 4.48609e-005
635.805 3.85051e-005
636.8 3.85051e-005
636.85 4.88933e-005
638.55 4.48609e-005
638.8 3.85051e-005
638.85 4.88933e-005
640.55 4.48609e-005
640.555 4.48609e-005
640.8 3.85051e-005
640.805 3.85051e-005
640.85 4.88933e-005
642.8 3.85051e-005
642.85 4.88933e-005
644.55 4.48609e-005
644.8 3.85051e-005
644.85 4.88933e-005
645.555 4.48609e-005
645.805 3.85051e-005
646.55 4.48609e-005
646.8 3.85051e-005
646.85 4.88933e-005
648.55 4.48609e-005
648.8 3.85051e-005
648.85 4.88933e-005
650.55 4.48609e-005
650.555 4.48609e-005
650.8 3.85051e-005
650.805 3.85051e-005
650.85 4.88933e-005
650.855 4.88933e-005
652.55 4.48609e-005
652.8 3.85051e-005
652.85 4.88933e-005
654.55 4.48609e-005
654.8 3.85051e-005
654.85 4.88933e-005
655.555 4.48609e-005
655.805 3.85051e-005
655.855 4.88933e-005
656.55 4.48609e-005
656.8 3.85051e-005
656.85 4.88933e-005
658.55 4.48609e-005
658.8 3.85051e-005
658.85 4.88933e-005
660.55 4.48609e-005
660.555 4.48609e-005
660.8 3.85051e-005
660.805 3.85051e-005
660.855 4.88933e-005
662.55 4.48609e-005
662.8 3.85051e-005
664.55 4.48609e-005
664.8 3.85051e-005
664.85 4.88933e-005
665.555 4.48609e-005
665.805 3.85051e-005
665.855 4.88933e-005
666.55 4.48609e-005
666.8 3.85051e-005
668.55 4.48609e-005
668.8 3.85051e-005
668.85 4.88933e-005
670.55 4.48609e-005
670.555 4.48609e-005
670.8 3.85051e-005
670.805 3.85051e-005
670.855 4.88933e-005
672.55 4.48609e-005
672.8 3.85051e-005
672.85 4.88933e-005
674.55 4.48609e-005
674.8 3.85051e-005
674.85 4.88933e-005
675.555 4.48609e-005
675.805 3.85051e-005
676.55 4.48609e-005
676.8 3.85051e-005
678.55 4.48609e-005
678.8 3.85051e-005
678.85 4.88933e-005
680.55 4.48609e-005
680.555 4.48609e-005
680.8 3.85051e-005
680.805 3.85051e-005
680.85 4.88933e-005
680.855 4.88933e-005
682.55 4.48609e-005
682.8 3.85051e-005
682.85 4.88933e-005
684.8 3.85051e-005
684.85 4.88933e-005
685.555 4.48609e-005
685.805 3.85051e-005
685.855 4.88933e-005
686.55 4.48609e-005
688.55 4.48609e-005
688.8 3.85051e-005
688.85 4.88933e-005
690.55 4.48609e-005
690.555 4.48609e-005
690.8 3.85051e-005
690.805 3.85051e-005
690.855 4.88933e-005
692.55 4.48609e-005
692.8 3.85051e-005
692.85 4.88933e-005
694.55 4.48609e-005
694.8 3.85051e-005
695.555 4.48609e-005
695.805 3.85051e-005
695.855 4.88933e-005
696.55 4.48609e-005
696.8 3.85051e-005
696.85 4.88933e-005
698.55 4.48609e-005
698.8 3.85051e-005
698.85 4.88933e-005
700.55 4.48609e-005
700.555 4.48609e-005
700.8 3.85051e-005
700.805 3.85051e-005
702.55 4.48609e-005
702.8 3.85051e-005
702.85 4.88933e-005
704.55 4.48609e-005
704.8 3.85051e-005
704.85 4.88933e-005
705.555 4.48609e-005
705.805 3.85051e-005
705.855 4.88933e-005
706.55 4.48609e-005
706.8 3.85051e-005
706.85 4.88933e-005
708.55 4.48609e-005
708.8 3.85051e-005
710.55 4.48609e-005
710.8 3.85051e-005
710.805 3.85051e-005
710.855 4.88933e-005
712.55 4.48609e-005
712.8 3.85051e-005
714.8 3.85051e-005
714.85 4.88933e-005
715.555 4.48609e-005
715.805 3.85051e-005
716.55 4.48609e-005
716.8 3.85051e-005
718.55 4.48609e-005
718.8 3.85051e-005
718.85 4.88933e-005
720.55 4.48609e-005
720.555 4.48609e-005
720.8 3.85051e-005
720.805 3.85051e-005
720.85 4.88933e-005
720.855 4.88933e-005
722.55 4.48609e-005
724.55 4.48609e-005
724.8 3.85051e-005
724.85 4.88933e-005
725.555 4.48609e-005
725.805 3.85051e-005
726.55 4.48609e-005
726.8 3.85051e-005
726.85 4.88933e-005
728.55 4.48609e-005
728.8 3.85051e-005
730.55 4.48609e-005
730.555 4.48609e-005
730.8 3.85051e-005
730.805 3.85051e-005
730.85 4.88933e-005
730.855 4.88933e-005
732.55 4.48609e-005
732.8 3.85051e-005
732.85 4.88933e-005
734.55 4.48609e-005
734.8 3.85051e-005
734.85 4.88933e-005
735.555 4.48609e-005
735.805 3.85051e-005
735.855 4.88933e-005
736.55 4.48609e-005
736.8 3.85051e-005
736.85 4.88933e-005
738.8 3.85051e-005
738.85 4.88933e-005
740.55 4.48609e-005
740.555 4.48609e-005
740.8 3.85051e-005
740.805 3.85051e-005
740.855 4.88933e-005
742.55 4.48609e-005
742.8 3.85051e-005
744.55 4.48609e-005
744.8 3.85051e-005
745.555 4.48609e-005
745.805 3.85051e-005
745.855 4.88933e-005
746.55 4.48609e-005
746.8 3.85051e-005
748.55 4.48609e-005
748.8 3.85051e-005
748.85 4.88933e-005
750.55 4.48609e-005
750.555 4.48609e-005
750.8 3.85051e-005
750.805 3.85051e-005
750.85 4.88933e-005
750.855 4.88933e-005
752.55 4.48609e-005
752.8 3.85051e-005
754.55 4.48609e-005
754.8 3.85051e-005
754.85 4.88933e-005
755.555 4.48609e-005
755.805 3.85051e-005
755.855 4.88933e-005
756.8 3.85051e-005
756.85 4.88933e-005
758.55 4.48609e-005
758.8 3.85051e-005
758.85 4.88933e-005
760.55 4.48609e-005
760.555 4.48609e-005
760.8 3.85051e-005
760.805 3.85051e-005
760.85 4.88933e-005
760.855 4.88933e-005
762.55 4.48609e-005
762.8 3.85051e-005
762.85 4.88933e-005
764.55 4.48609e-005
764.8 3.85051e-005
765.555 4.48609e-005
765.805 3.85051e-005
766.55 4.48609e-005
766.8 3.85051e-005
768.55 4.48609e-005
768.8 3.85051e-005
768.85 4.88933e-005
770.55 4.48609e-005
770.555 4.48609e-005
770.8 3.85051e-005
770.805 3.85051e-005
770.855 4.88933e-005
772.55 4.48609e-005
772.8 3.85051e-005
772.85 4.88933e-005
774.55 4.48609e-005
774.8 3.85051e-005
775.555 4.48609e-005
775.805 3.85051e-005
776.55 4.48609e-005
776.8 3.85051e-005
778.55 4.48609e-005
778.8 3.85051e-005
778.85 4.88933e-005
780.55 4.48609e-005
780.555 4.48609e-005
780.8 3.85051e-005
780.805 3.85051e-005
780.85 4.88933e-005
780.855 4.88933e-005
782.55 4.48609e-005
782.8 3.85051e-005
782.85 4.88933e-005
784.55 4.48609e-005
784.8 3.85051e-005
784.85 4.88933e-005
785.555 4.48609e-005
785.805 3.85051e-005
785.855 4.88933e-005
786.55 4.48609e-005
786.8 3.85051e-005
788.55 4.48609e-005
788.8 3.85051e-005
788.85 4.88933e-005
790.55 4.48609e-005
790.555 4.48609e-005
790.8 3.85051e-005
790.805 3.85051e-005
790.855 4.88933e-005
792.8 3.85051e-005
794.55 4.48609e-005
794.8 3.85051e-005
794.85 4.88933e-005
795.555 4.48609e-005
795.805 3.85051e-005
796.55 4.48609e-005
796.8 3.85051e-005
796.85 4.88933e-005
798.55 4.48609e-005
798.8 3.85051e-005
798.85 4.88933e-005
800.55 4.48609e-005
800.555 4.48609e-005
800.8 3.85051e-005
800.805 3.85051e-005
800.85 4.88933e-005
800.855 4.88933e-005
802.55 4.48609e-005
802.8 3.85051e-005
802.85 4.88933e-005
804.55 4.48609e-005
804.8 3.85051e-005
804.85 4.88933e-005
805.555 4.48609e-005
805.805 3.85051e-005
805.855 4.88933e-005
806.8 3.85051e-005
806.85 4.88933e-005
808.55 4.48609e-005
808.8 3.85051e-005
808.85 4.88933e-005
810.55 4.48609e-005
810.555 4.48609e-005
810.8 3.85051e-005
810.805 3.85051e-005
810.855 4.88933e-005
812.55 4.48609e-005
812.8 3.85051e-005
814.55 4.48609e-005
814.8 3.85051e-005
815.555 4.48609e-005
815.805 3.85051e-005
815.855 4.88933e-005
816.55 4.48609e-005
816.8 3.85051e-005
816.85 4.88933e-005
818.55 4.48609e-005
818.8 3.85051e-005
818.85 4.88933e-005
820.55 4.48609e-005
820.555 4.48609e-005
820.8 3.85051e-005
820.805 3.85051e-005
820.85 4.88933e-005
820.855 4.88933e-005
822.55 4.48609e-005
822.8 3.85051e-005
824.55 4.48609e-005
824.8 3.85051e-005
824.85 4.88933e-005
825.555 4.48609e-005
825.805 3.85051e-005
826.55 4.48609e-005
826.8 3.85051e-005
826.85 4.88933e-005
828.55 4.48609e-005
828.8 3.85051e-005
828.85 4.88933e-005
830.55 4.48609e-005
830.555 4.48609e-005
830.8 3.85051e-005
830.805 3.85051e-005
830.85 4.88933e-005
830.855 4.88933e-005
832.55 4.48609e-005
832.8 3.85051e-005
832.85 4.88933e-005
834.55 4.48609e-005
834.8 3.85051e-005
834.85 4.88933e-005
835.555 4.48609e-005
835.805 3.85051e-005
835.855 4.88933e-005
836.55 4.48609e-005
836.8 3.85051e-005
836.85 4.88933e-005
838.55 4.48609e-005
838.8 3.85051e-005
838.85 4.88933e-005
840.55 4.48609e-005
840.555 4.48609e-005
840.8 3.85051e-005
840.805 3.85051e-005
840.855 4.88933e-005
842.55 4.48609e-005
842.8 3.85051e-005
844.55 4.48609e-005
844.8 3.85051e-005
844.85 4.88933e-005
845.555 4.48609e-005
845.805 3.85051e-005
846.55 4.48609e-005
846.8 3.85051e-005
846.85 4.88933e-005
848.55 4.48609e-005
848.8 3.85051e-005
850.55 4.48609e-005
850.555 4.48609e-005
850.8 3.85051e-005
850.805 3.85051e-005
850.855 4.88933e-005
852.55 4.48609e-005
852.8 3.85051e-005
854.55 4.48609e-005
854.8 3.85051e-005
854.85 4.88933e-005
855.555 4.48609e-005
855.805 3.85051e-005
855.855 4.88933e-005
856.55 4.48609e-005
856.8 3.85051e-005
856.85 4.88933e-005
858.55 4.48609e-005
858.8 3.85051e-005
858.85 4.88933e-005
860.55 4.48609e-005
860.555 4.48609e-005
860.8 3.85051e-005
860.805 3.85051e-005
860.855 4.88933e-005
862.55 4.48609e-005
862.8 3.85051e-005
862.85 4.88933e-005
864.55 4.48609e-005
864.8 3.85051e-005
865.555 4.48609e-005
865.805 3.85051e-005
866.55 4.48609e-005
866.8 3.85051e-005
868.55 4.48609e-005
868.8 3.85051e-005
868.85 4.88933e-005
870.55 4.48609e-005
870.555 4.48609e-005
870.8 3.85051e-005
870.805 3.85051e-005
870.85 4.88933e-005
870.855 4.88933e-005
872.55 4.48609e-005
872.8 3.85051e-005
874.55 4.48609e-005
874.8 3.85051e-005
874.85 4.88933e-005
875.555 4.48609e-005
875.805 3.85051e-005
875.855 4.88933e-005
876.55 4.48609e-005
876.8 3.85051e-005
878.8 3.85051e-005
878.85 4.88933e-005
880.55 4.48609e-005
880.555 4.48609e-005
880.8 3.85051e-005
880.805 3.85051e-005
880.85 4.88933e-005
880.855 4.88933e-005
882.55 4.48609e-005
882.8 3.85051e-005
884.55 4.48609e-005
884.8 3.85051e-005
885.555 4.48609e-005
885.805 3.85051e-005
885.855 4.88933e-005
886.55 4.48609e-005
886.8 3.85051e-005
886.85 4.88933e-005
888.55 4.48609e-005
888.8 3.85051e-005
888.85 4.88933e-005
890.55 4.48609e-005
890.555 4.48609e-005
890.8 3.85051e-005
890.805 3.85051e-005
890.85 4.88933e-005
890.855 4.88933e-005
892.55 4.48609e-005
892.8 3.85051e-005
892.85 4.88933e-005
894.55 4.48609e-005
894.8 3.85051e-005
894.85 4.88933e-005
895.555 4.48609e-005
895.805 3.85051e-005
895.855 4.88933e-005
896.55 4.48609e-005
896.8 3.85051e-005
896.85 4.88933e-005
898.55 4.48609e-005
898.8 3.85051e-005
898.85 4.88933e-005
900.55 4.48609e-005
900.555 4.48609e-005
900.8 3.85051e-005
900.805 3.85051e-005
900.85 4.88933e-005
900.855 4.88933e-005
902.55 4.48609e-005
902.8 3.85051e-005
904.55 4.48609e-005
904.8 3.85051e-005
904.85 4.88933e-005
905.555 4.48609e-005
905.805 3.85051e-005
905.855 4.88933e-005
906.55 4.48609e-005
906.8 3.85051e-005
908.55 4.48609e-005
908.8 3.85051e-005
908.85 4.88933e-005
910.55 4.48609e-005
910.555 4.48609e-005
910.8 3.85051e-005
910.805 3.85051e-005
910.855 4.88933e-005
912.55 4.48609e-005
912.8 3.85051e-005
914.55 4.48609e-005
914.8 3.85051e-005
914.85 4.88933e-005
915.555 4.48609e-005
915.805 3.85051e-005
916.8 3.85051e-005
916.85 4.88933e-005
918.55 4.48609e-005
918.8 3.85051e-005
918.85 4.88933e-005
920.55 4.48609e-005
920.555 4.48609e-005
920.8 3.85051e-005
920.805 3.85051e-005
920.85 4.88933e-005
920.855 4.88933e-005
922.55 4.48609e-005
922.8 3.85051e-005
924.55 4.48609e-005
924.8 3.85051e-005
924.85 4.88933e-005
925.555 4.48609e-005
925.805 3.85051e-005
925.855 4.88933e-005
926.55 4.48609e-005
926.8 3.85051e-005
926.85 4.88933e-005
928.55 4.48609e-005
928.8 3.85051e-005
928.85 4.88933e-005
930.55 4.48609e-005
930.555 4.48609e-005
930.8 3.85051e-005
930.805 3.85051e-005
930.85 4.88933e-005
930.855 4.88933e-005
932.55 4.48609e-005
934.55 4.48609e-005
934.8 3.85051e-005
935.555 4.48609e-005
935.805 3.85051e-005
936.55 4.48609e-005
936.8 3.85051e-005
938.55 4.48609e-005
938.8 3.85051e-005
940.55 4.48609e-005
940.555 4.48609e-005
940.8 3.85051e-005
940.805 3.85051e-005
940.85 4.88933e-005
940.855 4.88933e-005
942.55 4.48609e-005
942.8 3.85051e-005
942.85 4.88933e-005
944.55 4.48609e-005
944.8 3.85051e-005
944.85 4.88933e-005
945.555 4.48609e-005
945.805 3.85051e-005
945.855 4.88933e-005
946.55 4.48609e-005
946.8 3.85051e-005
948.55 4.48609e-005
948.8 3.85051e-005
948.85 4.88933e-005
950.55 4.48609e-005
950.555 4.48609e-005
950.8 3.85051e-005
950.805 3.85051e-005
950.85 4.88933e-005
950.855 4.88933e-005
952.55 4.48609e-005
952.8 3.85051e-005
952.85 4.88933e-005
954.55 4.48609e-005
954.8 3.85051e-005
954.85 4.88933e-005
955.555 4.48609e-005
955.805 3.85051e-005
955.855 4.88933e-005
956.55 4.48609e-005
956.8 3.85051e-005
956.85 4.88933e-005
958.55 4.48609e-005
958.8 3.85051e-005
958.85 4.88933e-005
960.55 4.48609e-005
960.555 4.48609e-005
960.8 3.85051e-005
960.805 3.85051e-005
960.85 4.88933e-005
960.855 4.88933e-005
962.55 4.48609e-005
962.8 3.85051e-005
962.85 4.88933e-005
964.55 4.48609e-005
964.8 3.85051e-005
964.85 4.88933e-005
965.555 4.48609e-005
965.805 3.85051e-005
965.855 4.88933e-005
966.55 4.48609e-005
966.8 3.85051e-005
966.85 4.88933e-005
968.55 4.48609e-005
968.8 3.85051e-005
968.85 4.88933e-005
970.55 4.48609e-005
970.555 4.48609e-005
970.8 3.85051e-005
970.805 3.85051e-005
970.85 4.88933e-005
970.855 4.88933e-005
972.55 4.48609e-005
972.8 3.85051e-005
974.55 4.48609e-005
974.8 3.85051e-005
974.85 4.88933e-005
975.555 4.48609e-005
975.805 3.85051e-005
976.55 4.48609e-005
976.8 3.85051e-005
978.55 4.48609e-005
978.8 3.85051e-005
978.85 4.88933e-005
980.555 4.48609e-005
980.8 3.85051e-005
980.805 3.85051e-005
980.85 4.88933e-005
980.855 4.88933e-005
982.55 4.48609e-005
982.8 3.85051e-005
984.55 4.48609e-005
984.8 3.85051e-005
984.85 4.88933e-005
985.555 4.48609e-005
985.805 3.85051e-005
985.855 4.88933e-005
986.55 4.48609e-005
986.8 3.85051e-005
986.85 4.88933e-005
988.55 4.48609e-005
988.8 3.85051e-005
990.55 4.48609e-005
990.555 4.48609e-005
990.8 3.85051e-005
990.805 3.85051e-005
990.85 4.88933e-005
990.855 4.88933e-005
992.55 4.48609e-005
992.8 3.85051e-005
992.85 4.88933e-005
994.55 4.48609e-005
994.8 3.85051e-005
994.85 4.88933e-005
995.555 4.48609e-005
995.805 3.85051e-005
996.55 4.48609e-005
996.8 3.85051e-005
996.85 4.88933e-005
998.55 4.48609e-005
998.8 3.85051e-005
1000.55 4.48609e-005
1000.56 4.48609e-005
1000.8 3.85051e-005
1000.81 3.85051e-005
1000.86 4.88933e-005
1002.55 4.48609e-005
1002.8 3.85051e-005
1002.85 4.88933e-005
1004.55 4.48609e-005
1004.8 3.85051e-005
1005.56 4.48609e-005
1005.81 3.85051e-005
1005.86 4.88933e-005
1006.55 4.48609e-005
1006.8 3.85051e-005
1008.55 4.48609e-005
1008.8 3.85051e-005
1010.55 4.48609e-005
1010.56 4.48609e-005
1010.8 3.85051e-005
1010.81 3.85051e-005
1010.86 4.88933e-005
1012.8 3.85051e-005
1014.55 4.48609e-005
1014.8 3.85051e-005
1014.85 4.88933e-005
1015.56 4.48609e-005
1015.81 3.85051e-005
1015.86 4.88933e-005
1016.55 4.48609e-005
1016.8 3.85051e-005
1018.55 4.48609e-005
1018.8 3.85051e-005
1018.85 4.88933e-005
1020.55 4.48609e-005
1020.56 4.48609e-005
1020.8 3.85051e-005
1020.81 3.85051e-005
1020.86 4.88933e-005
1022.8 3.85051e-005
1022.85 4.88933e-005
1024.55 4.48609e-005
1024.8 3.85051e-005
1024.85 4.88933e-005
1025.56 4.48609e-005
1025.81 3.85051e-005
1026.55 4.48609e-005
1026.8 3.85051e-005
1028.8 3.85051e-005
1028.85 4.88933e-005
1030.55 4.48609e-005
1030.56 4.48609e-005
1030.8 3.85051e-005
1030.81 3.85051e-005
1030.86 4.88933e-005
1032.55 4.48609e-005
1032.8 3.85051e-005
1032.85 4.88933e-005
1034.55 4.48609e-005
1034.8 3.85051e-005
1034.85 4.88933e-005
1035.56 4.48609e-005
1035.81 3.85051e-005
1035.86 4.88933e-005
1036.55 4.48609e-005
1036.8 3.85051e-005
1038.55 4.48609e-005
1038.8 3.85051e-005
1038.85 4.88933e-005
1040.55 4.48609e-005
1040.56 4.48609e-005
1040.8 3.85051e-005
1040.81 3.85051e-005
1040.86 4.88933e-005
1042.55 4.48609e-005
1042.8 3.85051e-005
1042.85 4.88933e-005
1044.55 4.48609e-005
1044.8 3.85051e-005
1044.85 4.88933e-005
1045.56 4.48609e-005
1045.81 3.85051e-005
1045.86 4.88933e-005
1046.55 4.48609e-005
1046.8 3.85051e-005
1048.8 3.85051e-005
1050.55 4.48609e-005
1050.56 4.48609e-005
1050.8 3.85051e-005
1050.81 3.85051e-005
1050.86 4.88933e-005
1052.55 4.48609e-005
1052.8 3.85051e-005
1054.55 4.48609e-005
1054.8 3.85051e-005
1054.85 4.88933e-005
1055.56 4.48609e-005
1055.81 3.85051e-005
1055.86 4.88933e-005
1056.55 4.48609e-005
1056.8 3.85051e-005
1058.55 4.48609e-005
1058.8 3.85051e-005
1060.55 4.48609e-005
1060.56 4.48609e-005
1060.8 3.85051e-005
1060.81 3.85051e-005
1060.86 4.88933e-005
1062.55 4.48609e-005
1062.8 3.85051e-005
1064.55 4.48609e-005
1064.8 3.85051e-005
1064.85 4.88933e-005
1065.56 4.48609e-005
1065.81 3.85051e-005
1066.55 4.48609e-005
1066.8 3.85051e-005
1068.55 4.48609e-005
1068.8 3.85051e-005
1068.85 4.88933e-005
1070.55 4.48609e-005
1070.56 4.48609e-005
1070.8 3.85051e-005
1070.81 3.85051e-005
1070.85 4.88933e-005
1070.86 4.88933e-005
1072.55 4.48609e-005
1072.8 3.85051e-005
1074.55 4.48609e-005
1074.8 3.85051e-005
1074.85 4.88933e-005
1075.56 4.48609e-005
1075.81 3.85051e-005
1075.86 4.88933e-005
1076.55 4.48609e-005
1076.8 3.85051e-005
1078.55 4.48609e-005
1078.8 3.85051e-005
1078.85 4.88933e-005
1080.55 4.48609e-005
1080.56 4.48609e-005
1080.8 3.85051e-005
1080.81 3.85051e-005
1080.85 4.88933e-005
1080.86 4.88933e-005
1082.55 4.48609e-005
1082.8 3.85051e-005
1082.85 4.88933e-005
1084.55 4.48609e-005
1084.8 3.85051e-005
1084.85 4.88933e-005
1085.56 4.48609e-005
1085.81 3.85051e-005
1085.86 4.88933e-005
1086.55 4.48609e-005
1086.8 3.85051e-005
1086.85 4.88933e-005
1088.55 4.48609e-005
1088.8 3.85051e-005
1090.55 4.48609e-005
1090.56 4.48609e-005
1090.8 3.85051e-005
1090.81 3.85051e-005
1090.85 4.88933e-005
1090.86 4.88933e-005
1092.55 4.48609e-005
1092.8 3.85051e-005
1092.85 4.88933e-005
1094.55 4.48609e-005
1094.8 3.85051e-005
1094.85 4.88933e-005
1095.56 4.48609e-005
1095.81 3.85051e-005
1095.86 4.88933e-005
1096.55 4.48609e-005
1096.8 3.85051e-005
1096.85 4.88933e-005
1098.8 3.85051e-005
1098.85 4.88933e-005
1100.55 4.48609e-005
1100.56 4.48609e-005
1100.8 3.85051e-005
1100.81 3.85051e-005
1100.85 4.88933e-005
1100.86 4.88933e-005
1102.8 3.85051e-005
1102.85 4.88933e-005
1104.55 4.48609e-005
1104.8 3.85051e-005
1105.56 4.48609e-005
1105.81 3.85051e-005
1106.55 4.48609e-005
1106.8 3.85051e-005
1108.8 3.85051e-005
1108.85 4.88933e-005
1110.55 4.48609e-005
1110.56 4.48609e-005
1110.8 3.85051e-005
1110.81 3.85051e-005
1110.86 4.88933e-005
1112.55 4.48609e-005
1112.8 3.85051e-005
1114.55 4.48609e-005
1114.8 3.85051e-005
1115.56 4.48609e-005
1115.81 3.85051e-005
1115.86 4.88933e-005
1116.55 4.48609e-005
1116.8 3.85051e-005
1116.85 4.88933e-005
1118.55 4.48609e-005
1118.8 3.85051e-005
1118.85 4.88933e-005
1120.55 4.48609e-005
1120.56 4.48609e-005
1120.8 3.85051e-005
1120.81 3.85051e-005
1120.86 4.88933e-005
1122.55 4.48609e-005
1122.8 3.85051e-005
1124.55 4.48609e-005
1124.8 3.85051e-005
1124.85 4.88933e-005
1125.56 4.48609e-005
1125.81 3.85051e-005
1125.86 4.88933e-005
1126.55 4.48609e-005
1126.8 3.85051e-005
1126.85 4.88933e-005
1128.55 4.48609e-005
1128.8 3.85051e-005
1128.85 4.88933e-005
1130.55 4.48609e-005
1130.56 4.48609e-005
1130.81 3.85051e-005
1130.85 4.88933e-005
1130.86 4.88933e-005
1132.55 4.48609e-005
1132.8 3.85051e-005
1134.55 4.48609e-005
1134.8 3.85051e-005
1134.85 4.88933e-005
1135.56 4.48609e-005
1135.81 3.85051e-005
1136.55 4.48609e-005
1136.8 3.85051e-005
1138.55 4.48609e-005
1138.8 3.85051e-005
1138.85 4.88933e-005
1140.55 4.48609e-005
1140.56 4.48609e-005
1140.8 3.85051e-005
1140.81 3.85051e-005
1140.86 4.88933e-005
1142.55 4.48609e-005
1142.8 3.85051e-005
1142.85 4.88933e-005
1144.55 4.48609e-005
1144.8 3.85051e-005
1144.85 4.88933e-005
1145.56 4.48609e-005
1145.81 3.85051e-005
1145.86 4.88933e-005
1146.55 4.48609e-005
1146.8 3.85051e-005
1146.85 4.88933e-005
1148.55 4.48609e-005
1148.8 3.85051e-005
1150.56 4.48609e-005
1150.8 3.85051e-005
1150.81 3.85051e-005
1150.85 4.88933e-005
1150.86 4.88933e-005
1152.55 4.48609e-005
1152.8 3.85051e-005
1152.85 4.88933e-005
1154.55 4.48609e-005
1154.8 3.85051e-005
1154.85 4.88933e-005
1155.56 4.48609e-005
1155.81 3.85051e-005
1155.86 4.88933e-005
1156.55 4.48609e-005
1156.8 3.85051e-005
1156.85 4.88933e-005
1158.55 4.48609e-005
1158.8 3.85051e-005
1158.85 4.88933e-005
1160.55 4.48609e-005
1160.56 4.48609e-005
1160.8 3.85051e-005
1160.81 3.85051e-005
1162.8 3.85051e-005
1162.85 4.88933e-005
1164.55 4.48609e-005
1164.8 3.85051e-005
1164.85 4.88933e-005
1165.56 4.48609e-005
1165.81 3.85051e-005
1165.86 4.88933e-005
1166.55 4.48609e-005
1166.8 3.85051e-005
1168.55 4.48609e-005
1168.8 3.85051e-005
1168.85 4.88933e-005
1170.55 4.48609e-005
1170.56 4.48609e-005
1170.8 3.85051e-005
1170.81 3.85051e-005
1170.85 4.88933e-005
1170.86 4.88933e-005
1172.55 4.48609e-005
1172.8 3.85051e-005
1174.55 4.48609e-005
1174.8 3.85051e-005
1174.85 4.88933e-005
1175.56 4.48609e-005
1175.81 3.85051e-005
1176.55 4.48609e-005
1176.8 3.85051e-005
1178.55 4.48609e-005
1178.8 3.85051e-005
1180.55 4.48609e-005
1180.56 4.48609e-005
1180.8 3.85051e-005
1180.81 3.85051e-005
1180.85 4.88933e-005
1180.86 4.88933e-005
1182.55 4.48609e-005
1182.8 3.85051e-005
1182.85 4.88933e-005
1184.55 4.48609e-005
1184.8 3.85051e-005
1185.56 4.48609e-005
1185.81 3.85051e-005
1186.55 4.48609e-005
1186.8 3.85051e-005
1186.85 4.88933e-005
1188.55 4.48609e-005
1188.8 3.85051e-005
1188.85 4.88933e-005
1190.56 4.48609e-005
1190.8 3.85051e-005
1190.81 3.85051e-005
1190.85 4.88933e-005
1190.86 4.88933e-005
1192.55 4.48609e-005
1192.8 3.85051e-005
1194.8 3.85051e-005
1194.85 4.88933e-005
1195.56 4.48609e-005
1195.81 3.85051e-005
1195.86 4.88933e-005
1196.55 4.48609e-005
1196.8 3.85051e-005
1196.85 4.88933e-005
1198.55 4.48609e-005
1198.8 3.85051e-005
1198.85 4.88933e-005
