0.200059 5.09743e-005
0.205052 5.09786e-005
0.35006 4.94011e-005
0.355051 4.94082e-005
0.400035 2.61982e-005
0.405027 2.62005e-005
0.450045 3.56639e-005
0.455037 3.56632e-005
0.600042 3.21895e-005
0.605033 3.21852e-005
0.700049 3.94181e-005
0.705041 3.94261e-005
0.800059 4.79596e-005
0.805049 4.79607e-005
0.850038 2.88726e-005
0.85503 2.886e-005
0.900058 4.80333e-005
0.905049 4.80245e-005
2.20007 5.33047e-005
2.35007 5.29324e-005
2.40004 2.72128e-005
2.45005 3.56902e-005
2.60005 3.10079e-005
2.70006 4.26424e-005
2.80006 4.84134e-005
2.85004 2.43081e-005
2.90006 4.45324e-005
4.40005 2.84024e-005
4.45005 3.63601e-005
4.60005 3.09791e-005
4.80006 4.89202e-005
4.85004 2.10755e-005
4.90005 4.10424e-005
5.40503 2.90595e-005
5.45504 3.693e-005
5.60505 3.14057e-005
5.70505 4.76278e-005
5.85502 2.01671e-005
5.90504 3.92936e-005
6.40006 2.9746e-005
6.45008 3.76393e-005
6.60008 3.2106e-005
6.80006 4.94782e-005
6.85004 1.9837e-005
6.90008 3.75661e-005
8.4001 3.12237e-005
8.45009 3.94687e-005
8.60006 3.4275e-005
8.80006 5.00859e-005
8.85006 2.09492e-005
8.90005 3.41079e-005
10.4 3.30244e-005
10.405 3.3031e-005
10.4501 4.27321e-005
10.455 4.27491e-005
10.6001 3.4441e-005
10.605 3.44256e-005
10.8001 4.90972e-005
10.8051 4.9089e-005
10.85 1.9215e-005
10.855 1.91969e-005
10.9001 3.8861e-005
10.905 3.88982e-005
12.4001 3.57417e-005
12.6001 2.83258e-005
12.7001 5.18106e-005
12.85 1.4258e-005
14.4001 3.85245e-005
14.6001 2.25531e-005
14.7001 4.94752e-005
14.8001 4.35352e-005
14.85 1.6255e-005
15.4051 3.99433e-005
15.6051 1.98766e-005
15.855 1.95059e-005
16.4001 4.13597e-005
16.6 1.74662e-005
16.7001 4.71402e-005
16.8001 4.17601e-005
16.8501 2.34951e-005
18.0001 4.30071e-005
18.2001 4.46711e-005
18.3501 4.57445e-005
18.4001 4.42371e-005
18.6 1.38429e-005
18.8001 4.07837e-005
18.8501 3.26599e-005
20.0001 3.11275e-005
20.005 3.11428e-005
20.1551 4.65102e-005
20.2001 3.96945e-005
20.205 3.97038e-005
20.3501 4.1903e-005
20.355 4.19114e-005
20.4051 4.60626e-005
20.6001 1.41832e-005
20.605 1.41945e-005
20.7001 4.33179e-005
20.7051 4.33197e-005
20.8001 4.00181e-005
20.805 4.00158e-005
20.8501 3.54027e-005
20.855 3.53867e-005
22.0001 3.77833e-005
22.3501 4.5306e-005
22.4001 4.37406e-005
22.6001 1.91389e-005
22.7001 4.58457e-005
22.8001 4.04688e-005
22.85 2.98895e-005
24.0001 4.51636e-005
24.3501 4.87706e-005
24.4001 4.16906e-005
24.6 2.45838e-005
24.8501 2.69831e-005
25.3551 5.05308e-005
25.4051 4.07789e-005
25.6051 2.74141e-005
25.805 4.59181e-005
25.855 2.68052e-005
26.4001 3.99615e-005
26.6001 3.02553e-005
26.8001 4.87289e-005
26.8501 2.75223e-005
28.4001 3.85965e-005
28.6001 3.60463e-005
28.85 3.13297e-005
30.4001 3.67775e-005
30.405 3.67648e-005
30.5501 5.08893e-005
30.5551 5.09005e-005
30.6001 3.74959e-005
30.605 3.7474e-005
30.8501 2.85661e-005
30.855 2.85343e-005
30.905 4.8418e-005
32.4001 3.18299e-005
32.6001 2.8715e-005
32.8001 5.12358e-005
32.85 2.17149e-005
32.9001 5.11424e-005
34.4001 2.7192e-005
34.4501 4.5577e-005
34.6 2.00701e-005
34.8001 4.49662e-005
34.8501 3.01113e-005
35.3551 4.93192e-005
35.4051 2.5033e-005
35.455 4.12723e-005
35.605 1.58475e-005
35.805 4.18157e-005
35.8551 3.76788e-005
36.4001 2.30511e-005
36.4501 3.70176e-005
36.6 1.18619e-005
36.8001 3.86965e-005
36.8501 4.60597e-005
38.2501 4.75874e-005
38.3501 4.59477e-005
38.4 1.9723e-005
38.4501 2.85007e-005
38.6 6.18433e-006
38.8 3.24269e-005
40.2501 4.1354e-005
40.255 4.13512e-005
40.3501 4.45107e-005
40.3551 4.45059e-005
40.4001 1.73788e-005
40.405 1.73716e-005
40.4501 2.13156e-005
40.455 2.13087e-005
40.6001 9.03526e-006
40.605 9.04529e-006
40.8001 3.13342e-005
40.805 3.13513e-005
42.2001 4.55562e-005
42.2501 4.02638e-005
42.4001 1.44942e-005
42.4501 1.89683e-005
42.6 1.32328e-005
42.8001 3.86407e-005
44.2001 3.76176e-005
44.2501 3.92387e-005
44.3501 4.067e-005
44.4 1.16098e-005
44.4501 1.77064e-005
44.6 1.75839e-005
44.8001 4.65069e-005
45.2051 3.36695e-005
45.2551 3.87498e-005
45.3551 3.97128e-005
45.405 1.01603e-005
45.4551 1.75636e-005
45.6051 1.97967e-005
45.705 4.08925e-005
46.2001 2.9802e-005
46.2501 3.82839e-005
46.3501 3.87688e-005
46.4 8.72537e-006
46.4501 1.77625e-005
46.6001 2.19977e-005
46.7001 3.7794e-005
48.2 2.22399e-005
48.2501 3.74047e-005
48.4 5.84127e-006
48.45 1.91251e-005
48.6 2.64427e-005
48.7001 3.15726e-005
50.2 1.67088e-005
50.205 1.67276e-005
50.2501 3.80933e-005
50.255 3.81209e-005
50.3501 3.44233e-005
50.355 3.44116e-005
50.4 1.88747e-006
50.405 1.87904e-006
50.4501 1.84647e-005
50.455 1.84375e-005
50.6001 2.82154e-005
50.605 2.82054e-005
50.7001 2.46868e-005
50.705 2.46668e-005
52.2 2.42843e-005
52.3501 3.3171e-005
52.4001 1.21623e-005
52.45 7.6109e-006
52.6001 2.60012e-005
52.7001 1.68057e-005
54.2001 3.18643e-005
54.3501 3.86532e-005
54.4001 2.46433e-005
54.45 4.06106e-006
54.6 2.77717e-005
54.7 1.00374e-005
54.8501 4.48444e-005
55.205 3.56738e-005
55.3551 4.32727e-005
55.405 3.09359e-005
55.455 9.32032e-006
55.605 3.00062e-005
55.705 8.01944e-006
55.855 4.19769e-005
56.2001 3.94461e-005
56.3501 4.86439e-005
56.4001 3.71708e-005
56.45 1.47189e-005
56.6001 3.28898e-005
56.7 8.02412e-006
56.8501 3.91388e-005
58.45 2.56589e-005
58.6001 4.00931e-005
58.7 1.31662e-005
58.85 3.34391e-005
58.9501 5.194e-005
60.4501 3.19088e-005
60.455 3.18839e-005
60.6001 4.30366e-005
60.6051 4.30132e-005
60.7001 1.84864e-005
60.705 1.84913e-005
60.8501 3.26818e-005
60.855 3.26966e-005
60.9551 5.30637e-005
62.4501 2.19395e-005
62.6001 3.37953e-005
62.7001 2.14802e-005
62.8501 3.86956e-005
64.4001 3.20234e-005
64.45 1.21298e-005
64.6001 2.50752e-005
64.7 2.59838e-005
64.8501 4.47977e-005
65.405 2.57614e-005
65.455 7.46141e-006
65.605 2.10962e-005
65.7051 2.86024e-005
66.4 1.96387e-005
66.45 3.93943e-006
66.6001 1.76657e-005
66.7001 3.13533e-005
66.8001 4.79281e-005
66.8501 5.09564e-005
68.4 8.28591e-006
68.45 9.30115e-006
68.6 1.38587e-005
68.7001 3.72156e-005
68.8001 3.15074e-005
70.4 8.19556e-006
70.405 8.21186e-006
70.45 1.7612e-005
70.455 1.7624e-005
70.6 1.15195e-005
70.605 1.14909e-005
70.7001 3.76676e-005
70.705 3.76448e-005
70.8001 2.44079e-005
70.805 2.44242e-005
72.4 1.47454e-005
72.4501 2.55388e-005
72.6 3.58762e-006
72.7001 3.19543e-005
72.8001 3.14739e-005
74.4 2.13032e-005
74.4501 3.66072e-005
74.6 1.35046e-005
74.7001 3.47879e-005
74.8001 3.92174e-005
75.0051 5.29612e-005
75.3551 4.49211e-005
75.405 2.45994e-005
75.4551 4.26178e-005
75.605 1.94106e-005
75.7051 3.90742e-005
75.8051 4.32511e-005
76.0001 5.044e-005
76.3501 4.04112e-005
76.4001 2.78633e-005
76.6001 2.53222e-005
76.8001 4.73069e-005
78.3501 3.19217e-005
78.4001 3.44244e-005
78.6001 3.72744e-005
80.0051 4.90557e-005
80.3501 2.63072e-005
80.355 2.63125e-005
80.4001 3.87726e-005
80.405 3.87617e-005
80.6001 4.19113e-005
80.605 4.18802e-005
82.3501 2.86055e-005
82.4001 3.50539e-005
82.6001 2.94079e-005
84.3501 3.11632e-005
84.4001 3.29483e-005
84.6 1.69307e-005
84.8501 4.33894e-005
85.355 3.25273e-005
85.405 3.26071e-005
85.605 1.06989e-005
85.855 3.89034e-005
86.3501 3.39216e-005
86.4001 3.27683e-005
86.4501 4.57534e-005
86.6 4.68952e-006
86.8501 3.45298e-005
88.3501 3.68357e-005
88.4001 3.45439e-005
88.4501 4.1503e-005
88.6 8.4185e-006
88.8501 2.6081e-005
90.3501 3.97342e-005
90.355 3.9741e-005
90.4001 3.81545e-005
90.405 3.81668e-005
90.455 3.84871e-005
90.6 1.56903e-005
90.605 1.56791e-005
90.7501 4.50426e-005
90.7551 4.50709e-005
90.8501 2.02484e-005
90.855 2.02407e-005
90.9001 4.45507e-005
90.905 4.45436e-005
92.4001 4.3748e-005
92.4501 3.26288e-005
92.6001 1.17746e-005
92.85 1.73004e-005
92.9001 4.16663e-005
94.3001 4.93815e-005
94.3501 5.32583e-005
94.4001 5.03302e-005
94.4501 3.02673e-005
94.6 9.93581e-006
94.85 1.48246e-005
94.9001 3.87939e-005
95.305 4.77265e-005
95.455 3.07116e-005
95.605 1.02071e-005
95.7051 4.67962e-005
95.855 1.38407e-005
95.9051 3.73559e-005
96.3001 4.63443e-005
96.4501 3.22034e-005
96.6 1.12435e-005
96.7001 4.31627e-005
96.85 1.30917e-005
96.9001 3.59363e-005
98.4501 3.77819e-005
98.6 1.48907e-005
98.7001 3.89731e-005
98.85 1.24167e-005
98.9 3.30974e-005
100.205 5.07447e-005
100.3 4.51987e-005
100.305 4.52219e-005
100.455 4.42356e-005
100.6 1.63645e-005
100.605 1.63502e-005
100.7 3.65986e-005
100.705 3.65831e-005
100.85 7.38158e-006
100.855 7.35779e-006
100.9 3.5221e-005
100.905 3.52424e-005
102.6 1.12368e-005
102.7 3.23699e-005
102.85 1.24807e-005
102.9 4.45812e-005
104.2 4.37184e-005
104.45 4.89274e-005
104.6 8.90008e-006
104.7 3.29432e-005
104.85 2.72449e-005
105.205 4.21037e-005
105.455 5.02458e-005
105.605 9.55149e-006
105.705 3.50472e-005
105.855 3.49311e-005
106.2 4.05802e-005
106.35 4.92594e-005
106.6 1.12531e-005
106.7 3.81022e-005
106.85 4.25916e-005
108.2 3.77809e-005
108.35 4.01518e-005
108.6 1.63869e-005
108.7 4.634e-005
110.2 3.53124e-005
110.205 3.53049e-005
110.35 3.34447e-005
110.355 3.3425e-005
110.4 4.7122e-005
110.405 4.70987e-005
110.6 1.93732e-005
110.605 1.93639e-005
110.75 3.4863e-005
110.755 3.4877e-005
112.2 3.26772e-005
112.35 2.5527e-005
112.4 3.78754e-005
112.6 1.70268e-005
112.75 4.10586e-005
114.2 3.09271e-005
114.35 1.76985e-005
114.4 2.9028e-005
114.55 5.24407e-005
114.6 1.79748e-005
114.75 4.81025e-005
114.8 5.07903e-005
115.205 3.04329e-005
115.355 1.38461e-005
115.405 2.48681e-005
115.555 4.71684e-005
115.605 1.96094e-005
115.805 4.86886e-005
116.2 3.02161e-005
116.35 1.0167e-005
116.4 2.1088e-005
116.55 4.19683e-005
116.6 2.17912e-005
118.2 3.06169e-005
118.35 4.69367e-006
118.4 1.55176e-005
118.55 3.16147e-005
118.6 2.72984e-005
118.8 4.48951e-005
120.2 3.16997e-005
120.205 3.16951e-005
120.3 5.20094e-005
120.305 5.20213e-005
120.35 5.49511e-006
120.355 5.47708e-006
120.4 1.43787e-005
120.405 1.43754e-005
120.55 2.3989e-005
120.555 2.39886e-005
120.6 2.97068e-005
120.605 2.96907e-005
120.8 4.08804e-005
120.805 4.08577e-005
122.2 3.10583e-005
122.35 1.39546e-005
122.4 1.56005e-005
122.55 2.66996e-005
122.6 2.39086e-005
122.8 3.18781e-005
122.85 4.42252e-005
124.2 3.28315e-005
124.35 2.91249e-005
124.4 2.07223e-005
124.55 3.38092e-005
124.6 2.02655e-005
124.8 2.34418e-005
124.85 2.8443e-005
125.205 3.4537e-005
125.355 3.68953e-005
125.405 2.40688e-005
125.555 3.83374e-005
125.605 1.96577e-005
125.805 1.9649e-005
125.855 2.25384e-005
125.905 5.01597e-005
126.2 3.66709e-005
126.35 4.46186e-005
126.4 2.76564e-005
126.6 1.99925e-005
126.8 1.64658e-005
126.85 1.97821e-005
126.9 4.47101e-005
128.2 4.20138e-005
128.4 3.53518e-005
128.6 2.32087e-005
128.8 1.3455e-005
128.85 2.65116e-005
128.9 3.5355e-005
130.2 4.80798e-005
130.205 4.80893e-005
130.4 4.00148e-005
130.405 3.99929e-005
130.6 2.55318e-005
130.605 2.55204e-005
130.8 1.21821e-005
130.805 1.21683e-005
130.85 3.31674e-005
130.855 3.31579e-005
130.9 3.31992e-005
130.905 3.3208e-005
132.4 3.12134e-005
132.6 2.12902e-005
132.8 1.01569e-005
132.85 2.95924e-005
132.9 3.70271e-005
134.4 2.24216e-005
134.6 1.80198e-005
134.8 1.54784e-005
134.85 2.65831e-005
134.9 4.1319e-005
135.405 1.80116e-005
135.605 1.69278e-005
135.805 1.94091e-005
135.855 2.53495e-005
135.905 4.36084e-005
136.35 5.27646e-005
136.4 1.36574e-005
136.6 1.63154e-005
136.8 2.36149e-005
136.85 2.43501e-005
136.9 4.59451e-005
138.35 4.72161e-005
138.4 5.06684e-006
138.6 1.66648e-005
138.8 3.25178e-005
138.85 2.31193e-005
138.9 5.0814e-005
140.305 5.3321e-005
140.35 4.20401e-005
140.355 4.20244e-005
140.4 3.09362e-006
140.405 3.09679e-006
140.6 1.55913e-005
140.605 1.55705e-005
140.8 4.18774e-005
140.805 4.19021e-005
140.85 2.19629e-005
140.855 2.19585e-005
142.35 3.58854e-005
142.4 6.18625e-006
142.6 7.34033e-006
142.8 5.22032e-005
142.85 2.15974e-005
144.35 3.01297e-005
144.4 1.04271e-005
144.6 2.49093e-006
144.85 2.3919e-005
145.005 5.02005e-005
145.355 2.74679e-005
145.405 1.26448e-005
145.605 5.97305e-006
145.855 2.5906e-005
146 4.69532e-005
146.35 2.50496e-005
146.4 1.48639e-005
146.6 1.00032e-005
146.85 2.82734e-005
148 4.06695e-005
148.35 2.1138e-005
148.4 1.93624e-005
148.6 1.83154e-005
148.85 3.38858e-005
150 3.48564e-005
150.005 3.48743e-005
150.055 5.30419e-005
150.105 4.67407e-005
150.35 2.13489e-005
150.355 2.13783e-005
150.4 2.19123e-005
150.405 2.19001e-005
150.6 2.54885e-005
150.605 2.54994e-005
150.85 3.41969e-005
150.855 3.41779e-005
152 4.39182e-005
152.35 3.35688e-005
152.4 1.97986e-005
152.6 2.98937e-005
152.85 2.68301e-005
154.4 2.35961e-005
154.45 4.52211e-005
154.6 3.43285e-005
154.85 2.03369e-005
155.405 2.71122e-005
155.455 4.2628e-005
155.605 3.65649e-005
155.855 1.77141e-005
156.4 3.12174e-005
156.6 3.87829e-005
156.85 1.58313e-005
158.4 4.05612e-005
158.6 4.32507e-005
158.8 4.56944e-005
158.85 1.51981e-005
158.9 5.32723e-005
160.4 4.68488e-005
160.405 4.68268e-005
160.6 4.30546e-005
160.605 4.30272e-005
160.8 4.11914e-005
160.805 4.11665e-005
160.85 1.50465e-005
160.855 1.50365e-005
160.95 4.57921e-005
160.955 4.58191e-005
162.4 3.80029e-005
162.6 3.22665e-005
162.8 3.35702e-005
162.85 1.20372e-005
164.4 2.91801e-005
164.6 2.24825e-005
164.8 3.25502e-005
164.85 1.18794e-005
165.355 4.41262e-005
165.405 2.47628e-005
165.455 4.8285e-005
165.555 4.94685e-005
165.605 1.84611e-005
165.805 3.48605e-005
165.855 1.29834e-005
166.35 3.71008e-005
166.4 2.04095e-005
166.55 4.19065e-005
166.6 1.57061e-005
166.8 3.86576e-005
166.85 1.46655e-005
168.25 4.99849e-005
168.35 2.32562e-005
168.4 1.18093e-005
168.45 4.45408e-005
168.55 3.19711e-005
168.6 1.62726e-005
168.85 1.91511e-005
170.2 4.21918e-005
170.205 4.22179e-005
170.25 4.49249e-005
170.255 4.49428e-005
170.305 5.11165e-005
170.35 1.51346e-005
170.355 1.51674e-005
170.4 6.98226e-006
170.405 7.00096e-006
170.455 4.22541e-005
170.55 3.18632e-005
170.555 3.18656e-005
170.6 2.0138e-005
170.605 2.01333e-005
170.8 5.19426e-005
170.805 5.19122e-005
170.85 1.95146e-005
170.855 1.94996e-005
172.35 2.83351e-005
172.4 1.57016e-005
172.45 3.5294e-005
172.6 2.20489e-005
172.8 4.01442e-005
172.85 1.35217e-005
174.35 4.15442e-005
174.4 2.50915e-005
174.45 2.83972e-005
174.6 2.96466e-005
174.8 2.98454e-005
174.85 8.04792e-006
175.355 4.81826e-005
175.405 2.98664e-005
175.455 2.49829e-005
175.605 3.45562e-005
175.805 2.58179e-005
175.855 5.96756e-006
176.4 3.46109e-005
176.45 2.16577e-005
176.6 3.97976e-005
176.8 2.31425e-005
176.85 5.16017e-006
176.95 5.10622e-005
178.4 4.41757e-005
178.45 1.52859e-005
178.6 5.09994e-005
178.8 2.33678e-005
178.85 8.27105e-006
178.95 3.8195e-005
180.405 5.18569e-005
180.45 1.31397e-005
180.455 1.31651e-005
180.8 2.89102e-005
180.805 2.89223e-005
180.85 9.55698e-006
180.855 9.5494e-006
180.9 4.64796e-005
180.905 4.64785e-005
180.95 3.18028e-005
180.955 3.18041e-005
182.45 2.47911e-005
182.8 3.37726e-005
182.85 1.00515e-005
182.9 4.65742e-005
182.95 3.23256e-005
184.45 3.74927e-005
184.85 1.57312e-005
184.9 4.77203e-005
184.95 3.28652e-005
185.455 4.39894e-005
185.805 4.11385e-005
185.855 1.93049e-005
185.905 4.86725e-005
185.955 3.31425e-005
186.35 4.94128e-005
186.6 5.1312e-005
186.8 4.3588e-005
186.85 2.30361e-005
186.95 3.34209e-005
188.35 4.05679e-005
188.6 4.94233e-005
188.8 4.85226e-005
188.85 3.08316e-005
188.9 5.28319e-005
188.95 3.39918e-005
190.35 3.36352e-005
190.355 3.36352e-005
190.605 4.8264e-005
190.805 5.14889e-005
190.85 3.54112e-005
190.855 3.54112e-005
190.95 3.42974e-005
190.955 3.42974e-005
192.35 3.36352e-005
192.6 4.8264e-005
192.85 3.54112e-005
192.95 3.42974e-005
194.35 3.36352e-005
194.4 5.32373e-005
194.6 4.8264e-005
194.85 3.54112e-005
194.95 3.42974e-005
195.355 3.36352e-005
195.605 4.8264e-005
195.805 5.14889e-005
195.855 3.54112e-005
195.955 3.42974e-005
196.35 3.36352e-005
196.85 3.54112e-005
196.95 3.42974e-005
198.35 3.36352e-005
198.4 5.32373e-005
198.6 4.8264e-005
198.85 3.54112e-005
198.95 3.42974e-005
200.35 3.36352e-005
200.355 3.36352e-005
200.405 5.32373e-005
200.6 4.8264e-005
200.605 4.8264e-005
200.8 5.14889e-005
200.805 5.14889e-005
200.85 3.54112e-005
200.855 3.54112e-005
200.95 3.42974e-005
200.955 3.42974e-005
202.35 3.36352e-005
202.6 4.8264e-005
202.85 3.54112e-005
202.95 3.42974e-005
204.35 3.36352e-005
204.85 3.54112e-005
204.95 3.42974e-005
205.355 3.36352e-005
205.405 5.32373e-005
205.605 4.8264e-005
205.855 3.54112e-005
205.955 3.42974e-005
206.35 3.36352e-005
206.6 4.8264e-005
206.85 3.54112e-005
206.95 3.42974e-005
208.35 3.36352e-005
208.6 4.8264e-005
208.85 3.54112e-005
208.95 3.42974e-005
210.35 3.36352e-005
210.355 3.36352e-005
210.405 5.32373e-005
210.6 4.8264e-005
210.605 4.8264e-005
210.85 3.54112e-005
210.855 3.54112e-005
210.95 3.42974e-005
210.955 3.42974e-005
212.35 3.36352e-005
212.8 5.14889e-005
212.85 3.54112e-005
212.95 3.42974e-005
214.35 3.36352e-005
214.8 5.14889e-005
214.85 3.54112e-005
214.95 3.42974e-005
215.355 3.36352e-005
215.405 5.32373e-005
215.605 4.8264e-005
215.805 5.14889e-005
215.855 3.54112e-005
215.955 3.42974e-005
216.35 3.36352e-005
216.85 3.54112e-005
216.95 3.42974e-005
218.35 3.36352e-005
218.6 4.8264e-005
218.8 5.14889e-005
218.85 3.54112e-005
218.95 3.42974e-005
220.35 3.36352e-005
220.355 3.36352e-005
220.405 5.32373e-005
220.6 4.8264e-005
220.605 4.8264e-005
220.8 5.14889e-005
220.805 5.14889e-005
220.85 3.54112e-005
220.855 3.54112e-005
220.95 3.42974e-005
220.955 3.42974e-005
222.35 3.36352e-005
222.85 3.54112e-005
222.95 3.42974e-005
224.35 3.36352e-005
224.85 3.54112e-005
224.95 3.42974e-005
225.355 3.36352e-005
225.405 5.32373e-005
225.605 4.8264e-005
225.855 3.54112e-005
225.955 3.42974e-005
226.35 3.36352e-005
226.4 5.32373e-005
226.6 4.8264e-005
226.85 3.54112e-005
226.95 3.42974e-005
228.35 3.36352e-005
228.6 4.8264e-005
228.8 5.14889e-005
228.85 3.54112e-005
228.95 3.42974e-005
230.35 3.36352e-005
230.355 3.36352e-005
230.405 5.32373e-005
230.605 4.8264e-005
230.805 5.14889e-005
230.85 3.54112e-005
230.855 3.54112e-005
230.95 3.42974e-005
230.955 3.42974e-005
232.35 3.36352e-005
232.4 5.32373e-005
232.6 4.8264e-005
232.8 5.14889e-005
232.85 3.54112e-005
232.95 3.42974e-005
234.35 3.36352e-005
234.85 3.54112e-005
234.95 3.42974e-005
235.355 3.36352e-005
235.405 5.32373e-005
235.605 4.8264e-005
235.855 3.54112e-005
235.955 3.42974e-005
236.35 3.36352e-005
236.4 5.32373e-005
236.85 3.54112e-005
236.95 3.42974e-005
238.35 3.36352e-005
238.8 5.14889e-005
238.85 3.54112e-005
238.95 3.42974e-005
240.35 3.36352e-005
240.355 3.36352e-005
240.4 5.32373e-005
240.605 4.8264e-005
240.805 5.14889e-005
240.85 3.54112e-005
240.855 3.54112e-005
240.95 3.42974e-005
240.955 3.42974e-005
242.35 3.36352e-005
242.8 5.14889e-005
242.85 3.54112e-005
242.95 3.42974e-005
244.35 3.36352e-005
244.4 5.32373e-005
244.85 3.54112e-005
244.95 3.42974e-005
245.355 3.36352e-005
245.405 5.32373e-005
245.605 4.8264e-005
245.805 5.14889e-005
245.855 3.54112e-005
245.955 3.42974e-005
246.35 3.36352e-005
246.4 5.32373e-005
246.6 4.8264e-005
246.85 3.54112e-005
246.95 3.42974e-005
248.35 3.36352e-005
248.6 4.8264e-005
248.8 5.14889e-005
248.85 3.54112e-005
248.95 3.42974e-005
250.35 3.36352e-005
250.355 3.36352e-005
250.405 5.32373e-005
250.605 4.8264e-005
250.805 5.14889e-005
250.85 3.54112e-005
250.855 3.54112e-005
250.95 3.42974e-005
250.955 3.42974e-005
252.35 3.36352e-005
252.85 3.54112e-005
252.95 3.42974e-005
254.35 3.36352e-005
254.6 4.8264e-005
254.8 5.14889e-005
254.85 3.54112e-005
254.95 3.42974e-005
255.605 4.8264e-005
255.805 5.14889e-005
255.855 3.54112e-005
255.955 3.42974e-005
256.35 3.36352e-005
256.6 4.8264e-005
256.8 5.14889e-005
256.85 3.54112e-005
256.95 3.42974e-005
258.35 3.36352e-005
258.6 4.8264e-005
258.85 3.54112e-005
258.95 3.42974e-005
260.35 3.36352e-005
260.355 3.36352e-005
260.605 4.8264e-005
260.85 3.54112e-005
260.855 3.54112e-005
260.95 3.42974e-005
260.955 3.42974e-005
262.35 3.36352e-005
262.6 4.8264e-005
262.8 5.14889e-005
262.85 3.54112e-005
262.95 3.42974e-005
264.35 3.36352e-005
264.6 4.8264e-005
264.8 5.14889e-005
264.85 3.54112e-005
264.95 3.42974e-005
265.355 3.36352e-005
265.605 4.8264e-005
265.855 3.54112e-005
265.955 3.42974e-005
266.35 3.36352e-005
266.85 3.54112e-005
266.95 3.42974e-005
268.35 3.36352e-005
268.4 5.32373e-005
268.85 3.54112e-005
268.95 3.42974e-005
270.35 3.36352e-005
270.355 3.36352e-005
270.6 4.8264e-005
270.605 4.8264e-005
270.805 5.14889e-005
270.85 3.54112e-005
270.855 3.54112e-005
270.95 3.42974e-005
270.955 3.42974e-005
272.35 3.36352e-005
272.6 4.8264e-005
272.85 3.54112e-005
272.95 3.42974e-005
274.35 3.36352e-005
274.6 4.8264e-005
274.85 3.54112e-005
274.95 3.42974e-005
275.355 3.36352e-005
275.805 5.14889e-005
275.855 3.54112e-005
275.955 3.42974e-005
276.35 3.36352e-005
276.4 5.32373e-005
276.95 3.42974e-005
278.35 3.36352e-005
278.4 5.32373e-005
278.85 3.54112e-005
278.95 3.42974e-005
280.35 3.36352e-005
280.355 3.36352e-005
280.405 5.32373e-005
280.6 4.8264e-005
280.605 4.8264e-005
280.8 5.14889e-005
280.805 5.14889e-005
280.85 3.54112e-005
280.855 3.54112e-005
280.95 3.42974e-005
280.955 3.42974e-005
282.35 3.36352e-005
282.6 4.8264e-005
282.8 5.14889e-005
282.85 3.54112e-005
282.95 3.42974e-005
284.35 3.36352e-005
284.8 5.14889e-005
284.85 3.54112e-005
284.95 3.42974e-005
285.355 3.36352e-005
285.605 4.8264e-005
285.855 3.54112e-005
285.955 3.42974e-005
286.35 3.36352e-005
286.85 3.54112e-005
286.95 3.42974e-005
288.35 3.36352e-005
288.8 5.14889e-005
288.85 3.54112e-005
288.95 3.42974e-005
290.35 3.36352e-005
290.355 3.36352e-005
290.405 5.32373e-005
290.805 5.14889e-005
290.85 3.54112e-005
290.855 3.54112e-005
290.95 3.42974e-005
290.955 3.42974e-005
292.35 3.36352e-005
292.8 5.14889e-005
292.85 3.54112e-005
292.95 3.42974e-005
294.35 3.36352e-005
294.6 4.8264e-005
294.85 3.54112e-005
294.95 3.42974e-005
295.355 3.36352e-005
295.805 5.14889e-005
295.855 3.54112e-005
295.955 3.42974e-005
296.35 3.36352e-005
296.85 3.54112e-005
296.95 3.42974e-005
298.35 3.36352e-005
298.4 5.32373e-005
298.8 5.14889e-005
298.85 3.54112e-005
298.95 3.42974e-005
300.35 3.36352e-005
300.355 3.36352e-005
300.6 4.8264e-005
300.605 4.8264e-005
300.8 5.14889e-005
300.805 5.14889e-005
300.85 3.54112e-005
300.855 3.54112e-005
300.95 3.42974e-005
300.955 3.42974e-005
302.35 3.36352e-005
302.6 4.8264e-005
302.8 5.14889e-005
302.85 3.54112e-005
302.95 3.42974e-005
304.35 3.36352e-005
304.6 4.8264e-005
304.85 3.54112e-005
304.95 3.42974e-005
305.355 3.36352e-005
305.605 4.8264e-005
305.855 3.54112e-005
305.955 3.42974e-005
306.35 3.36352e-005
306.6 4.8264e-005
306.85 3.54112e-005
306.95 3.42974e-005
308.35 3.36352e-005
308.6 4.8264e-005
308.8 5.14889e-005
308.85 3.54112e-005
308.95 3.42974e-005
310.35 3.36352e-005
310.355 3.36352e-005
310.405 5.32373e-005
310.6 4.8264e-005
310.605 4.8264e-005
310.805 5.14889e-005
310.85 3.54112e-005
310.855 3.54112e-005
310.95 3.42974e-005
310.955 3.42974e-005
312.35 3.36352e-005
312.85 3.54112e-005
312.95 3.42974e-005
314.35 3.36352e-005
314.6 4.8264e-005
314.8 5.14889e-005
314.85 3.54112e-005
314.95 3.42974e-005
315.355 3.36352e-005
315.605 4.8264e-005
315.855 3.54112e-005
315.955 3.42974e-005
316.35 3.36352e-005
316.85 3.54112e-005
316.95 3.42974e-005
318.35 3.36352e-005
318.8 5.14889e-005
318.85 3.54112e-005
318.95 3.42974e-005
320.35 3.36352e-005
320.355 3.36352e-005
320.405 5.32373e-005
320.6 4.8264e-005
320.605 4.8264e-005
320.805 5.14889e-005
320.85 3.54112e-005
320.855 3.54112e-005
320.95 3.42974e-005
320.955 3.42974e-005
322.35 3.36352e-005
322.6 4.8264e-005
322.85 3.54112e-005
322.95 3.42974e-005
324.35 3.36352e-005
324.8 5.14889e-005
324.85 3.54112e-005
324.95 3.42974e-005
325.355 3.36352e-005
325.855 3.54112e-005
325.955 3.42974e-005
326.35 3.36352e-005
326.6 4.8264e-005
326.85 3.54112e-005
326.95 3.42974e-005
328.35 3.36352e-005
328.4 5.32373e-005
328.85 3.54112e-005
328.95 3.42974e-005
330.35 3.36352e-005
330.355 3.36352e-005
330.405 5.32373e-005
330.805 5.14889e-005
330.85 3.54112e-005
330.855 3.54112e-005
330.95 3.42974e-005
330.955 3.42974e-005
332.35 3.36352e-005
332.6 4.8264e-005
332.85 3.54112e-005
332.95 3.42974e-005
334.35 3.36352e-005
334.8 5.14889e-005
334.85 3.54112e-005
334.95 3.42974e-005
335.355 3.36352e-005
335.805 5.14889e-005
335.855 3.54112e-005
335.955 3.42974e-005
336.35 3.36352e-005
336.85 3.54112e-005
336.95 3.42974e-005
338.35 3.36352e-005
338.6 4.8264e-005
338.85 3.54112e-005
338.95 3.42974e-005
340.35 3.36352e-005
340.355 3.36352e-005
340.405 5.32373e-005
340.6 4.8264e-005
340.605 4.8264e-005
340.805 5.14889e-005
340.85 3.54112e-005
340.855 3.54112e-005
340.95 3.42974e-005
340.955 3.42974e-005
342.35 3.36352e-005
342.4 5.32373e-005
342.85 3.54112e-005
342.95 3.42974e-005
344.35 3.36352e-005
344.85 3.54112e-005
344.95 3.42974e-005
345.355 3.36352e-005
345.605 4.8264e-005
345.805 5.14889e-005
345.855 3.54112e-005
345.955 3.42974e-005
346.35 3.36352e-005
346.6 4.8264e-005
346.85 3.54112e-005
346.95 3.42974e-005
348.35 3.36352e-005
348.6 4.8264e-005
348.8 5.14889e-005
348.85 3.54112e-005
348.95 3.42974e-005
350.35 3.36352e-005
350.355 3.36352e-005
350.405 5.32373e-005
350.605 4.8264e-005
350.805 5.14889e-005
350.85 3.54112e-005
350.855 3.54112e-005
350.95 3.42974e-005
350.955 3.42974e-005
352.35 3.36352e-005
352.6 4.8264e-005
352.85 3.54112e-005
352.95 3.42974e-005
354.35 3.36352e-005
354.4 5.32373e-005
354.6 4.8264e-005
354.85 3.54112e-005
354.95 3.42974e-005
355.355 3.36352e-005
355.805 5.14889e-005
355.855 3.54112e-005
355.955 3.42974e-005
356.35 3.36352e-005
356.6 4.8264e-005
356.8 5.14889e-005
356.85 3.54112e-005
356.95 3.42974e-005
358.35 3.36352e-005
358.4 5.32373e-005
358.6 4.8264e-005
358.85 3.54112e-005
358.95 3.42974e-005
360.35 3.36352e-005
360.355 3.36352e-005
360.4 5.32373e-005
360.405 5.32373e-005
360.6 4.8264e-005
360.805 5.14889e-005
360.85 3.54112e-005
360.855 3.54112e-005
360.95 3.42974e-005
360.955 3.42974e-005
362.35 3.36352e-005
362.85 3.54112e-005
362.95 3.42974e-005
364.35 3.36352e-005
364.85 3.54112e-005
364.95 3.42974e-005
365.355 3.36352e-005
365.855 3.54112e-005
365.955 3.42974e-005
366.35 3.36352e-005
366.85 3.54112e-005
366.95 3.42974e-005
368.35 3.36352e-005
368.85 3.54112e-005
368.95 3.42974e-005
370.35 3.36352e-005
370.355 3.36352e-005
370.605 4.8264e-005
370.8 5.14889e-005
370.805 5.14889e-005
370.85 3.54112e-005
370.855 3.54112e-005
370.95 3.42974e-005
370.955 3.42974e-005
372.35 3.36352e-005
372.8 5.14889e-005
372.85 3.54112e-005
372.95 3.42974e-005
374.35 3.36352e-005
374.6 4.8264e-005
374.85 3.54112e-005
374.95 3.42974e-005
375.355 3.36352e-005
375.405 5.32373e-005
375.805 5.14889e-005
375.855 3.54112e-005
375.955 3.42974e-005
376.35 3.36352e-005
376.6 4.8264e-005
376.8 5.14889e-005
376.85 3.54112e-005
376.95 3.42974e-005
378.35 3.36352e-005
378.6 4.8264e-005
378.8 5.14889e-005
378.85 3.54112e-005
378.95 3.42974e-005
380.35 3.36352e-005
380.355 3.36352e-005
380.405 5.32373e-005
380.6 4.8264e-005
380.605 4.8264e-005
380.85 3.54112e-005
380.855 3.54112e-005
380.95 3.42974e-005
380.955 3.42974e-005
382.35 3.36352e-005
382.85 3.54112e-005
382.95 3.42974e-005
384.35 3.36352e-005
384.8 5.14889e-005
384.85 3.54112e-005
384.95 3.42974e-005
385.355 3.36352e-005
385.805 5.14889e-005
385.855 3.54112e-005
385.955 3.42974e-005
386.35 3.36352e-005
386.6 4.8264e-005
386.8 5.14889e-005
386.85 3.54112e-005
386.95 3.42974e-005
388.35 3.36352e-005
388.4 5.32373e-005
388.85 3.54112e-005
388.95 3.42974e-005
390.35 3.36352e-005
390.355 3.36352e-005
390.405 5.32373e-005
390.605 4.8264e-005
390.805 5.14889e-005
390.85 3.54112e-005
390.855 3.54112e-005
390.95 3.42974e-005
390.955 3.42974e-005
392.35 3.36352e-005
392.8 5.14889e-005
392.85 3.54112e-005
392.95 3.42974e-005
394.35 3.36352e-005
394.6 4.8264e-005
394.8 5.14889e-005
394.85 3.54112e-005
394.95 3.42974e-005
395.355 3.36352e-005
395.605 4.8264e-005
395.855 3.54112e-005
395.955 3.42974e-005
396.35 3.36352e-005
396.85 3.54112e-005
396.95 3.42974e-005
398.35 3.36352e-005
398.6 4.8264e-005
398.85 3.54112e-005
398.95 3.42974e-005
400.35 3.36352e-005
400.355 3.36352e-005
400.405 5.32373e-005
400.6 4.8264e-005
400.605 4.8264e-005
400.8 5.14889e-005
400.805 5.14889e-005
400.85 3.54112e-005
400.855 3.54112e-005
400.95 3.42974e-005
400.955 3.42974e-005
402.35 3.36352e-005
402.85 3.54112e-005
402.95 3.42974e-005
404.35 3.36352e-005
404.8 5.14889e-005
404.85 3.54112e-005
404.95 3.42974e-005
405.355 3.36352e-005
405.605 4.8264e-005
405.805 5.14889e-005
405.855 3.54112e-005
405.955 3.42974e-005
406.35 3.36352e-005
406.6 4.8264e-005
406.8 5.14889e-005
406.85 3.54112e-005
406.95 3.42974e-005
408.35 3.36352e-005
408.6 4.8264e-005
408.85 3.54112e-005
408.95 3.42974e-005
410.35 3.36352e-005
410.355 3.36352e-005
410.405 5.32373e-005
410.6 4.8264e-005
410.605 4.8264e-005
410.8 5.14889e-005
410.85 3.54112e-005
410.855 3.54112e-005
410.95 3.42974e-005
410.955 3.42974e-005
412.35 3.36352e-005
412.8 5.14889e-005
412.85 3.54112e-005
412.95 3.42974e-005
414.35 3.36352e-005
414.8 5.14889e-005
414.85 3.54112e-005
414.95 3.42974e-005
415.355 3.36352e-005
415.605 4.8264e-005
415.855 3.54112e-005
415.955 3.42974e-005
416.35 3.36352e-005
416.85 3.54112e-005
416.95 3.42974e-005
418.35 3.36352e-005
418.4 5.32373e-005
418.85 3.54112e-005
418.95 3.42974e-005
420.35 3.36352e-005
420.355 3.36352e-005
420.4 5.32373e-005
420.405 5.32373e-005
420.605 4.8264e-005
420.85 3.54112e-005
420.855 3.54112e-005
420.95 3.42974e-005
420.955 3.42974e-005
422.35 3.36352e-005
422.6 4.8264e-005
422.8 5.14889e-005
422.85 3.54112e-005
422.95 3.42974e-005
424.35 3.36352e-005
424.6 4.8264e-005
424.85 3.54112e-005
424.95 3.42974e-005
425.355 3.36352e-005
425.605 4.8264e-005
425.855 3.54112e-005
425.955 3.42974e-005
426.35 3.36352e-005
426.6 4.8264e-005
426.8 5.14889e-005
426.85 3.54112e-005
426.95 3.42974e-005
428.35 3.36352e-005
428.8 5.14889e-005
428.85 3.54112e-005
428.95 3.42974e-005
430.35 3.36352e-005
430.355 3.36352e-005
430.405 5.32373e-005
430.6 4.8264e-005
430.605 4.8264e-005
430.85 3.54112e-005
430.855 3.54112e-005
430.95 3.42974e-005
430.955 3.42974e-005
432.35 3.36352e-005
432.85 3.54112e-005
432.95 3.42974e-005
434.35 3.36352e-005
434.4 5.32373e-005
434.85 3.54112e-005
434.95 3.42974e-005
435.355 3.36352e-005
435.605 4.8264e-005
435.805 5.14889e-005
435.855 3.54112e-005
435.955 3.42974e-005
436.35 3.36352e-005
436.6 4.8264e-005
436.85 3.54112e-005
436.95 3.42974e-005
438.35 3.36352e-005
438.85 3.54112e-005
438.95 3.42974e-005
440.35 3.36352e-005
440.355 3.36352e-005
440.4 5.32373e-005
440.405 5.32373e-005
440.605 4.8264e-005
440.85 3.54112e-005
440.855 3.54112e-005
440.95 3.42974e-005
440.955 3.42974e-005
442.35 3.36352e-005
442.8 5.14889e-005
442.85 3.54112e-005
442.95 3.42974e-005
444.35 3.36352e-005
444.6 4.8264e-005
444.85 3.54112e-005
444.95 3.42974e-005
445.355 3.36352e-005
445.805 5.14889e-005
445.855 3.54112e-005
445.955 3.42974e-005
446.35 3.36352e-005
446.85 3.54112e-005
446.95 3.42974e-005
448.35 3.36352e-005
448.4 5.32373e-005
448.85 3.54112e-005
448.95 3.42974e-005
450.35 3.36352e-005
450.355 3.36352e-005
450.405 5.32373e-005
450.605 4.8264e-005
450.85 3.54112e-005
450.855 3.54112e-005
450.95 3.42974e-005
450.955 3.42974e-005
452.35 3.36352e-005
452.6 4.8264e-005
452.85 3.54112e-005
452.95 3.42974e-005
454.35 3.36352e-005
454.6 4.8264e-005
454.8 5.14889e-005
454.85 3.54112e-005
454.95 3.42974e-005
455.355 3.36352e-005
455.605 4.8264e-005
455.855 3.54112e-005
455.955 3.42974e-005
456.35 3.36352e-005
456.85 3.54112e-005
456.95 3.42974e-005
458.35 3.36352e-005
458.6 4.8264e-005
458.85 3.54112e-005
458.95 3.42974e-005
460.35 3.36352e-005
460.355 3.36352e-005
460.4 5.32373e-005
460.405 5.32373e-005
460.6 4.8264e-005
460.605 4.8264e-005
460.805 5.14889e-005
460.85 3.54112e-005
460.855 3.54112e-005
460.95 3.42974e-005
460.955 3.42974e-005
462.35 3.36352e-005
462.6 4.8264e-005
462.8 5.14889e-005
462.85 3.54112e-005
462.95 3.42974e-005
464.35 3.36352e-005
464.6 4.8264e-005
464.85 3.54112e-005
464.95 3.42974e-005
465.355 3.36352e-005
465.605 4.8264e-005
465.855 3.54112e-005
465.955 3.42974e-005
466.35 3.36352e-005
466.4 5.32373e-005
466.6 4.8264e-005
466.85 3.54112e-005
466.95 3.42974e-005
468.35 3.36352e-005
468.6 4.8264e-005
468.85 3.54112e-005
468.95 3.42974e-005
470.35 3.36352e-005
470.355 3.36352e-005
470.605 4.8264e-005
470.805 5.14889e-005
470.85 3.54112e-005
470.855 3.54112e-005
470.95 3.42974e-005
470.955 3.42974e-005
472.35 3.36352e-005
472.4 5.32373e-005
472.85 3.54112e-005
472.95 3.42974e-005
474.35 3.36352e-005
474.8 5.14889e-005
474.85 3.54112e-005
474.95 3.42974e-005
475.355 3.36352e-005
475.805 5.14889e-005
475.855 3.54112e-005
475.955 3.42974e-005
476.35 3.36352e-005
476.85 3.54112e-005
476.95 3.42974e-005
478.35 3.36352e-005
478.8 5.14889e-005
478.85 3.54112e-005
478.95 3.42974e-005
480.35 3.36352e-005
480.355 3.36352e-005
480.405 5.32373e-005
480.6 4.8264e-005
480.605 4.8264e-005
480.805 5.14889e-005
480.85 3.54112e-005
480.855 3.54112e-005
480.95 3.42974e-005
480.955 3.42974e-005
482.35 3.36352e-005
482.6 4.8264e-005
482.85 3.54112e-005
482.95 3.42974e-005
484.35 3.36352e-005
484.8 5.14889e-005
484.85 3.54112e-005
484.95 3.42974e-005
485.355 3.36352e-005
485.405 5.32373e-005
485.605 4.8264e-005
485.855 3.54112e-005
485.955 3.42974e-005
486.35 3.36352e-005
486.6 4.8264e-005
486.85 3.54112e-005
486.95 3.42974e-005
488.35 3.36352e-005
488.85 3.54112e-005
488.95 3.42974e-005
490.35 3.36352e-005
490.355 3.36352e-005
490.4 5.32373e-005
490.405 5.32373e-005
490.6 4.8264e-005
490.605 4.8264e-005
490.85 3.54112e-005
490.855 3.54112e-005
490.95 3.42974e-005
490.955 3.42974e-005
492.35 3.36352e-005
492.8 5.14889e-005
492.85 3.54112e-005
492.95 3.42974e-005
494.35 3.36352e-005
494.8 5.14889e-005
494.85 3.54112e-005
494.95 3.42974e-005
495.355 3.36352e-005
495.405 5.32373e-005
495.605 4.8264e-005
495.805 5.14889e-005
495.855 3.54112e-005
495.955 3.42974e-005
496.35 3.36352e-005
496.6 4.8264e-005
496.85 3.54112e-005
496.95 3.42974e-005
498.35 3.36352e-005
498.6 4.8264e-005
498.8 5.14889e-005
498.85 3.54112e-005
498.95 3.42974e-005
500.35 3.36352e-005
500.355 3.36352e-005
500.605 4.8264e-005
500.805 5.14889e-005
500.85 3.54112e-005
500.855 3.54112e-005
500.95 3.42974e-005
500.955 3.42974e-005
502.35 3.36352e-005
502.6 4.8264e-005
502.85 3.54112e-005
502.95 3.42974e-005
504.35 3.36352e-005
504.6 4.8264e-005
504.85 3.54112e-005
504.95 3.42974e-005
505.355 3.36352e-005
505.405 5.32373e-005
505.605 4.8264e-005
505.805 5.14889e-005
505.855 3.54112e-005
505.955 3.42974e-005
506.35 3.36352e-005
506.4 5.32373e-005
506.6 4.8264e-005
506.8 5.14889e-005
506.85 3.54112e-005
506.95 3.42974e-005
508.35 3.36352e-005
508.85 3.54112e-005
508.95 3.42974e-005
510.35 3.36352e-005
510.355 3.36352e-005
510.4 5.32373e-005
510.405 5.32373e-005
510.6 4.8264e-005
510.605 4.8264e-005
510.805 5.14889e-005
510.85 3.54112e-005
510.855 3.54112e-005
510.95 3.42974e-005
510.955 3.42974e-005
512.35 3.36352e-005
512.8 5.14889e-005
512.85 3.54112e-005
512.95 3.42974e-005
514.35 3.36352e-005
514.6 4.8264e-005
514.8 5.14889e-005
514.85 3.54112e-005
514.95 3.42974e-005
515.355 3.36352e-005
515.605 4.8264e-005
515.855 3.54112e-005
515.955 3.42974e-005
516.35 3.36352e-005
516.8 5.14889e-005
516.85 3.54112e-005
516.95 3.42974e-005
518.35 3.36352e-005
518.4 5.32373e-005
518.6 4.8264e-005
518.8 5.14889e-005
518.85 3.54112e-005
518.95 3.42974e-005
520.35 3.36352e-005
520.355 3.36352e-005
520.805 5.14889e-005
520.85 3.54112e-005
520.855 3.54112e-005
520.95 3.42974e-005
520.955 3.42974e-005
522.35 3.36352e-005
522.85 3.54112e-005
522.95 3.42974e-005
524.35 3.36352e-005
524.6 4.8264e-005
524.85 3.54112e-005
524.95 3.42974e-005
525.355 3.36352e-005
525.855 3.54112e-005
525.955 3.42974e-005
526.35 3.36352e-005
526.85 3.54112e-005
526.95 3.42974e-005
528.35 3.36352e-005
528.4 5.32373e-005
528.6 4.8264e-005
528.85 3.54112e-005
528.95 3.42974e-005
530.35 3.36352e-005
530.355 3.36352e-005
530.6 4.8264e-005
530.605 4.8264e-005
530.805 5.14889e-005
530.85 3.54112e-005
530.855 3.54112e-005
530.95 3.42974e-005
530.955 3.42974e-005
532.35 3.36352e-005
532.8 5.14889e-005
532.85 3.54112e-005
532.95 3.42974e-005
534.35 3.36352e-005
534.6 4.8264e-005
534.8 5.14889e-005
534.85 3.54112e-005
534.95 3.42974e-005
535.355 3.36352e-005
535.605 4.8264e-005
535.805 5.14889e-005
535.855 3.54112e-005
535.955 3.42974e-005
536.35 3.36352e-005
536.85 3.54112e-005
536.95 3.42974e-005
538.35 3.36352e-005
538.6 4.8264e-005
538.8 5.14889e-005
538.85 3.54112e-005
538.95 3.42974e-005
540.35 3.36352e-005
540.355 3.36352e-005
540.6 4.8264e-005
540.605 4.8264e-005
540.85 3.54112e-005
540.855 3.54112e-005
540.95 3.42974e-005
540.955 3.42974e-005
542.35 3.36352e-005
542.4 5.32373e-005
542.85 3.54112e-005
542.95 3.42974e-005
544.35 3.36352e-005
544.85 3.54112e-005
544.95 3.42974e-005
545.355 3.36352e-005
545.805 5.14889e-005
545.855 3.54112e-005
545.955 3.42974e-005
546.35 3.36352e-005
546.85 3.54112e-005
546.95 3.42974e-005
548.35 3.36352e-005
548.6 4.8264e-005
548.8 5.14889e-005
548.85 3.54112e-005
548.95 3.42974e-005
550.35 3.36352e-005
550.355 3.36352e-005
550.405 5.32373e-005
550.6 4.8264e-005
550.605 4.8264e-005
550.805 5.14889e-005
550.85 3.54112e-005
550.855 3.54112e-005
550.95 3.42974e-005
550.955 3.42974e-005
552.35 3.36352e-005
552.85 3.54112e-005
552.95 3.42974e-005
554.35 3.36352e-005
554.6 4.8264e-005
554.85 3.54112e-005
554.95 3.42974e-005
555.355 3.36352e-005
555.405 5.32373e-005
555.605 4.8264e-005
555.855 3.54112e-005
555.955 3.42974e-005
556.35 3.36352e-005
556.8 5.14889e-005
556.85 3.54112e-005
556.95 3.42974e-005
558.35 3.36352e-005
558.6 4.8264e-005
558.85 3.54112e-005
558.95 3.42974e-005
560.35 3.36352e-005
560.355 3.36352e-005
560.6 4.8264e-005
560.605 4.8264e-005
560.85 3.54112e-005
560.855 3.54112e-005
560.95 3.42974e-005
560.955 3.42974e-005
562.35 3.36352e-005
562.6 4.8264e-005
562.85 3.54112e-005
562.95 3.42974e-005
564.35 3.36352e-005
564.6 4.8264e-005
564.8 5.14889e-005
564.85 3.54112e-005
564.95 3.42974e-005
565.355 3.36352e-005
565.605 4.8264e-005
565.805 5.14889e-005
565.855 3.54112e-005
565.955 3.42974e-005
566.35 3.36352e-005
566.6 4.8264e-005
566.85 3.54112e-005
566.95 3.42974e-005
568.35 3.36352e-005
568.85 3.54112e-005
568.95 3.42974e-005
570.35 3.36352e-005
570.355 3.36352e-005
570.405 5.32373e-005
570.6 4.8264e-005
570.605 4.8264e-005
570.805 5.14889e-005
570.85 3.54112e-005
570.855 3.54112e-005
570.95 3.42974e-005
570.955 3.42974e-005
572.35 3.36352e-005
572.4 5.32373e-005
572.6 4.8264e-005
572.8 5.14889e-005
572.85 3.54112e-005
572.95 3.42974e-005
574.35 3.36352e-005
574.4 5.32373e-005
574.6 4.8264e-005
574.8 5.14889e-005
574.85 3.54112e-005
574.95 3.42974e-005
575.355 3.36352e-005
575.605 4.8264e-005
575.855 3.54112e-005
575.955 3.42974e-005
576.35 3.36352e-005
576.6 4.8264e-005
576.8 5.14889e-005
576.85 3.54112e-005
576.95 3.42974e-005
578.35 3.36352e-005
578.8 5.14889e-005
578.85 3.54112e-005
578.95 3.42974e-005
580.35 3.36352e-005
580.355 3.36352e-005
580.6 4.8264e-005
580.605 4.8264e-005
580.805 5.14889e-005
580.85 3.54112e-005
580.855 3.54112e-005
580.95 3.42974e-005
580.955 3.42974e-005
582.35 3.36352e-005
582.4 5.32373e-005
582.6 4.8264e-005
582.8 5.14889e-005
582.85 3.54112e-005
582.95 3.42974e-005
584.35 3.36352e-005
584.85 3.54112e-005
584.95 3.42974e-005
585.355 3.36352e-005
585.605 4.8264e-005
585.805 5.14889e-005
585.855 3.54112e-005
585.955 3.42974e-005
586.35 3.36352e-005
586.8 5.14889e-005
586.85 3.54112e-005
586.95 3.42974e-005
588.35 3.36352e-005
588.6 4.8264e-005
588.8 5.14889e-005
588.85 3.54112e-005
588.95 3.42974e-005
590.35 3.36352e-005
590.355 3.36352e-005
590.605 4.8264e-005
590.8 5.14889e-005
590.85 3.54112e-005
590.855 3.54112e-005
590.95 3.42974e-005
590.955 3.42974e-005
592.35 3.36352e-005
592.6 4.8264e-005
592.8 5.14889e-005
592.85 3.54112e-005
592.95 3.42974e-005
594.35 3.36352e-005
594.6 4.8264e-005
594.8 5.14889e-005
594.85 3.54112e-005
594.95 3.42974e-005
595.355 3.36352e-005
595.605 4.8264e-005
595.805 5.14889e-005
595.855 3.54112e-005
595.955 3.42974e-005
596.35 3.36352e-005
596.4 5.32373e-005
596.6 4.8264e-005
596.8 5.14889e-005
596.85 3.54112e-005
596.95 3.42974e-005
598.35 3.36352e-005
598.85 3.54112e-005
598.95 3.42974e-005
600.35 3.36352e-005
600.355 3.36352e-005
600.6 4.8264e-005
600.8 5.14889e-005
600.805 5.14889e-005
600.85 3.54112e-005
600.855 3.54112e-005
600.95 3.42974e-005
600.955 3.42974e-005
602.35 3.36352e-005
602.6 4.8264e-005
602.85 3.54112e-005
602.95 3.42974e-005
604.35 3.36352e-005
604.8 5.14889e-005
604.85 3.54112e-005
604.95 3.42974e-005
605.355 3.36352e-005
605.605 4.8264e-005
605.855 3.54112e-005
605.955 3.42974e-005
606.35 3.36352e-005
606.85 3.54112e-005
606.95 3.42974e-005
608.35 3.36352e-005
608.8 5.14889e-005
608.85 3.54112e-005
608.95 3.42974e-005
610.35 3.36352e-005
610.355 3.36352e-005
610.405 5.32373e-005
610.605 4.8264e-005
610.8 5.14889e-005
610.85 3.54112e-005
610.855 3.54112e-005
610.95 3.42974e-005
610.955 3.42974e-005
612.35 3.36352e-005
612.6 4.8264e-005
612.8 5.14889e-005
612.85 3.54112e-005
612.95 3.42974e-005
614.35 3.36352e-005
614.4 5.32373e-005
614.6 4.8264e-005
614.8 5.14889e-005
614.85 3.54112e-005
614.95 3.42974e-005
615.355 3.36352e-005
615.405 5.32373e-005
615.605 4.8264e-005
615.855 3.54112e-005
615.955 3.42974e-005
616.35 3.36352e-005
616.8 5.14889e-005
616.85 3.54112e-005
616.95 3.42974e-005
618.35 3.36352e-005
618.4 5.32373e-005
618.8 5.14889e-005
618.85 3.54112e-005
618.95 3.42974e-005
620.35 3.36352e-005
620.355 3.36352e-005
620.405 5.32373e-005
620.605 4.8264e-005
620.805 5.14889e-005
620.85 3.54112e-005
620.855 3.54112e-005
620.95 3.42974e-005
620.955 3.42974e-005
622.35 3.36352e-005
622.6 4.8264e-005
622.85 3.54112e-005
622.95 3.42974e-005
624.35 3.36352e-005
624.85 3.54112e-005
624.95 3.42974e-005
625.355 3.36352e-005
625.805 5.14889e-005
625.855 3.54112e-005
625.955 3.42974e-005
626.35 3.36352e-005
626.85 3.54112e-005
626.95 3.42974e-005
628.35 3.36352e-005
628.85 3.54112e-005
628.95 3.42974e-005
630.35 3.36352e-005
630.355 3.36352e-005
630.405 5.32373e-005
630.605 4.8264e-005
630.8 5.14889e-005
630.805 5.14889e-005
630.85 3.54112e-005
630.855 3.54112e-005
630.95 3.42974e-005
630.955 3.42974e-005
632.35 3.36352e-005
632.8 5.14889e-005
632.85 3.54112e-005
632.95 3.42974e-005
634.35 3.36352e-005
634.4 5.32373e-005
634.6 4.8264e-005
634.85 3.54112e-005
634.95 3.42974e-005
635.355 3.36352e-005
635.405 5.32373e-005
635.605 4.8264e-005
635.855 3.54112e-005
635.955 3.42974e-005
636.35 3.36352e-005
636.6 4.8264e-005
636.85 3.54112e-005
636.95 3.42974e-005
638.35 3.36352e-005
638.6 4.8264e-005
638.85 3.54112e-005
638.95 3.42974e-005
640.35 3.36352e-005
640.355 3.36352e-005
640.405 5.32373e-005
640.6 4.8264e-005
640.605 4.8264e-005
640.805 5.14889e-005
640.85 3.54112e-005
640.855 3.54112e-005
640.95 3.42974e-005
640.955 3.42974e-005
642.35 3.36352e-005
642.85 3.54112e-005
642.95 3.42974e-005
644.35 3.36352e-005
644.85 3.54112e-005
644.95 3.42974e-005
645.355 3.36352e-005
645.605 4.8264e-005
645.805 5.14889e-005
645.855 3.54112e-005
645.955 3.42974e-005
646.35 3.36352e-005
646.4 5.32373e-005
646.6 4.8264e-005
646.85 3.54112e-005
646.95 3.42974e-005
648.35 3.36352e-005
648.8 5.14889e-005
648.85 3.54112e-005
648.95 3.42974e-005
650.35 3.36352e-005
650.355 3.36352e-005
650.6 4.8264e-005
650.805 5.14889e-005
650.85 3.54112e-005
650.855 3.54112e-005
650.95 3.42974e-005
650.955 3.42974e-005
652.35 3.36352e-005
652.85 3.54112e-005
652.95 3.42974e-005
654.35 3.36352e-005
654.4 5.32373e-005
654.85 3.54112e-005
654.95 3.42974e-005
655.355 3.36352e-005
655.405 5.32373e-005
655.805 5.14889e-005
655.855 3.54112e-005
655.955 3.42974e-005
656.35 3.36352e-005
656.85 3.54112e-005
656.95 3.42974e-005
658.35 3.36352e-005
658.6 4.8264e-005
658.85 3.54112e-005
658.95 3.42974e-005
660.35 3.36352e-005
660.355 3.36352e-005
660.4 5.32373e-005
660.405 5.32373e-005
660.6 4.8264e-005
660.605 4.8264e-005
660.8 5.14889e-005
660.805 5.14889e-005
660.85 3.54112e-005
660.855 3.54112e-005
660.95 3.42974e-005
660.955 3.42974e-005
662.35 3.36352e-005
662.6 4.8264e-005
662.85 3.54112e-005
662.95 3.42974e-005
664.35 3.36352e-005
664.8 5.14889e-005
664.85 3.54112e-005
664.95 3.42974e-005
665.355 3.36352e-005
665.855 3.54112e-005
665.955 3.42974e-005
666.35 3.36352e-005
666.85 3.54112e-005
666.95 3.42974e-005
668.35 3.36352e-005
668.4 5.32373e-005
668.85 3.54112e-005
668.95 3.42974e-005
670.35 3.36352e-005
670.355 3.36352e-005
670.405 5.32373e-005
670.605 4.8264e-005
670.8 5.14889e-005
670.85 3.54112e-005
670.855 3.54112e-005
670.95 3.42974e-005
670.955 3.42974e-005
672.35 3.36352e-005
672.6 4.8264e-005
672.85 3.54112e-005
672.95 3.42974e-005
674.35 3.36352e-005
674.6 4.8264e-005
674.85 3.54112e-005
674.95 3.42974e-005
675.355 3.36352e-005
675.405 5.32373e-005
675.605 4.8264e-005
675.805 5.14889e-005
675.855 3.54112e-005
675.955 3.42974e-005
676.35 3.36352e-005
676.85 3.54112e-005
676.95 3.42974e-005
678.35 3.36352e-005
678.6 4.8264e-005
678.8 5.14889e-005
678.85 3.54112e-005
678.95 3.42974e-005
680.35 3.36352e-005
680.355 3.36352e-005
680.405 5.32373e-005
680.605 4.8264e-005
680.805 5.14889e-005
680.85 3.54112e-005
680.855 3.54112e-005
680.95 3.42974e-005
680.955 3.42974e-005
682.35 3.36352e-005
682.6 4.8264e-005
682.85 3.54112e-005
682.95 3.42974e-005
684.35 3.36352e-005
684.4 5.32373e-005
684.6 4.8264e-005
684.8 5.14889e-005
684.85 3.54112e-005
684.95 3.42974e-005
685.355 3.36352e-005
685.605 4.8264e-005
685.855 3.54112e-005
685.955 3.42974e-005
686.35 3.36352e-005
686.85 3.54112e-005
686.95 3.42974e-005
688.35 3.36352e-005
688.4 5.32373e-005
688.85 3.54112e-005
688.95 3.42974e-005
690.35 3.36352e-005
690.355 3.36352e-005
690.4 5.32373e-005
690.405 5.32373e-005
690.605 4.8264e-005
690.8 5.14889e-005
690.85 3.54112e-005
690.855 3.54112e-005
690.95 3.42974e-005
690.955 3.42974e-005
692.35 3.36352e-005
692.85 3.54112e-005
692.95 3.42974e-005
694.35 3.36352e-005
694.8 5.14889e-005
694.85 3.54112e-005
694.95 3.42974e-005
695.355 3.36352e-005
695.605 4.8264e-005
695.805 5.14889e-005
695.855 3.54112e-005
695.955 3.42974e-005
696.35 3.36352e-005
696.85 3.54112e-005
696.95 3.42974e-005
698.35 3.36352e-005
698.6 4.8264e-005
698.8 5.14889e-005
698.85 3.54112e-005
698.95 3.42974e-005
700.35 3.36352e-005
700.355 3.36352e-005
700.405 5.32373e-005
700.6 4.8264e-005
700.605 4.8264e-005
700.805 5.14889e-005
700.85 3.54112e-005
700.855 3.54112e-005
700.95 3.42974e-005
700.955 3.42974e-005
702.35 3.36352e-005
702.85 3.54112e-005
702.95 3.42974e-005
704.35 3.36352e-005
704.85 3.54112e-005
704.95 3.42974e-005
705.355 3.36352e-005
705.855 3.54112e-005
705.955 3.42974e-005
706.35 3.36352e-005
706.85 3.54112e-005
706.95 3.42974e-005
708.35 3.36352e-005
708.85 3.54112e-005
708.95 3.42974e-005
710.35 3.36352e-005
710.355 3.36352e-005
710.405 5.32373e-005
710.605 4.8264e-005
710.805 5.14889e-005
710.85 3.54112e-005
710.855 3.54112e-005
710.95 3.42974e-005
710.955 3.42974e-005
712.35 3.36352e-005
712.6 4.8264e-005
712.85 3.54112e-005
712.95 3.42974e-005
714.35 3.36352e-005
714.85 3.54112e-005
714.95 3.42974e-005
715.355 3.36352e-005
715.605 4.8264e-005
715.855 3.54112e-005
715.955 3.42974e-005
716.35 3.36352e-005
716.6 4.8264e-005
716.85 3.54112e-005
716.95 3.42974e-005
718.35 3.36352e-005
718.4 5.32373e-005
718.6 4.8264e-005
718.85 3.54112e-005
718.95 3.42974e-005
720.35 3.36352e-005
720.355 3.36352e-005
720.405 5.32373e-005
720.605 4.8264e-005
720.85 3.54112e-005
720.855 3.54112e-005
720.95 3.42974e-005
720.955 3.42974e-005
722.35 3.36352e-005
722.6 4.8264e-005
722.85 3.54112e-005
722.95 3.42974e-005
724.35 3.36352e-005
724.4 5.32373e-005
724.6 4.8264e-005
724.8 5.14889e-005
724.85 3.54112e-005
724.95 3.42974e-005
725.355 3.36352e-005
725.855 3.54112e-005
725.955 3.42974e-005
726.35 3.36352e-005
726.4 5.32373e-005
726.85 3.54112e-005
726.95 3.42974e-005
728.35 3.36352e-005
728.6 4.8264e-005
728.85 3.54112e-005
728.95 3.42974e-005
730.35 3.36352e-005
730.355 3.36352e-005
730.405 5.32373e-005
730.85 3.54112e-005
730.855 3.54112e-005
730.95 3.42974e-005
730.955 3.42974e-005
732.35 3.36352e-005
732.6 4.8264e-005
732.8 5.14889e-005
732.85 3.54112e-005
732.95 3.42974e-005
734.35 3.36352e-005
734.6 4.8264e-005
734.8 5.14889e-005
734.85 3.54112e-005
734.95 3.42974e-005
735.355 3.36352e-005
735.405 5.32373e-005
735.855 3.54112e-005
735.955 3.42974e-005
736.35 3.36352e-005
736.85 3.54112e-005
736.95 3.42974e-005
738.35 3.36352e-005
738.6 4.8264e-005
738.85 3.54112e-005
738.95 3.42974e-005
740.35 3.36352e-005
740.355 3.36352e-005
740.405 5.32373e-005
740.605 4.8264e-005
740.805 5.14889e-005
740.85 3.54112e-005
740.855 3.54112e-005
740.95 3.42974e-005
740.955 3.42974e-005
742.35 3.36352e-005
742.85 3.54112e-005
742.95 3.42974e-005
744.35 3.36352e-005
744.6 4.8264e-005
744.85 3.54112e-005
744.95 3.42974e-005
745.355 3.36352e-005
745.805 5.14889e-005
745.855 3.54112e-005
745.955 3.42974e-005
746.35 3.36352e-005
746.4 5.32373e-005
746.85 3.54112e-005
746.95 3.42974e-005
748.35 3.36352e-005
748.4 5.32373e-005
748.6 4.8264e-005
748.8 5.14889e-005
748.85 3.54112e-005
748.95 3.42974e-005
750.35 3.36352e-005
750.355 3.36352e-005
750.405 5.32373e-005
750.6 4.8264e-005
750.605 4.8264e-005
750.8 5.14889e-005
750.85 3.54112e-005
750.855 3.54112e-005
750.95 3.42974e-005
750.955 3.42974e-005
752.35 3.36352e-005
752.6 4.8264e-005
752.8 5.14889e-005
752.85 3.54112e-005
752.95 3.42974e-005
754.35 3.36352e-005
754.4 5.32373e-005
754.85 3.54112e-005
754.95 3.42974e-005
755.355 3.36352e-005
755.605 4.8264e-005
755.805 5.14889e-005
755.855 3.54112e-005
755.955 3.42974e-005
756.35 3.36352e-005
756.6 4.8264e-005
756.85 3.54112e-005
756.95 3.42974e-005
758.35 3.36352e-005
758.6 4.8264e-005
758.85 3.54112e-005
758.95 3.42974e-005
760.35 3.36352e-005
760.355 3.36352e-005
760.8 5.14889e-005
760.805 5.14889e-005
760.85 3.54112e-005
760.855 3.54112e-005
760.95 3.42974e-005
760.955 3.42974e-005
762.35 3.36352e-005
762.85 3.54112e-005
762.95 3.42974e-005
764.35 3.36352e-005
764.85 3.54112e-005
764.95 3.42974e-005
765.355 3.36352e-005
765.605 4.8264e-005
765.805 5.14889e-005
765.855 3.54112e-005
765.955 3.42974e-005
766.35 3.36352e-005
766.8 5.14889e-005
766.85 3.54112e-005
766.95 3.42974e-005
768.35 3.36352e-005
768.8 5.14889e-005
768.85 3.54112e-005
768.95 3.42974e-005
770.35 3.36352e-005
770.355 3.36352e-005
770.6 4.8264e-005
770.605 4.8264e-005
770.805 5.14889e-005
770.85 3.54112e-005
770.855 3.54112e-005
770.95 3.42974e-005
770.955 3.42974e-005
772.35 3.36352e-005
772.6 4.8264e-005
772.85 3.54112e-005
772.95 3.42974e-005
774.35 3.36352e-005
774.85 3.54112e-005
774.95 3.42974e-005
775.355 3.36352e-005
775.405 5.32373e-005
775.605 4.8264e-005
775.855 3.54112e-005
775.955 3.42974e-005
776.35 3.36352e-005
776.6 4.8264e-005
776.85 3.54112e-005
776.95 3.42974e-005
778.35 3.36352e-005
778.6 4.8264e-005
778.8 5.14889e-005
778.85 3.54112e-005
778.95 3.42974e-005
780.35 3.36352e-005
780.355 3.36352e-005
780.405 5.32373e-005
780.6 4.8264e-005
780.605 4.8264e-005
780.805 5.14889e-005
780.85 3.54112e-005
780.855 3.54112e-005
780.95 3.42974e-005
780.955 3.42974e-005
782.35 3.36352e-005
782.6 4.8264e-005
782.85 3.54112e-005
782.95 3.42974e-005
784.35 3.36352e-005
784.8 5.14889e-005
784.85 3.54112e-005
784.95 3.42974e-005
785.355 3.36352e-005
785.605 4.8264e-005
785.855 3.54112e-005
785.955 3.42974e-005
786.35 3.36352e-005
786.6 4.8264e-005
786.85 3.54112e-005
786.95 3.42974e-005
788.35 3.36352e-005
788.85 3.54112e-005
788.95 3.42974e-005
790.35 3.36352e-005
790.355 3.36352e-005
790.405 5.32373e-005
790.6 4.8264e-005
790.605 4.8264e-005
790.8 5.14889e-005
790.805 5.14889e-005
790.85 3.54112e-005
790.855 3.54112e-005
790.95 3.42974e-005
790.955 3.42974e-005
792.35 3.36352e-005
792.6 4.8264e-005
792.8 5.14889e-005
792.85 3.54112e-005
792.95 3.42974e-005
794.35 3.36352e-005
794.8 5.14889e-005
794.85 3.54112e-005
794.95 3.42974e-005
795.355 3.36352e-005
795.855 3.54112e-005
795.955 3.42974e-005
796.35 3.36352e-005
796.6 4.8264e-005
796.85 3.54112e-005
796.95 3.42974e-005
798.35 3.36352e-005
798.6 4.8264e-005
798.8 5.14889e-005
798.85 3.54112e-005
798.95 3.42974e-005
800.35 3.36352e-005
800.355 3.36352e-005
800.405 5.32373e-005
800.605 4.8264e-005
800.8 5.14889e-005
800.85 3.54112e-005
800.855 3.54112e-005
800.95 3.42974e-005
800.955 3.42974e-005
802.35 3.36352e-005
802.6 4.8264e-005
802.8 5.14889e-005
802.85 3.54112e-005
802.95 3.42974e-005
804.35 3.36352e-005
804.6 4.8264e-005
804.85 3.54112e-005
804.95 3.42974e-005
805.355 3.36352e-005
805.605 4.8264e-005
805.855 3.54112e-005
805.955 3.42974e-005
806.35 3.36352e-005
806.85 3.54112e-005
806.95 3.42974e-005
808.35 3.36352e-005
808.6 4.8264e-005
808.8 5.14889e-005
808.85 3.54112e-005
808.95 3.42974e-005
810.35 3.36352e-005
810.355 3.36352e-005
810.405 5.32373e-005
810.6 4.8264e-005
810.805 5.14889e-005
810.85 3.54112e-005
810.855 3.54112e-005
810.95 3.42974e-005
810.955 3.42974e-005
812.35 3.36352e-005
812.6 4.8264e-005
812.85 3.54112e-005
812.95 3.42974e-005
814.35 3.36352e-005
814.6 4.8264e-005
814.85 3.54112e-005
814.95 3.42974e-005
815.355 3.36352e-005
815.605 4.8264e-005
815.855 3.54112e-005
815.955 3.42974e-005
816.35 3.36352e-005
816.4 5.32373e-005
816.6 4.8264e-005
816.85 3.54112e-005
816.95 3.42974e-005
818.35 3.36352e-005
818.4 5.32373e-005
818.6 4.8264e-005
818.85 3.54112e-005
818.95 3.42974e-005
820.35 3.36352e-005
820.355 3.36352e-005
820.405 5.32373e-005
820.605 4.8264e-005
820.85 3.54112e-005
820.855 3.54112e-005
820.95 3.42974e-005
820.955 3.42974e-005
822.35 3.36352e-005
822.6 4.8264e-005
822.85 3.54112e-005
822.95 3.42974e-005
824.35 3.36352e-005
824.8 5.14889e-005
824.85 3.54112e-005
824.95 3.42974e-005
825.355 3.36352e-005
825.605 4.8264e-005
825.855 3.54112e-005
825.955 3.42974e-005
826.35 3.36352e-005
826.8 5.14889e-005
826.85 3.54112e-005
826.95 3.42974e-005
828.35 3.36352e-005
828.6 4.8264e-005
828.85 3.54112e-005
828.95 3.42974e-005
830.35 3.36352e-005
830.355 3.36352e-005
830.605 4.8264e-005
830.805 5.14889e-005
830.85 3.54112e-005
830.855 3.54112e-005
830.95 3.42974e-005
830.955 3.42974e-005
832.35 3.36352e-005
832.4 5.32373e-005
832.8 5.14889e-005
832.85 3.54112e-005
832.95 3.42974e-005
834.35 3.36352e-005
834.85 3.54112e-005
834.95 3.42974e-005
835.355 3.36352e-005
835.605 4.8264e-005
835.855 3.54112e-005
835.955 3.42974e-005
836.35 3.36352e-005
836.85 3.54112e-005
836.95 3.42974e-005
838.35 3.36352e-005
838.85 3.54112e-005
838.95 3.42974e-005
840.35 3.36352e-005
840.355 3.36352e-005
840.4 5.32373e-005
840.405 5.32373e-005
840.605 4.8264e-005
840.805 5.14889e-005
840.85 3.54112e-005
840.855 3.54112e-005
840.95 3.42974e-005
840.955 3.42974e-005
842.35 3.36352e-005
842.85 3.54112e-005
842.95 3.42974e-005
844.35 3.36352e-005
844.6 4.8264e-005
844.85 3.54112e-005
844.95 3.42974e-005
845.355 3.36352e-005
845.605 4.8264e-005
845.805 5.14889e-005
845.855 3.54112e-005
845.955 3.42974e-005
846.35 3.36352e-005
846.85 3.54112e-005
846.95 3.42974e-005
848.35 3.36352e-005
848.6 4.8264e-005
848.8 5.14889e-005
848.85 3.54112e-005
848.95 3.42974e-005
850.35 3.36352e-005
850.355 3.36352e-005
850.405 5.32373e-005
850.6 4.8264e-005
850.605 4.8264e-005
850.805 5.14889e-005
850.85 3.54112e-005
850.855 3.54112e-005
850.95 3.42974e-005
850.955 3.42974e-005
852.35 3.36352e-005
852.4 5.32373e-005
852.6 4.8264e-005
852.8 5.14889e-005
852.85 3.54112e-005
852.95 3.42974e-005
854.35 3.36352e-005
854.85 3.54112e-005
854.95 3.42974e-005
855.355 3.36352e-005
855.855 3.54112e-005
855.955 3.42974e-005
856.35 3.36352e-005
856.6 4.8264e-005
856.85 3.54112e-005
856.95 3.42974e-005
858.35 3.36352e-005
858.6 4.8264e-005
858.85 3.54112e-005
858.95 3.42974e-005
860.35 3.36352e-005
860.355 3.36352e-005
860.405 5.32373e-005
860.6 4.8264e-005
860.605 4.8264e-005
860.85 3.54112e-005
860.855 3.54112e-005
860.95 3.42974e-005
860.955 3.42974e-005
862.35 3.36352e-005
862.4 5.32373e-005
862.6 4.8264e-005
862.8 5.14889e-005
862.85 3.54112e-005
862.95 3.42974e-005
864.35 3.36352e-005
864.85 3.54112e-005
864.95 3.42974e-005
865.355 3.36352e-005
865.605 4.8264e-005
865.855 3.54112e-005
865.955 3.42974e-005
866.35 3.36352e-005
866.6 4.8264e-005
866.8 5.14889e-005
866.85 3.54112e-005
866.95 3.42974e-005
868.35 3.36352e-005
868.85 3.54112e-005
868.95 3.42974e-005
870.35 3.36352e-005
870.355 3.36352e-005
870.405 5.32373e-005
870.6 4.8264e-005
870.605 4.8264e-005
870.85 3.54112e-005
870.855 3.54112e-005
870.95 3.42974e-005
870.955 3.42974e-005
872.35 3.36352e-005
872.4 5.32373e-005
872.6 4.8264e-005
872.8 5.14889e-005
872.85 3.54112e-005
872.95 3.42974e-005
874.35 3.36352e-005
874.4 5.32373e-005
874.8 5.14889e-005
874.85 3.54112e-005
874.95 3.42974e-005
875.355 3.36352e-005
875.855 3.54112e-005
875.955 3.42974e-005
876.35 3.36352e-005
876.4 5.32373e-005
876.6 4.8264e-005
876.85 3.54112e-005
876.95 3.42974e-005
878.35 3.36352e-005
878.4 5.32373e-005
878.8 5.14889e-005
878.85 3.54112e-005
878.95 3.42974e-005
880.35 3.36352e-005
880.355 3.36352e-005
880.4 5.32373e-005
880.405 5.32373e-005
880.6 4.8264e-005
880.605 4.8264e-005
880.805 5.14889e-005
880.85 3.54112e-005
880.855 3.54112e-005
880.95 3.42974e-005
880.955 3.42974e-005
882.35 3.36352e-005
882.8 5.14889e-005
882.85 3.54112e-005
882.95 3.42974e-005
884.35 3.36352e-005
884.4 5.32373e-005
884.6 4.8264e-005
884.8 5.14889e-005
884.85 3.54112e-005
884.95 3.42974e-005
885.355 3.36352e-005
885.855 3.54112e-005
885.955 3.42974e-005
886.35 3.36352e-005
886.6 4.8264e-005
886.85 3.54112e-005
886.95 3.42974e-005
888.35 3.36352e-005
888.85 3.54112e-005
888.95 3.42974e-005
890.35 3.36352e-005
890.355 3.36352e-005
890.405 5.32373e-005
890.605 4.8264e-005
890.805 5.14889e-005
890.85 3.54112e-005
890.855 3.54112e-005
890.95 3.42974e-005
890.955 3.42974e-005
892.35 3.36352e-005
892.6 4.8264e-005
892.8 5.14889e-005
892.85 3.54112e-005
892.95 3.42974e-005
894.35 3.36352e-005
894.6 4.8264e-005
894.85 3.54112e-005
894.95 3.42974e-005
895.355 3.36352e-005
895.855 3.54112e-005
895.955 3.42974e-005
896.35 3.36352e-005
896.6 4.8264e-005
896.8 5.14889e-005
896.85 3.54112e-005
896.95 3.42974e-005
898.35 3.36352e-005
898.6 4.8264e-005
898.85 3.54112e-005
898.95 3.42974e-005
900.35 3.36352e-005
900.355 3.36352e-005
900.405 5.32373e-005
900.6 4.8264e-005
900.605 4.8264e-005
900.805 5.14889e-005
900.85 3.54112e-005
900.855 3.54112e-005
900.95 3.42974e-005
900.955 3.42974e-005
902.35 3.36352e-005
902.6 4.8264e-005
902.8 5.14889e-005
902.85 3.54112e-005
902.95 3.42974e-005
904.35 3.36352e-005
904.8 5.14889e-005
904.85 3.54112e-005
904.95 3.42974e-005
905.355 3.36352e-005
905.855 3.54112e-005
905.955 3.42974e-005
906.35 3.36352e-005
906.85 3.54112e-005
906.95 3.42974e-005
908.35 3.36352e-005
908.6 4.8264e-005
908.85 3.54112e-005
908.95 3.42974e-005
910.35 3.36352e-005
910.355 3.36352e-005
910.405 5.32373e-005
910.605 4.8264e-005
910.805 5.14889e-005
910.85 3.54112e-005
910.855 3.54112e-005
910.95 3.42974e-005
910.955 3.42974e-005
912.35 3.36352e-005
912.4 5.32373e-005
912.85 3.54112e-005
912.95 3.42974e-005
914.35 3.36352e-005
914.6 4.8264e-005
914.85 3.54112e-005
914.95 3.42974e-005
915.355 3.36352e-005
915.605 4.8264e-005
915.855 3.54112e-005
915.955 3.42974e-005
916.35 3.36352e-005
916.6 4.8264e-005
916.85 3.54112e-005
916.95 3.42974e-005
918.35 3.36352e-005
918.4 5.32373e-005
918.8 5.14889e-005
918.85 3.54112e-005
918.95 3.42974e-005
920.35 3.36352e-005
920.355 3.36352e-005
920.605 4.8264e-005
920.805 5.14889e-005
920.85 3.54112e-005
920.855 3.54112e-005
920.95 3.42974e-005
920.955 3.42974e-005
922.35 3.36352e-005
922.4 5.32373e-005
922.85 3.54112e-005
922.95 3.42974e-005
924.35 3.36352e-005
924.6 4.8264e-005
924.85 3.54112e-005
924.95 3.42974e-005
925.355 3.36352e-005
925.605 4.8264e-005
925.805 5.14889e-005
925.855 3.54112e-005
925.955 3.42974e-005
926.35 3.36352e-005
926.85 3.54112e-005
926.95 3.42974e-005
928.35 3.36352e-005
928.6 4.8264e-005
928.85 3.54112e-005
928.95 3.42974e-005
930.35 3.36352e-005
930.355 3.36352e-005
930.405 5.32373e-005
930.605 4.8264e-005
930.805 5.14889e-005
930.85 3.54112e-005
930.855 3.54112e-005
930.95 3.42974e-005
930.955 3.42974e-005
932.35 3.36352e-005
932.85 3.54112e-005
932.95 3.42974e-005
934.35 3.36352e-005
934.4 5.32373e-005
934.8 5.14889e-005
934.85 3.54112e-005
934.95 3.42974e-005
935.355 3.36352e-005
935.405 5.32373e-005
935.605 4.8264e-005
935.855 3.54112e-005
935.955 3.42974e-005
936.35 3.36352e-005
936.85 3.54112e-005
936.95 3.42974e-005
938.35 3.36352e-005
938.6 4.8264e-005
938.85 3.54112e-005
938.95 3.42974e-005
940.35 3.36352e-005
940.355 3.36352e-005
940.405 5.32373e-005
940.6 4.8264e-005
940.605 4.8264e-005
940.8 5.14889e-005
940.805 5.14889e-005
940.85 3.54112e-005
940.855 3.54112e-005
940.95 3.42974e-005
940.955 3.42974e-005
942.35 3.36352e-005
942.85 3.54112e-005
942.95 3.42974e-005
944.35 3.36352e-005
944.6 4.8264e-005
944.8 5.14889e-005
944.85 3.54112e-005
944.95 3.42974e-005
945.355 3.36352e-005
945.605 4.8264e-005
945.855 3.54112e-005
945.955 3.42974e-005
946.35 3.36352e-005
946.4 5.32373e-005
946.6 4.8264e-005
946.8 5.14889e-005
946.85 3.54112e-005
946.95 3.42974e-005
948.35 3.36352e-005
948.85 3.54112e-005
948.95 3.42974e-005
950.35 3.36352e-005
950.355 3.36352e-005
950.405 5.32373e-005
950.6 4.8264e-005
950.605 4.8264e-005
950.8 5.14889e-005
950.805 5.14889e-005
950.85 3.54112e-005
950.855 3.54112e-005
950.95 3.42974e-005
950.955 3.42974e-005
952.35 3.36352e-005
952.6 4.8264e-005
952.85 3.54112e-005
952.95 3.42974e-005
954.35 3.36352e-005
954.4 5.32373e-005
954.85 3.54112e-005
954.95 3.42974e-005
955.355 3.36352e-005
955.605 4.8264e-005
955.855 3.54112e-005
955.955 3.42974e-005
956.35 3.36352e-005
956.6 4.8264e-005
956.8 5.14889e-005
956.85 3.54112e-005
956.95 3.42974e-005
958.35 3.36352e-005
958.8 5.14889e-005
958.85 3.54112e-005
958.95 3.42974e-005
960.35 3.36352e-005
960.355 3.36352e-005
960.405 5.32373e-005
960.605 4.8264e-005
960.805 5.14889e-005
960.85 3.54112e-005
960.855 3.54112e-005
960.95 3.42974e-005
960.955 3.42974e-005
962.35 3.36352e-005
962.8 5.14889e-005
962.85 3.54112e-005
962.95 3.42974e-005
964.35 3.36352e-005
964.6 4.8264e-005
964.85 3.54112e-005
964.95 3.42974e-005
965.355 3.36352e-005
965.405 5.32373e-005
965.855 3.54112e-005
965.955 3.42974e-005
966.35 3.36352e-005
966.6 4.8264e-005
966.8 5.14889e-005
966.85 3.54112e-005
966.95 3.42974e-005
968.35 3.36352e-005
968.4 5.32373e-005
968.85 3.54112e-005
968.95 3.42974e-005
970.35 3.36352e-005
970.355 3.36352e-005
970.6 4.8264e-005
970.805 5.14889e-005
970.85 3.54112e-005
970.855 3.54112e-005
970.95 3.42974e-005
970.955 3.42974e-005
972.35 3.36352e-005
972.6 4.8264e-005
972.8 5.14889e-005
972.85 3.54112e-005
972.95 3.42974e-005
974.35 3.36352e-005
974.8 5.14889e-005
974.85 3.54112e-005
974.95 3.42974e-005
975.355 3.36352e-005
975.405 5.32373e-005
975.605 4.8264e-005
975.805 5.14889e-005
975.855 3.54112e-005
975.955 3.42974e-005
976.35 3.36352e-005
976.6 4.8264e-005
976.85 3.54112e-005
976.95 3.42974e-005
978.35 3.36352e-005
978.6 4.8264e-005
978.85 3.54112e-005
978.95 3.42974e-005
980.35 3.36352e-005
980.355 3.36352e-005
980.405 5.32373e-005
980.6 4.8264e-005
980.605 4.8264e-005
980.805 5.14889e-005
980.85 3.54112e-005
980.855 3.54112e-005
980.95 3.42974e-005
980.955 3.42974e-005
982.35 3.36352e-005
982.6 4.8264e-005
982.8 5.14889e-005
982.85 3.54112e-005
982.95 3.42974e-005
984.35 3.36352e-005
984.4 5.32373e-005
984.8 5.14889e-005
984.85 3.54112e-005
984.95 3.42974e-005
985.355 3.36352e-005
985.405 5.32373e-005
985.605 4.8264e-005
985.855 3.54112e-005
985.955 3.42974e-005
986.35 3.36352e-005
986.85 3.54112e-005
986.95 3.42974e-005
988.35 3.36352e-005
988.6 4.8264e-005
988.8 5.14889e-005
988.85 3.54112e-005
988.95 3.42974e-005
990.35 3.36352e-005
990.355 3.36352e-005
990.405 5.32373e-005
990.8 5.14889e-005
990.805 5.14889e-005
990.85 3.54112e-005
990.855 3.54112e-005
990.95 3.42974e-005
990.955 3.42974e-005
992.35 3.36352e-005
992.85 3.54112e-005
992.95 3.42974e-005
994.35 3.36352e-005
994.4 5.32373e-005
994.6 4.8264e-005
994.85 3.54112e-005
994.95 3.42974e-005
995.355 3.36352e-005
995.855 3.54112e-005
995.955 3.42974e-005
996.35 3.36352e-005
996.6 4.8264e-005
996.85 3.54112e-005
996.95 3.42974e-005
998.35 3.36352e-005
998.4 5.32373e-005
998.85 3.54112e-005
998.95 3.42974e-005
1000.35 3.36352e-005
1000.36 3.36352e-005
1000.41 5.32373e-005
1000.6 4.8264e-005
1000.61 4.8264e-005
1000.8 5.14889e-005
1000.81 5.14889e-005
1000.85 3.54112e-005
1000.86 3.54112e-005
1000.95 3.42974e-005
1000.96 3.42974e-005
1002.35 3.36352e-005
1002.85 3.54112e-005
1002.95 3.42974e-005
1004.35 3.36352e-005
1004.8 5.14889e-005
1004.85 3.54112e-005
1004.95 3.42974e-005
1005.36 3.36352e-005
1005.61 4.8264e-005
1005.81 5.14889e-005
1005.86 3.54112e-005
1005.96 3.42974e-005
1006.35 3.36352e-005
1006.6 4.8264e-005
1006.85 3.54112e-005
1006.95 3.42974e-005
1008.35 3.36352e-005
1008.6 4.8264e-005
1008.8 5.14889e-005
1008.85 3.54112e-005
1008.95 3.42974e-005
1010.35 3.36352e-005
1010.36 3.36352e-005
1010.61 4.8264e-005
1010.8 5.14889e-005
1010.85 3.54112e-005
1010.86 3.54112e-005
1010.95 3.42974e-005
1010.96 3.42974e-005
1012.35 3.36352e-005
1012.4 5.32373e-005
1012.8 5.14889e-005
1012.85 3.54112e-005
1012.95 3.42974e-005
1014.35 3.36352e-005
1014.6 4.8264e-005
1014.8 5.14889e-005
1014.85 3.54112e-005
1014.95 3.42974e-005
1015.36 3.36352e-005
1015.86 3.54112e-005
1015.96 3.42974e-005
1016.35 3.36352e-005
1016.85 3.54112e-005
1016.95 3.42974e-005
1018.35 3.36352e-005
1018.4 5.32373e-005
1018.85 3.54112e-005
1018.95 3.42974e-005
1020.35 3.36352e-005
1020.36 3.36352e-005
1020.41 5.32373e-005
1020.6 4.8264e-005
1020.61 4.8264e-005
1020.81 5.14889e-005
1020.85 3.54112e-005
1020.86 3.54112e-005
1020.95 3.42974e-005
1020.96 3.42974e-005
1022.35 3.36352e-005
1022.85 3.54112e-005
1022.95 3.42974e-005
1024.35 3.36352e-005
1024.85 3.54112e-005
1024.95 3.42974e-005
1025.36 3.36352e-005
1025.86 3.54112e-005
1025.96 3.42974e-005
1026.35 3.36352e-005
1026.6 4.8264e-005
1026.85 3.54112e-005
1026.95 3.42974e-005
1028.35 3.36352e-005
1028.6 4.8264e-005
1028.8 5.14889e-005
1028.85 3.54112e-005
1028.95 3.42974e-005
1030.35 3.36352e-005
1030.36 3.36352e-005
1030.4 5.32373e-005
1030.41 5.32373e-005
1030.61 4.8264e-005
1030.8 5.14889e-005
1030.81 5.14889e-005
1030.85 3.54112e-005
1030.86 3.54112e-005
1030.96 3.42974e-005
1032.35 3.36352e-005
1032.4 5.32373e-005
1032.85 3.54112e-005
1032.95 3.42974e-005
1034.35 3.36352e-005
1034.8 5.14889e-005
1034.85 3.54112e-005
1034.95 3.42974e-005
1035.36 3.36352e-005
1035.41 5.32373e-005
1035.61 4.8264e-005
1035.86 3.54112e-005
1035.96 3.42974e-005
1036.35 3.36352e-005
1036.6 4.8264e-005
1036.85 3.54112e-005
1036.95 3.42974e-005
1038.35 3.36352e-005
1038.85 3.54112e-005
1038.95 3.42974e-005
1040.35 3.36352e-005
1040.36 3.36352e-005
1040.41 5.32373e-005
1040.61 4.8264e-005
1040.85 3.54112e-005
1040.86 3.54112e-005
1040.95 3.42974e-005
1040.96 3.42974e-005
1042.35 3.36352e-005
1042.6 4.8264e-005
1042.85 3.54112e-005
1042.95 3.42974e-005
1044.35 3.36352e-005
1044.85 3.54112e-005
1044.95 3.42974e-005
1045.36 3.36352e-005
1045.81 5.14889e-005
1045.86 3.54112e-005
1045.96 3.42974e-005
1046.35 3.36352e-005
1046.6 4.8264e-005
1046.85 3.54112e-005
1046.95 3.42974e-005
1048.35 3.36352e-005
1048.4 5.32373e-005
1048.8 5.14889e-005
1048.85 3.54112e-005
1048.95 3.42974e-005
1050.35 3.36352e-005
1050.36 3.36352e-005
1050.41 5.32373e-005
1050.61 4.8264e-005
1050.8 5.14889e-005
1050.85 3.54112e-005
1050.86 3.54112e-005
1050.95 3.42974e-005
1050.96 3.42974e-005
1052.35 3.36352e-005
1052.85 3.54112e-005
1052.95 3.42974e-005
1054.35 3.36352e-005
1054.6 4.8264e-005
1054.85 3.54112e-005
1054.95 3.42974e-005
1055.36 3.36352e-005
1055.41 5.32373e-005
1055.61 4.8264e-005
1055.86 3.54112e-005
1055.96 3.42974e-005
1056.35 3.36352e-005
1056.6 4.8264e-005
1056.85 3.54112e-005
1056.95 3.42974e-005
1058.35 3.36352e-005
1058.4 5.32373e-005
1058.6 4.8264e-005
1058.85 3.54112e-005
1058.95 3.42974e-005
1060.35 3.36352e-005
1060.36 3.36352e-005
1060.41 5.32373e-005
1060.61 4.8264e-005
1060.8 5.14889e-005
1060.85 3.54112e-005
1060.86 3.54112e-005
1060.95 3.42974e-005
1060.96 3.42974e-005
1062.35 3.36352e-005
1062.4 5.32373e-005
1062.6 4.8264e-005
1062.85 3.54112e-005
1062.95 3.42974e-005
1064.35 3.36352e-005
1064.8 5.14889e-005
1064.85 3.54112e-005
1064.95 3.42974e-005
1065.36 3.36352e-005
1065.61 4.8264e-005
1065.86 3.54112e-005
1065.96 3.42974e-005
1066.35 3.36352e-005
1066.85 3.54112e-005
1066.95 3.42974e-005
1068.35 3.36352e-005
1068.8 5.14889e-005
1068.85 3.54112e-005
1068.95 3.42974e-005
1070.35 3.36352e-005
1070.36 3.36352e-005
1070.41 5.32373e-005
1070.61 4.8264e-005
1070.8 5.14889e-005
1070.81 5.14889e-005
1070.85 3.54112e-005
1070.86 3.54112e-005
1070.95 3.42974e-005
1070.96 3.42974e-005
1072.35 3.36352e-005
1072.8 5.14889e-005
1072.85 3.54112e-005
1072.95 3.42974e-005
1074.35 3.36352e-005
1074.85 3.54112e-005
1074.95 3.42974e-005
1075.36 3.36352e-005
1075.41 5.32373e-005
1075.61 4.8264e-005
1075.86 3.54112e-005
1075.96 3.42974e-005
1076.35 3.36352e-005
1076.4 5.32373e-005
1076.6 4.8264e-005
1076.8 5.14889e-005
1076.85 3.54112e-005
1076.95 3.42974e-005
1078.35 3.36352e-005
1078.4 5.32373e-005
1078.6 4.8264e-005
1078.8 5.14889e-005
1078.85 3.54112e-005
1078.95 3.42974e-005
1080.35 3.36352e-005
1080.36 3.36352e-005
1080.4 5.32373e-005
1080.41 5.32373e-005
1080.61 4.8264e-005
1080.8 5.14889e-005
1080.81 5.14889e-005
1080.85 3.54112e-005
1080.86 3.54112e-005
1080.95 3.42974e-005
1080.96 3.42974e-005
1082.35 3.36352e-005
1082.4 5.32373e-005
1082.6 4.8264e-005
1082.85 3.54112e-005
1082.95 3.42974e-005
1084.35 3.36352e-005
1084.8 5.14889e-005
1084.85 3.54112e-005
1084.95 3.42974e-005
1085.36 3.36352e-005
1085.41 5.32373e-005
1085.86 3.54112e-005
1085.96 3.42974e-005
1086.35 3.36352e-005
1086.85 3.54112e-005
1086.95 3.42974e-005
1088.35 3.36352e-005
1088.6 4.8264e-005
1088.85 3.54112e-005
1088.95 3.42974e-005
1090.35 3.36352e-005
1090.36 3.36352e-005
1090.41 5.32373e-005
1090.6 4.8264e-005
1090.61 4.8264e-005
1090.8 5.14889e-005
1090.81 5.14889e-005
1090.85 3.54112e-005
1090.86 3.54112e-005
1090.95 3.42974e-005
1090.96 3.42974e-005
1092.35 3.36352e-005
1092.8 5.14889e-005
1092.85 3.54112e-005
1092.95 3.42974e-005
1094.35 3.36352e-005
1094.6 4.8264e-005
1094.85 3.54112e-005
1094.95 3.42974e-005
1095.36 3.36352e-005
1095.61 4.8264e-005
1095.81 5.14889e-005
1095.86 3.54112e-005
1095.96 3.42974e-005
1096.35 3.36352e-005
1096.6 4.8264e-005
1096.85 3.54112e-005
1096.95 3.42974e-005
1098.35 3.36352e-005
1098.6 4.8264e-005
1098.85 3.54112e-005
1098.95 3.42974e-005
1100.35 3.36352e-005
1100.36 3.36352e-005
1100.61 4.8264e-005
1100.81 5.14889e-005
1100.85 3.54112e-005
1100.86 3.54112e-005
1100.95 3.42974e-005
1100.96 3.42974e-005
1102.35 3.36352e-005
1102.6 4.8264e-005
1102.85 3.54112e-005
1102.95 3.42974e-005
1104.35 3.36352e-005
1104.6 4.8264e-005
1104.85 3.54112e-005
1104.95 3.42974e-005
1105.36 3.36352e-005
1105.61 4.8264e-005
1105.81 5.14889e-005
1105.86 3.54112e-005
1105.96 3.42974e-005
1106.35 3.36352e-005
1106.6 4.8264e-005
1106.8 5.14889e-005
1106.85 3.54112e-005
1106.95 3.42974e-005
1108.35 3.36352e-005
1108.6 4.8264e-005
1108.85 3.54112e-005
1108.95 3.42974e-005
1110.35 3.36352e-005
1110.36 3.36352e-005
1110.41 5.32373e-005
1110.61 4.8264e-005
1110.8 5.14889e-005
1110.81 5.14889e-005
1110.85 3.54112e-005
1110.86 3.54112e-005
1110.95 3.42974e-005
1110.96 3.42974e-005
1112.35 3.36352e-005
1112.8 5.14889e-005
1112.85 3.54112e-005
1112.95 3.42974e-005
1114.35 3.36352e-005
1114.6 4.8264e-005
1114.8 5.14889e-005
1114.85 3.54112e-005
1114.95 3.42974e-005
1115.36 3.36352e-005
1115.61 4.8264e-005
1115.81 5.14889e-005
1115.86 3.54112e-005
1115.96 3.42974e-005
1116.35 3.36352e-005
1116.4 5.32373e-005
1116.6 4.8264e-005
1116.85 3.54112e-005
1116.95 3.42974e-005
1118.35 3.36352e-005
1118.6 4.8264e-005
1118.85 3.54112e-005
1118.95 3.42974e-005
1120.35 3.36352e-005
1120.36 3.36352e-005
1120.41 5.32373e-005
1120.6 4.8264e-005
1120.81 5.14889e-005
1120.85 3.54112e-005
1120.86 3.54112e-005
1120.95 3.42974e-005
1120.96 3.42974e-005
1122.35 3.36352e-005
1122.85 3.54112e-005
1122.95 3.42974e-005
1124.35 3.36352e-005
1124.6 4.8264e-005
1124.8 5.14889e-005
1124.85 3.54112e-005
1124.95 3.42974e-005
1125.36 3.36352e-005
1125.61 4.8264e-005
1125.86 3.54112e-005
1125.96 3.42974e-005
1126.35 3.36352e-005
1126.6 4.8264e-005
1126.85 3.54112e-005
1126.95 3.42974e-005
1128.35 3.36352e-005
1128.85 3.54112e-005
1128.95 3.42974e-005
1130.35 3.36352e-005
1130.36 3.36352e-005
1130.41 5.32373e-005
1130.6 4.8264e-005
1130.61 4.8264e-005
1130.81 5.14889e-005
1130.85 3.54112e-005
1130.86 3.54112e-005
1130.95 3.42974e-005
1130.96 3.42974e-005
1132.35 3.36352e-005
1132.6 4.8264e-005
1132.8 5.14889e-005
1132.85 3.54112e-005
1132.95 3.42974e-005
1134.35 3.36352e-005
1134.4 5.32373e-005
1134.6 4.8264e-005
1134.8 5.14889e-005
1134.85 3.54112e-005
1134.95 3.42974e-005
1135.36 3.36352e-005
1135.61 4.8264e-005
1135.81 5.14889e-005
1135.86 3.54112e-005
1135.96 3.42974e-005
1136.35 3.36352e-005
1136.85 3.54112e-005
1136.95 3.42974e-005
1138.35 3.36352e-005
1138.6 4.8264e-005
1138.85 3.54112e-005
1138.95 3.42974e-005
1140.35 3.36352e-005
1140.36 3.36352e-005
1140.41 5.32373e-005
1140.6 4.8264e-005
1140.61 4.8264e-005
1140.85 3.54112e-005
1140.86 3.54112e-005
1140.95 3.42974e-005
1140.96 3.42974e-005
1142.35 3.36352e-005
1142.6 4.8264e-005
1142.85 3.54112e-005
1142.95 3.42974e-005
1144.35 3.36352e-005
1144.6 4.8264e-005
1144.8 5.14889e-005
1144.85 3.54112e-005
1144.95 3.42974e-005
1145.36 3.36352e-005
1145.61 4.8264e-005
1145.81 5.14889e-005
1145.86 3.54112e-005
1145.96 3.42974e-005
1146.35 3.36352e-005
1146.6 4.8264e-005
1146.85 3.54112e-005
1146.95 3.42974e-005
1148.35 3.36352e-005
1148.4 5.32373e-005
1148.8 5.14889e-005
1148.85 3.54112e-005
1148.95 3.42974e-005
1150.35 3.36352e-005
1150.36 3.36352e-005
1150.41 5.32373e-005
1150.6 4.8264e-005
1150.61 4.8264e-005
1150.8 5.14889e-005
1150.81 5.14889e-005
1150.85 3.54112e-005
1150.86 3.54112e-005
1150.95 3.42974e-005
1150.96 3.42974e-005
1152.35 3.36352e-005
1152.6 4.8264e-005
1152.85 3.54112e-005
1152.95 3.42974e-005
1154.35 3.36352e-005
1154.4 5.32373e-005
1154.8 5.14889e-005
1154.85 3.54112e-005
1154.95 3.42974e-005
1155.36 3.36352e-005
1155.61 4.8264e-005
1155.86 3.54112e-005
1155.96 3.42974e-005
1156.35 3.36352e-005
1156.4 5.32373e-005
1156.85 3.54112e-005
1156.95 3.42974e-005
1158.35 3.36352e-005
1158.85 3.54112e-005
1158.95 3.42974e-005
1160.35 3.36352e-005
1160.36 3.36352e-005
1160.41 5.32373e-005
1160.61 4.8264e-005
1160.81 5.14889e-005
1160.85 3.54112e-005
1160.86 3.54112e-005
1160.95 3.42974e-005
1160.96 3.42974e-005
1162.35 3.36352e-005
1162.4 5.32373e-005
1162.85 3.54112e-005
1162.95 3.42974e-005
1164.35 3.36352e-005
1164.6 4.8264e-005
1164.85 3.54112e-005
1164.95 3.42974e-005
1165.36 3.36352e-005
1165.61 4.8264e-005
1165.81 5.14889e-005
1165.86 3.54112e-005
1165.96 3.42974e-005
1166.35 3.36352e-005
1166.85 3.54112e-005
1166.95 3.42974e-005
1168.35 3.36352e-005
1168.8 5.14889e-005
1168.85 3.54112e-005
1168.95 3.42974e-005
1170.35 3.36352e-005
1170.36 3.36352e-005
1170.41 5.32373e-005
1170.6 4.8264e-005
1170.61 4.8264e-005
1170.81 5.14889e-005
1170.85 3.54112e-005
1170.86 3.54112e-005
1170.95 3.42974e-005
1170.96 3.42974e-005
1172.35 3.36352e-005
1172.6 4.8264e-005
1172.85 3.54112e-005
1172.95 3.42974e-005
1174.35 3.36352e-005
1174.8 5.14889e-005
1174.85 3.54112e-005
1174.95 3.42974e-005
1175.36 3.36352e-005
1175.41 5.32373e-005
1175.61 4.8264e-005
1175.81 5.14889e-005
1175.86 3.54112e-005
1175.96 3.42974e-005
1176.35 3.36352e-005
1176.8 5.14889e-005
1176.85 3.54112e-005
1176.95 3.42974e-005
1178.35 3.36352e-005
1178.6 4.8264e-005
1178.85 3.54112e-005
1178.95 3.42974e-005
1180.35 3.36352e-005
1180.36 3.36352e-005
1180.4 5.32373e-005
1180.6 4.8264e-005
1180.61 4.8264e-005
1180.85 3.54112e-005
1180.86 3.54112e-005
1180.95 3.42974e-005
1180.96 3.42974e-005
1182.35 3.36352e-005
1182.85 3.54112e-005
1182.95 3.42974e-005
1184.35 3.36352e-005
1184.85 3.54112e-005
1184.95 3.42974e-005
1185.36 3.36352e-005
1185.41 5.32373e-005
1185.61 4.8264e-005
1185.86 3.54112e-005
1185.96 3.42974e-005
1186.35 3.36352e-005
1186.6 4.8264e-005
1186.85 3.54112e-005
1186.95 3.42974e-005
1188.35 3.36352e-005
1188.6 4.8264e-005
1188.8 5.14889e-005
1188.85 3.54112e-005
1188.95 3.42974e-005
1190.35 3.36352e-005
1190.36 3.36352e-005
1190.41 5.32373e-005
1190.61 4.8264e-005
1190.8 5.14889e-005
1190.81 5.14889e-005
1190.85 3.54112e-005
1190.86 3.54112e-005
1190.95 3.42974e-005
1190.96 3.42974e-005
1192.35 3.36352e-005
1192.6 4.8264e-005
1192.85 3.54112e-005
1192.95 3.42974e-005
1194.35 3.36352e-005
1194.8 5.14889e-005
1194.85 3.54112e-005
1194.95 3.42974e-005
1195.36 3.36352e-005
1195.86 3.54112e-005
1195.96 3.42974e-005
1196.35 3.36352e-005
1196.6 4.8264e-005
1196.8 5.14889e-005
1196.85 3.54112e-005
1196.95 3.42974e-005
1198.35 3.36352e-005
1198.6 4.8264e-005
1198.85 3.54112e-005
1198.95 3.42974e-005
