0.450036 2.60182e-005
0.455027 2.60003e-005
0.500037 2.78929e-005
0.505029 2.78608e-005
0.700037 2.7431e-005
0.705029 2.74446e-005
2.20006 4.41452e-005
2.25007 5.18586e-005
2.45004 2.27006e-005
2.50003 1.50648e-005
2.70005 3.49383e-005
4.20005 2.96915e-005
4.40007 4.87527e-005
4.45005 2.78501e-005
4.50002 2.54066e-006
4.70006 4.50691e-005
5.20503 2.24321e-005
5.25505 4.52264e-005
5.40505 4.66803e-005
5.45504 3.26453e-005
5.50501 4.52167e-006
5.70506 5.06729e-005
6.20006 1.52513e-005
6.25006 4.44947e-005
6.45008 3.81823e-005
6.50003 1.07948e-005
8.20004 1.36409e-006
8.25006 4.5496e-005
8.35007 4.02094e-005
8.40011 4.32341e-005
8.4501 5.0617e-005
8.50006 2.36045e-005
10.2 1.07536e-005
10.205 1.07156e-005
10.2551 4.80302e-005
10.3501 3.50742e-005
10.355 3.51225e-005
10.4001 4.35722e-005
10.405 4.35774e-005
10.5 3.06786e-005
10.505 3.06542e-005
12.2001 1.05713e-005
12.2501 4.67379e-005
12.4501 4.10256e-005
12.5 2.35167e-005
14.2001 2.75267e-005
14.4501 2.81085e-005
14.5001 2.42807e-005
15.2051 3.64365e-005
15.455 2.44791e-005
15.5051 2.77166e-005
16.4501 2.40867e-005
16.5001 3.24149e-005
18.4501 3.24552e-005
18.5001 4.40061e-005
20.4501 4.1666e-005
20.455 4.1646e-005
20.5001 5.0432e-005
22.4501 3.37751e-005
22.5001 3.76657e-005
24.4501 2.62582e-005
24.5001 2.54187e-005
24.7001 4.40453e-005
25.455 2.27401e-005
25.505 1.97681e-005
25.7051 3.86111e-005
25.9551 5.08112e-005
26.4501 1.95518e-005
26.5 1.50183e-005
26.7001 3.36928e-005
26.9501 4.42438e-005
28.4001 5.15979e-005
28.4501 1.48014e-005
28.5 1.25313e-005
28.7 2.62426e-005
28.8501 4.98467e-005
28.95 3.20353e-005
30.2501 4.96747e-005
30.2551 4.9689e-005
30.4001 4.39864e-005
30.4051 4.3991e-005
30.45 1.45356e-005
30.455 1.4545e-005
30.5 1.91448e-005
30.505 1.91537e-005
30.7001 2.37343e-005
30.705 2.37302e-005
30.8551 4.86485e-005
30.9501 2.84319e-005
30.955 2.84413e-005
32.4001 4.58847e-005
32.4501 2.04434e-005
32.5 2.39612e-005
32.7001 2.21369e-005
32.95 3.23687e-005
34.45 2.86303e-005
34.5 3.03795e-005
34.7 2.05761e-005
34.9501 3.64936e-005
35.455 3.30944e-005
35.505 3.39332e-005
35.7051 1.98084e-005
35.9051 5.22479e-005
35.9551 3.86185e-005
36.4501 3.76376e-005
36.5001 3.75879e-005
36.7 1.9061e-005
36.9001 4.66632e-005
36.9501 4.07495e-005
38.4001 5.20212e-005
38.5001 4.521e-005
38.7 1.76032e-005
38.9 3.54654e-005
38.9501 4.50993e-005
40.5001 4.78969e-005
40.505 4.78653e-005
40.7 1.63319e-005
40.705 1.63305e-005
40.9 3.56275e-005
40.905 3.5663e-005
40.9551 4.94549e-005
42.4501 4.91178e-005
42.5 3.55443e-005
42.7 1.71059e-005
42.9001 5.018e-005
44.5 2.45856e-005
44.7001 2.01839e-005
45.4051 5.32453e-005
45.4551 4.66689e-005
45.505 2.03391e-005
45.705 2.23298e-005
46.4501 4.69615e-005
46.5 1.78124e-005
46.7 2.47196e-005
48.4501 4.91788e-005
48.5 2.00472e-005
48.7001 3.00604e-005
50.1551 5.2946e-005
50.2501 5.04846e-005
50.5 2.12749e-005
50.505 2.12229e-005
50.7001 3.55327e-005
50.705 3.55455e-005
52.5 1.12547e-005
52.7001 4.11849e-005
54.5 3.03647e-005
55.505 4.17727e-005
56.5001 5.32791e-005
66.5001 4.53163e-005
68.5001 3.48569e-005
70.5 2.8948e-005
70.505 2.89251e-005
72.5 2.00197e-005
74.5 1.23465e-005
75.455 4.10799e-005
75.505 9.94632e-006
76.2501 4.88821e-005
76.4501 3.44762e-005
76.5 9.63996e-006
76.7001 3.73381e-005
78.4001 4.45016e-005
78.4501 2.77114e-005
78.5 1.49086e-005
78.7 1.78744e-005
80.2501 3.47188e-005
80.255 3.47144e-005
80.4001 3.87193e-005
80.405 3.8725e-005
80.4501 2.91258e-005
80.455 2.91024e-005
80.5001 2.29837e-005
80.505 2.30029e-005
80.7001 1.05004e-005
80.705 1.04689e-005
80.9501 5.20683e-005
80.9551 5.20717e-005
82.2501 3.33764e-005
82.4001 4.12141e-005
82.4501 1.98066e-005
82.5001 3.07244e-005
82.7 2.44071e-006
84.2501 3.29546e-005
84.4001 4.40688e-005
84.45 1.10955e-005
84.5001 3.84782e-005
84.7 1.51069e-005
84.9001 5.0724e-005
85.255 3.31042e-005
85.4051 4.56182e-005
85.455 7.63945e-006
85.505 4.23772e-005
85.705 2.15218e-005
85.855 4.08442e-005
85.9051 4.71681e-005
86.2501 3.3488e-005
86.3501 4.42131e-005
86.4001 4.72183e-005
86.45 6.38172e-006
86.6501 5.14247e-005
86.7001 2.78757e-005
86.8501 3.66639e-005
88.2501 3.4933e-005
88.3501 3.83313e-005
88.4001 5.06075e-005
88.45 1.20481e-005
88.6001 5.23337e-005
88.6501 4.51483e-005
88.7001 4.06503e-005
88.8501 2.87778e-005
88.9001 3.65712e-005
90.2501 3.60347e-005
90.255 3.60183e-005
90.3501 3.67014e-005
90.355 3.67296e-005
90.4051 5.30068e-005
90.4501 1.96382e-005
90.455 1.96496e-005
90.6551 4.45029e-005
90.7001 4.53998e-005
90.7051 4.53765e-005
90.8501 3.06625e-005
90.855 3.06968e-005
90.9001 3.8165e-005
90.905 3.81967e-005
92.25 2.98541e-005
92.4501 2.73253e-005
92.5001 4.34864e-005
92.7001 3.88672e-005
94.25 2.48679e-005
94.4501 3.8361e-005
94.5 3.29085e-005
94.7001 3.95514e-005
95.255 2.30658e-005
95.4051 5.00553e-005
95.4551 4.44204e-005
95.505 2.93079e-005
95.705 4.26536e-005
96.25 2.19074e-005
96.4501 5.05999e-005
96.5 2.75157e-005
96.7001 4.71394e-005
98.25 2.18136e-005
98.4001 5.08203e-005
98.5 3.0224e-005
100.25 2.39523e-005
100.255 2.39491e-005
100.4 4.97971e-005
100.405 4.977e-005
100.5 3.37456e-005
100.505 3.37175e-005
102.25 2.39988e-005
102.4 3.92167e-005
102.5 2.56934e-005
104.25 2.65847e-005
104.4 2.98554e-005
104.45 3.67779e-005
104.5 2.7384e-005
105.205 5.11791e-005
105.255 2.86534e-005
105.405 2.60358e-005
105.455 3.03861e-005
105.505 3.1773e-005
106.2 4.49659e-005
106.25 3.10827e-005
106.4 2.32364e-005
106.45 2.5949e-005
106.5 3.75229e-005
108.2 3.44411e-005
108.25 3.67981e-005
108.35 4.16419e-005
108.4 2.19934e-005
108.45 2.64173e-005
108.65 4.22602e-005
110.2 2.94467e-005
110.205 2.94536e-005
110.25 4.25547e-005
110.255 4.25576e-005
110.35 3.01643e-005
110.355 3.0175e-005
110.4 2.47096e-005
110.405 2.47008e-005
110.45 3.27476e-005
110.455 3.27265e-005
110.605 4.98953e-005
110.65 3.4584e-005
110.655 3.45978e-005
110.7 4.57056e-005
110.705 4.56947e-005
112.2 3.23304e-005
112.25 4.41508e-005
112.35 3.53868e-005
112.4 2.40375e-005
112.45 2.43563e-005
112.65 4.07252e-005
112.7 4.13921e-005
114.2 3.53637e-005
114.25 4.65298e-005
114.35 4.19957e-005
114.4 2.88041e-005
114.45 1.62595e-005
114.65 4.77358e-005
114.7 3.72877e-005
115.205 3.69328e-005
115.255 4.79855e-005
115.405 3.26142e-005
115.455 1.24846e-005
115.705 3.53273e-005
115.955 4.98143e-005
116.2 3.85112e-005
116.25 4.95789e-005
116.4 3.69618e-005
116.45 9.26449e-006
116.7 3.34693e-005
116.95 4.44951e-005
118.2 4.17469e-005
118.25 5.3183e-005
118.4 4.67687e-005
118.45 7.59037e-006
118.7 3.00462e-005
118.95 3.42971e-005
120.2 4.47281e-005
120.45 1.24594e-005
120.455 1.24674e-005
120.505 5.20904e-005
120.7 2.89595e-005
120.705 2.89659e-005
120.95 2.69165e-005
120.955 2.69078e-005
122.2 4.7054e-005
122.45 1.63929e-005
122.5 3.86616e-005
122.7 3.19199e-005
122.95 2.75005e-005
124.2 5.29207e-005
124.45 2.12292e-005
124.5 2.53374e-005
124.7 3.5484e-005
124.95 3.50601e-005
125.455 2.38316e-005
125.505 1.87871e-005
125.705 3.74498e-005
125.955 4.04152e-005
126.45 2.64779e-005
126.5 1.25974e-005
126.7 3.94889e-005
126.95 4.62957e-005
128.45 3.19365e-005
128.5 6.69815e-006
128.7 4.38137e-005
130.45 3.50644e-005
130.455 3.50516e-005
130.5 1.08487e-005
130.505 1.08158e-005
130.7 4.63823e-005
130.705 4.63798e-005
132.45 3.07043e-005
132.5 5.58972e-006
132.7 4.54983e-005
134.45 2.83173e-005
134.5 1.85916e-005
134.7 4.48921e-005
135.455 2.80383e-005
135.505 2.55918e-005
135.705 4.46961e-005
136.45 2.84054e-005
136.5 3.25713e-005
136.7 4.45751e-005
138.45 3.09474e-005
138.7 4.45534e-005
140.45 3.39749e-005
140.455 3.39719e-005
140.7 4.44613e-005
140.705 4.44596e-005
142.45 3.35629e-005
144.45 3.46919e-005
144.5 4.00591e-005
144.7 4.31561e-005
145.455 3.58028e-005
145.505 3.77666e-005
145.705 4.28417e-005
146.45 3.72218e-005
146.5 3.63298e-005
146.7 4.2536e-005
148.2 4.50954e-005
148.25 4.75514e-005
148.45 4.08935e-005
148.5 3.62916e-005
148.7 4.19388e-005
148.95 5.06231e-005
150.2 3.87427e-005
150.205 3.87501e-005
150.25 4.27777e-005
150.255 4.27674e-005
150.45 4.20195e-005
150.455 4.19937e-005
150.5 3.73416e-005
150.505 3.73278e-005
150.7 4.02023e-005
150.705 4.01933e-005
150.95 5.20289e-005
150.955 5.20418e-005
152.2 4.18926e-005
152.25 3.88044e-005
152.45 3.18825e-005
152.5 3.1987e-005
152.7 3.7473e-005
154.2 4.53418e-005
154.25 3.52297e-005
154.45 2.24303e-005
154.5 2.71028e-005
154.7 3.67319e-005
155.205 4.71676e-005
155.255 3.36243e-005
155.405 4.40757e-005
155.455 1.82795e-005
155.505 2.49142e-005
155.705 3.71599e-005
156.2 4.90274e-005
156.25 3.21863e-005
156.45 1.5016e-005
156.5 2.29903e-005
156.7 3.80951e-005
158.2 5.28996e-005
158.25 2.98376e-005
158.4 3.23884e-005
158.45 1.355e-005
158.5 2.01288e-005
158.65 5.28188e-005
158.7 4.13551e-005
160.25 2.76323e-005
160.255 2.76168e-005
160.4 2.97299e-005
160.405 2.97727e-005
160.45 1.92961e-005
160.455 1.93153e-005
160.5 1.94198e-005
160.505 1.94225e-005
160.7 4.04517e-005
160.705 4.04244e-005
160.85 4.84143e-005
160.855 4.84327e-005
162.25 2.72831e-005
162.45 2.88556e-005
162.5 2.04873e-005
162.7 2.97366e-005
164.25 3.70763e-005
164.45 4.02003e-005
164.5 2.15558e-005
164.7 1.99941e-005
165.255 4.40062e-005
165.455 4.61705e-005
165.505 2.2093e-005
165.705 1.60408e-005
166.5 2.26252e-005
166.7 1.35213e-005
168.5 2.36953e-005
168.7 1.52795e-005
170.5 2.49856e-005
170.505 2.49905e-005
170.7 1.71134e-005
170.705 1.70921e-005
172.5 2.6973e-005
172.7 1.11053e-005
174.5 2.90123e-005
174.7 1.40641e-005
175.505 3.00534e-005
175.705 1.80924e-005
176.5 3.10934e-005
176.7 2.27218e-005
176.95 5.02209e-005
178.5 3.32083e-005
178.7 3.28447e-005
178.95 4.10153e-005
180.45 5.18509e-005
180.5 3.19629e-005
180.505 3.19345e-005
180.7 3.49707e-005
180.705 3.49372e-005
180.95 4.01355e-005
180.955 4.0154e-005
182.5 2.06116e-005
182.7 2.19857e-005
182.95 4.79877e-005
184.45 3.33944e-005
184.5 9.54876e-006
184.7 1.18022e-005
185.455 2.96461e-005
185.505 4.77932e-006
185.705 1.07563e-005
186.4 5.30317e-005
186.45 2.66057e-005
186.5 4.54262e-006
186.7 1.38101e-005
188.25 4.2104e-005
188.4 5.22356e-005
188.45 2.35254e-005
188.5 1.46018e-005
188.7 2.52517e-005
190.25 3.1116e-005
190.255 3.1116e-005
190.405 5.30057e-005
190.45 2.46519e-005
190.455 2.46519e-005
190.5 2.30284e-005
190.505 2.30284e-005
190.7 3.37674e-005
190.705 3.37674e-005
192.25 3.1116e-005
192.45 2.46519e-005
192.5 2.30284e-005
192.7 3.37674e-005
194.25 3.1116e-005
194.45 2.46519e-005
194.5 2.30284e-005
194.7 3.37674e-005
195.255 3.1116e-005
195.455 2.46519e-005
195.505 2.30284e-005
195.705 3.37674e-005
196.25 3.1116e-005
196.45 2.46519e-005
196.5 2.30284e-005
196.7 3.37674e-005
198.25 3.1116e-005
198.45 2.46519e-005
198.5 2.30284e-005
198.7 3.37674e-005
200.25 3.1116e-005
200.255 3.1116e-005
200.4 5.30057e-005
200.405 5.30057e-005
200.45 2.46519e-005
200.455 2.46519e-005
200.5 2.30284e-005
200.505 2.30284e-005
200.7 3.37674e-005
200.705 3.37674e-005
202.25 3.1116e-005
202.45 2.46519e-005
202.5 2.30284e-005
202.7 3.37674e-005
204.25 3.1116e-005
204.45 2.46519e-005
204.5 2.30284e-005
204.7 3.37674e-005
205.255 3.1116e-005
205.405 5.30057e-005
205.455 2.46519e-005
205.505 2.30284e-005
205.705 3.37674e-005
206.25 3.1116e-005
206.45 2.46519e-005
206.5 2.30284e-005
206.7 3.37674e-005
208.25 3.1116e-005
208.45 2.46519e-005
208.5 2.30284e-005
208.7 3.37674e-005
210.25 3.1116e-005
210.255 3.1116e-005
210.405 5.30057e-005
210.45 2.46519e-005
210.455 2.46519e-005
210.5 2.30284e-005
210.505 2.30284e-005
210.7 3.37674e-005
210.705 3.37674e-005
212.25 3.1116e-005
212.45 2.46519e-005
212.5 2.30284e-005
212.7 3.37674e-005
214.25 3.1116e-005
214.45 2.46519e-005
214.5 2.30284e-005
214.7 3.37674e-005
215.255 3.1116e-005
215.455 2.46519e-005
215.505 2.30284e-005
215.705 3.37674e-005
216.25 3.1116e-005
216.45 2.46519e-005
216.5 2.30284e-005
216.7 3.37674e-005
218.25 3.1116e-005
218.45 2.46519e-005
218.5 2.30284e-005
218.7 3.37674e-005
220.25 3.1116e-005
220.255 3.1116e-005
220.405 5.30057e-005
220.45 2.46519e-005
220.455 2.46519e-005
220.5 2.30284e-005
220.505 2.30284e-005
220.7 3.37674e-005
220.705 3.37674e-005
222.25 3.1116e-005
222.45 2.46519e-005
222.5 2.30284e-005
222.7 3.37674e-005
224.25 3.1116e-005
224.45 2.46519e-005
224.5 2.30284e-005
224.7 3.37674e-005
225.255 3.1116e-005
225.405 5.30057e-005
225.455 2.46519e-005
225.505 2.30284e-005
225.705 3.37674e-005
226.25 3.1116e-005
226.4 5.30057e-005
226.45 2.46519e-005
226.5 2.30284e-005
226.7 3.37674e-005
228.25 3.1116e-005
228.45 2.46519e-005
228.5 2.30284e-005
228.7 3.37674e-005
230.25 3.1116e-005
230.255 3.1116e-005
230.405 5.30057e-005
230.45 2.46519e-005
230.455 2.46519e-005
230.5 2.30284e-005
230.505 2.30284e-005
230.7 3.37674e-005
230.705 3.37674e-005
232.25 3.1116e-005
232.45 2.46519e-005
232.5 2.30284e-005
232.7 3.37674e-005
234.25 3.1116e-005
234.45 2.46519e-005
234.5 2.30284e-005
234.7 3.37674e-005
235.255 3.1116e-005
235.455 2.46519e-005
235.505 2.30284e-005
235.705 3.37674e-005
236.25 3.1116e-005
236.45 2.46519e-005
236.5 2.30284e-005
236.7 3.37674e-005
238.25 3.1116e-005
238.45 2.46519e-005
238.5 2.30284e-005
238.7 3.37674e-005
240.25 3.1116e-005
240.255 3.1116e-005
240.405 5.30057e-005
240.45 2.46519e-005
240.455 2.46519e-005
240.5 2.30284e-005
240.505 2.30284e-005
240.7 3.37674e-005
240.705 3.37674e-005
242.25 3.1116e-005
242.45 2.46519e-005
242.5 2.30284e-005
242.7 3.37674e-005
244.25 3.1116e-005
244.45 2.46519e-005
244.5 2.30284e-005
244.7 3.37674e-005
245.255 3.1116e-005
245.455 2.46519e-005
245.505 2.30284e-005
245.705 3.37674e-005
246.25 3.1116e-005
246.45 2.46519e-005
246.5 2.30284e-005
246.7 3.37674e-005
248.25 3.1116e-005
248.45 2.46519e-005
248.5 2.30284e-005
248.7 3.37674e-005
250.25 3.1116e-005
250.255 3.1116e-005
250.405 5.30057e-005
250.45 2.46519e-005
250.455 2.46519e-005
250.5 2.30284e-005
250.505 2.30284e-005
250.7 3.37674e-005
250.705 3.37674e-005
252.25 3.1116e-005
252.45 2.46519e-005
252.5 2.30284e-005
252.7 3.37674e-005
254.25 3.1116e-005
254.45 2.46519e-005
254.5 2.30284e-005
254.7 3.37674e-005
255.255 3.1116e-005
255.455 2.46519e-005
255.505 2.30284e-005
255.705 3.37674e-005
256.25 3.1116e-005
256.45 2.46519e-005
256.5 2.30284e-005
256.7 3.37674e-005
258.25 3.1116e-005
258.45 2.46519e-005
258.5 2.30284e-005
258.7 3.37674e-005
260.25 3.1116e-005
260.255 3.1116e-005
260.45 2.46519e-005
260.455 2.46519e-005
260.5 2.30284e-005
260.505 2.30284e-005
260.7 3.37674e-005
260.705 3.37674e-005
262.25 3.1116e-005
262.45 2.46519e-005
262.5 2.30284e-005
262.7 3.37674e-005
264.25 3.1116e-005
264.45 2.46519e-005
264.5 2.30284e-005
264.7 3.37674e-005
265.255 3.1116e-005
265.455 2.46519e-005
265.505 2.30284e-005
265.705 3.37674e-005
266.25 3.1116e-005
266.45 2.46519e-005
266.5 2.30284e-005
266.7 3.37674e-005
268.25 3.1116e-005
268.45 2.46519e-005
268.5 2.30284e-005
268.7 3.37674e-005
270.25 3.1116e-005
270.255 3.1116e-005
270.45 2.46519e-005
270.455 2.46519e-005
270.5 2.30284e-005
270.505 2.30284e-005
270.7 3.37674e-005
270.705 3.37674e-005
272.25 3.1116e-005
272.45 2.46519e-005
272.5 2.30284e-005
272.7 3.37674e-005
274.25 3.1116e-005
274.45 2.46519e-005
274.5 2.30284e-005
274.7 3.37674e-005
275.255 3.1116e-005
275.455 2.46519e-005
275.505 2.30284e-005
275.705 3.37674e-005
276.25 3.1116e-005
276.45 2.46519e-005
276.5 2.30284e-005
276.7 3.37674e-005
278.25 3.1116e-005
278.45 2.46519e-005
278.5 2.30284e-005
278.7 3.37674e-005
280.25 3.1116e-005
280.255 3.1116e-005
280.405 5.30057e-005
280.45 2.46519e-005
280.455 2.46519e-005
280.5 2.30284e-005
280.505 2.30284e-005
280.7 3.37674e-005
280.705 3.37674e-005
282.25 3.1116e-005
282.4 5.30057e-005
282.45 2.46519e-005
282.5 2.30284e-005
282.7 3.37674e-005
284.25 3.1116e-005
284.4 5.30057e-005
284.45 2.46519e-005
284.5 2.30284e-005
284.7 3.37674e-005
285.255 3.1116e-005
285.405 5.30057e-005
285.455 2.46519e-005
285.505 2.30284e-005
285.705 3.37674e-005
286.25 3.1116e-005
286.45 2.46519e-005
286.5 2.30284e-005
286.7 3.37674e-005
288.25 3.1116e-005
288.45 2.46519e-005
288.5 2.30284e-005
288.7 3.37674e-005
290.25 3.1116e-005
290.255 3.1116e-005
290.4 5.30057e-005
290.45 2.46519e-005
290.455 2.46519e-005
290.5 2.30284e-005
290.505 2.30284e-005
290.7 3.37674e-005
290.705 3.37674e-005
292.25 3.1116e-005
292.45 2.46519e-005
292.5 2.30284e-005
292.7 3.37674e-005
294.25 3.1116e-005
294.45 2.46519e-005
294.5 2.30284e-005
294.7 3.37674e-005
295.255 3.1116e-005
295.455 2.46519e-005
295.505 2.30284e-005
295.705 3.37674e-005
296.25 3.1116e-005
296.45 2.46519e-005
296.5 2.30284e-005
296.7 3.37674e-005
298.25 3.1116e-005
298.45 2.46519e-005
298.5 2.30284e-005
298.7 3.37674e-005
300.25 3.1116e-005
300.255 3.1116e-005
300.45 2.46519e-005
300.455 2.46519e-005
300.5 2.30284e-005
300.505 2.30284e-005
300.7 3.37674e-005
300.705 3.37674e-005
302.25 3.1116e-005
302.4 5.30057e-005
302.45 2.46519e-005
302.5 2.30284e-005
302.7 3.37674e-005
304.25 3.1116e-005
304.45 2.46519e-005
304.5 2.30284e-005
304.7 3.37674e-005
305.255 3.1116e-005
305.455 2.46519e-005
305.505 2.30284e-005
305.705 3.37674e-005
306.25 3.1116e-005
306.4 5.30057e-005
306.45 2.46519e-005
306.5 2.30284e-005
306.7 3.37674e-005
308.25 3.1116e-005
308.45 2.46519e-005
308.5 2.30284e-005
308.7 3.37674e-005
310.25 3.1116e-005
310.255 3.1116e-005
310.4 5.30057e-005
310.405 5.30057e-005
310.45 2.46519e-005
310.455 2.46519e-005
310.5 2.30284e-005
310.505 2.30284e-005
310.7 3.37674e-005
310.705 3.37674e-005
312.25 3.1116e-005
312.45 2.46519e-005
312.5 2.30284e-005
312.7 3.37674e-005
314.25 3.1116e-005
314.45 2.46519e-005
314.5 2.30284e-005
314.7 3.37674e-005
315.255 3.1116e-005
315.405 5.30057e-005
315.455 2.46519e-005
315.505 2.30284e-005
315.705 3.37674e-005
316.25 3.1116e-005
316.45 2.46519e-005
316.5 2.30284e-005
316.7 3.37674e-005
318.25 3.1116e-005
318.45 2.46519e-005
318.5 2.30284e-005
318.7 3.37674e-005
320.25 3.1116e-005
320.255 3.1116e-005
320.405 5.30057e-005
320.45 2.46519e-005
320.455 2.46519e-005
320.5 2.30284e-005
320.505 2.30284e-005
320.7 3.37674e-005
320.705 3.37674e-005
322.25 3.1116e-005
322.45 2.46519e-005
322.5 2.30284e-005
322.7 3.37674e-005
324.25 3.1116e-005
324.45 2.46519e-005
324.5 2.30284e-005
324.7 3.37674e-005
325.255 3.1116e-005
325.455 2.46519e-005
325.505 2.30284e-005
325.705 3.37674e-005
326.25 3.1116e-005
326.45 2.46519e-005
326.5 2.30284e-005
326.7 3.37674e-005
328.25 3.1116e-005
328.45 2.46519e-005
328.5 2.30284e-005
328.7 3.37674e-005
330.25 3.1116e-005
330.255 3.1116e-005
330.4 5.30057e-005
330.405 5.30057e-005
330.45 2.46519e-005
330.455 2.46519e-005
330.5 2.30284e-005
330.505 2.30284e-005
330.7 3.37674e-005
330.705 3.37674e-005
332.25 3.1116e-005
332.45 2.46519e-005
332.5 2.30284e-005
332.7 3.37674e-005
334.25 3.1116e-005
334.45 2.46519e-005
334.5 2.30284e-005
334.7 3.37674e-005
335.255 3.1116e-005
335.455 2.46519e-005
335.505 2.30284e-005
335.705 3.37674e-005
336.25 3.1116e-005
336.45 2.46519e-005
336.5 2.30284e-005
336.7 3.37674e-005
338.25 3.1116e-005
338.4 5.30057e-005
338.45 2.46519e-005
338.5 2.30284e-005
338.7 3.37674e-005
340.25 3.1116e-005
340.255 3.1116e-005
340.45 2.46519e-005
340.455 2.46519e-005
340.5 2.30284e-005
340.505 2.30284e-005
340.7 3.37674e-005
340.705 3.37674e-005
342.25 3.1116e-005
342.45 2.46519e-005
342.5 2.30284e-005
342.7 3.37674e-005
344.25 3.1116e-005
344.45 2.46519e-005
344.5 2.30284e-005
344.7 3.37674e-005
345.255 3.1116e-005
345.455 2.46519e-005
345.505 2.30284e-005
345.705 3.37674e-005
346.25 3.1116e-005
346.45 2.46519e-005
346.5 2.30284e-005
346.7 3.37674e-005
348.25 3.1116e-005
348.4 5.30057e-005
348.45 2.46519e-005
348.5 2.30284e-005
348.7 3.37674e-005
350.25 3.1116e-005
350.255 3.1116e-005
350.4 5.30057e-005
350.405 5.30057e-005
350.45 2.46519e-005
350.455 2.46519e-005
350.5 2.30284e-005
350.505 2.30284e-005
350.7 3.37674e-005
350.705 3.37674e-005
352.25 3.1116e-005
352.45 2.46519e-005
352.5 2.30284e-005
352.7 3.37674e-005
354.25 3.1116e-005
354.45 2.46519e-005
354.5 2.30284e-005
354.7 3.37674e-005
355.255 3.1116e-005
355.455 2.46519e-005
355.505 2.30284e-005
355.705 3.37674e-005
356.25 3.1116e-005
356.4 5.30057e-005
356.45 2.46519e-005
356.5 2.30284e-005
356.7 3.37674e-005
358.25 3.1116e-005
358.45 2.46519e-005
358.5 2.30284e-005
358.7 3.37674e-005
360.25 3.1116e-005
360.255 3.1116e-005
360.405 5.30057e-005
360.45 2.46519e-005
360.455 2.46519e-005
360.5 2.30284e-005
360.505 2.30284e-005
360.7 3.37674e-005
360.705 3.37674e-005
362.25 3.1116e-005
362.45 2.46519e-005
362.5 2.30284e-005
362.7 3.37674e-005
364.25 3.1116e-005
364.45 2.46519e-005
364.5 2.30284e-005
364.7 3.37674e-005
365.255 3.1116e-005
365.455 2.46519e-005
365.505 2.30284e-005
365.705 3.37674e-005
366.25 3.1116e-005
366.45 2.46519e-005
366.5 2.30284e-005
366.7 3.37674e-005
368.25 3.1116e-005
368.45 2.46519e-005
368.5 2.30284e-005
368.7 3.37674e-005
370.25 3.1116e-005
370.255 3.1116e-005
370.405 5.30057e-005
370.45 2.46519e-005
370.455 2.46519e-005
370.5 2.30284e-005
370.505 2.30284e-005
370.7 3.37674e-005
370.705 3.37674e-005
372.25 3.1116e-005
372.45 2.46519e-005
372.5 2.30284e-005
372.7 3.37674e-005
374.25 3.1116e-005
374.45 2.46519e-005
374.5 2.30284e-005
374.7 3.37674e-005
375.255 3.1116e-005
375.405 5.30057e-005
375.455 2.46519e-005
375.505 2.30284e-005
375.705 3.37674e-005
376.25 3.1116e-005
376.45 2.46519e-005
376.5 2.30284e-005
376.7 3.37674e-005
378.25 3.1116e-005
378.45 2.46519e-005
378.5 2.30284e-005
378.7 3.37674e-005
380.25 3.1116e-005
380.255 3.1116e-005
380.405 5.30057e-005
380.45 2.46519e-005
380.455 2.46519e-005
380.5 2.30284e-005
380.505 2.30284e-005
380.7 3.37674e-005
380.705 3.37674e-005
382.25 3.1116e-005
382.45 2.46519e-005
382.5 2.30284e-005
382.7 3.37674e-005
384.25 3.1116e-005
384.45 2.46519e-005
384.5 2.30284e-005
384.7 3.37674e-005
385.255 3.1116e-005
385.455 2.46519e-005
385.505 2.30284e-005
385.705 3.37674e-005
386.25 3.1116e-005
386.4 5.30057e-005
386.45 2.46519e-005
386.5 2.30284e-005
386.7 3.37674e-005
388.25 3.1116e-005
388.45 2.46519e-005
388.5 2.30284e-005
388.7 3.37674e-005
390.25 3.1116e-005
390.255 3.1116e-005
390.45 2.46519e-005
390.455 2.46519e-005
390.5 2.30284e-005
390.505 2.30284e-005
390.7 3.37674e-005
390.705 3.37674e-005
392.25 3.1116e-005
392.45 2.46519e-005
392.5 2.30284e-005
392.7 3.37674e-005
394.25 3.1116e-005
394.45 2.46519e-005
394.5 2.30284e-005
394.7 3.37674e-005
395.255 3.1116e-005
395.455 2.46519e-005
395.505 2.30284e-005
395.705 3.37674e-005
396.25 3.1116e-005
396.45 2.46519e-005
396.5 2.30284e-005
396.7 3.37674e-005
398.25 3.1116e-005
398.45 2.46519e-005
398.5 2.30284e-005
398.7 3.37674e-005
400.25 3.1116e-005
400.255 3.1116e-005
400.4 5.30057e-005
400.405 5.30057e-005
400.45 2.46519e-005
400.455 2.46519e-005
400.5 2.30284e-005
400.505 2.30284e-005
400.7 3.37674e-005
400.705 3.37674e-005
402.25 3.1116e-005
402.45 2.46519e-005
402.5 2.30284e-005
402.7 3.37674e-005
404.25 3.1116e-005
404.4 5.30057e-005
404.45 2.46519e-005
404.5 2.30284e-005
404.7 3.37674e-005
405.255 3.1116e-005
405.405 5.30057e-005
405.455 2.46519e-005
405.505 2.30284e-005
405.705 3.37674e-005
406.25 3.1116e-005
406.45 2.46519e-005
406.5 2.30284e-005
406.7 3.37674e-005
408.25 3.1116e-005
408.4 5.30057e-005
408.45 2.46519e-005
408.5 2.30284e-005
408.7 3.37674e-005
410.25 3.1116e-005
410.255 3.1116e-005
410.45 2.46519e-005
410.455 2.46519e-005
410.5 2.30284e-005
410.505 2.30284e-005
410.7 3.37674e-005
410.705 3.37674e-005
412.25 3.1116e-005
412.45 2.46519e-005
412.5 2.30284e-005
412.7 3.37674e-005
414.25 3.1116e-005
414.45 2.46519e-005
414.5 2.30284e-005
414.7 3.37674e-005
415.255 3.1116e-005
415.405 5.30057e-005
415.455 2.46519e-005
415.505 2.30284e-005
415.705 3.37674e-005
416.25 3.1116e-005
416.45 2.46519e-005
416.5 2.30284e-005
416.7 3.37674e-005
418.25 3.1116e-005
418.4 5.30057e-005
418.45 2.46519e-005
418.5 2.30284e-005
418.7 3.37674e-005
420.25 3.1116e-005
420.255 3.1116e-005
420.405 5.30057e-005
420.45 2.46519e-005
420.455 2.46519e-005
420.5 2.30284e-005
420.505 2.30284e-005
420.7 3.37674e-005
420.705 3.37674e-005
422.25 3.1116e-005
422.45 2.46519e-005
422.5 2.30284e-005
422.7 3.37674e-005
424.25 3.1116e-005
424.45 2.46519e-005
424.5 2.30284e-005
424.7 3.37674e-005
425.255 3.1116e-005
425.455 2.46519e-005
425.505 2.30284e-005
425.705 3.37674e-005
426.25 3.1116e-005
426.45 2.46519e-005
426.5 2.30284e-005
426.7 3.37674e-005
428.25 3.1116e-005
428.45 2.46519e-005
428.5 2.30284e-005
428.7 3.37674e-005
430.25 3.1116e-005
430.255 3.1116e-005
430.45 2.46519e-005
430.455 2.46519e-005
430.5 2.30284e-005
430.505 2.30284e-005
430.7 3.37674e-005
430.705 3.37674e-005
432.25 3.1116e-005
432.4 5.30057e-005
432.45 2.46519e-005
432.5 2.30284e-005
432.7 3.37674e-005
434.25 3.1116e-005
434.45 2.46519e-005
434.5 2.30284e-005
434.7 3.37674e-005
435.255 3.1116e-005
435.405 5.30057e-005
435.455 2.46519e-005
435.505 2.30284e-005
435.705 3.37674e-005
436.25 3.1116e-005
436.45 2.46519e-005
436.5 2.30284e-005
436.7 3.37674e-005
438.25 3.1116e-005
438.4 5.30057e-005
438.45 2.46519e-005
438.5 2.30284e-005
438.7 3.37674e-005
440.25 3.1116e-005
440.255 3.1116e-005
440.4 5.30057e-005
440.405 5.30057e-005
440.45 2.46519e-005
440.455 2.46519e-005
440.5 2.30284e-005
440.505 2.30284e-005
440.7 3.37674e-005
440.705 3.37674e-005
442.25 3.1116e-005
442.45 2.46519e-005
442.5 2.30284e-005
442.7 3.37674e-005
444.25 3.1116e-005
444.45 2.46519e-005
444.5 2.30284e-005
444.7 3.37674e-005
445.255 3.1116e-005
445.405 5.30057e-005
445.455 2.46519e-005
445.505 2.30284e-005
445.705 3.37674e-005
446.25 3.1116e-005
446.45 2.46519e-005
446.5 2.30284e-005
446.7 3.37674e-005
448.25 3.1116e-005
448.45 2.46519e-005
448.5 2.30284e-005
448.7 3.37674e-005
450.25 3.1116e-005
450.255 3.1116e-005
450.4 5.30057e-005
450.45 2.46519e-005
450.455 2.46519e-005
450.5 2.30284e-005
450.505 2.30284e-005
450.7 3.37674e-005
450.705 3.37674e-005
452.25 3.1116e-005
452.45 2.46519e-005
452.5 2.30284e-005
452.7 3.37674e-005
454.25 3.1116e-005
454.45 2.46519e-005
454.5 2.30284e-005
454.7 3.37674e-005
455.255 3.1116e-005
455.405 5.30057e-005
455.455 2.46519e-005
455.505 2.30284e-005
455.705 3.37674e-005
456.25 3.1116e-005
456.45 2.46519e-005
456.5 2.30284e-005
456.7 3.37674e-005
458.25 3.1116e-005
458.45 2.46519e-005
458.5 2.30284e-005
458.7 3.37674e-005
460.25 3.1116e-005
460.255 3.1116e-005
460.4 5.30057e-005
460.405 5.30057e-005
460.45 2.46519e-005
460.455 2.46519e-005
460.5 2.30284e-005
460.505 2.30284e-005
460.7 3.37674e-005
460.705 3.37674e-005
462.25 3.1116e-005
462.45 2.46519e-005
462.5 2.30284e-005
462.7 3.37674e-005
464.25 3.1116e-005
464.45 2.46519e-005
464.5 2.30284e-005
464.7 3.37674e-005
465.255 3.1116e-005
465.405 5.30057e-005
465.455 2.46519e-005
465.505 2.30284e-005
465.705 3.37674e-005
466.25 3.1116e-005
466.45 2.46519e-005
466.5 2.30284e-005
466.7 3.37674e-005
468.25 3.1116e-005
468.4 5.30057e-005
468.45 2.46519e-005
468.5 2.30284e-005
468.7 3.37674e-005
470.25 3.1116e-005
470.255 3.1116e-005
470.4 5.30057e-005
470.45 2.46519e-005
470.455 2.46519e-005
470.5 2.30284e-005
470.505 2.30284e-005
470.7 3.37674e-005
470.705 3.37674e-005
472.25 3.1116e-005
472.45 2.46519e-005
472.5 2.30284e-005
472.7 3.37674e-005
474.25 3.1116e-005
474.45 2.46519e-005
474.5 2.30284e-005
474.7 3.37674e-005
475.255 3.1116e-005
475.405 5.30057e-005
475.455 2.46519e-005
475.505 2.30284e-005
475.705 3.37674e-005
476.25 3.1116e-005
476.4 5.30057e-005
476.45 2.46519e-005
476.5 2.30284e-005
476.7 3.37674e-005
478.25 3.1116e-005
478.45 2.46519e-005
478.5 2.30284e-005
478.7 3.37674e-005
480.25 3.1116e-005
480.255 3.1116e-005
480.4 5.30057e-005
480.45 2.46519e-005
480.455 2.46519e-005
480.5 2.30284e-005
480.505 2.30284e-005
480.7 3.37674e-005
480.705 3.37674e-005
482.25 3.1116e-005
482.45 2.46519e-005
482.5 2.30284e-005
482.7 3.37674e-005
484.25 3.1116e-005
484.45 2.46519e-005
484.5 2.30284e-005
484.7 3.37674e-005
485.255 3.1116e-005
485.405 5.30057e-005
485.455 2.46519e-005
485.505 2.30284e-005
485.705 3.37674e-005
486.25 3.1116e-005
486.45 2.46519e-005
486.5 2.30284e-005
486.7 3.37674e-005
488.25 3.1116e-005
488.4 5.30057e-005
488.45 2.46519e-005
488.5 2.30284e-005
488.7 3.37674e-005
490.25 3.1116e-005
490.255 3.1116e-005
490.45 2.46519e-005
490.455 2.46519e-005
490.5 2.30284e-005
490.505 2.30284e-005
490.7 3.37674e-005
490.705 3.37674e-005
492.25 3.1116e-005
492.45 2.46519e-005
492.5 2.30284e-005
492.7 3.37674e-005
494.25 3.1116e-005
494.4 5.30057e-005
494.45 2.46519e-005
494.5 2.30284e-005
494.7 3.37674e-005
495.255 3.1116e-005
495.455 2.46519e-005
495.505 2.30284e-005
495.705 3.37674e-005
496.25 3.1116e-005
496.45 2.46519e-005
496.5 2.30284e-005
496.7 3.37674e-005
498.25 3.1116e-005
498.45 2.46519e-005
498.5 2.30284e-005
498.7 3.37674e-005
500.25 3.1116e-005
500.255 3.1116e-005
500.4 5.30057e-005
500.405 5.30057e-005
500.45 2.46519e-005
500.455 2.46519e-005
500.5 2.30284e-005
500.505 2.30284e-005
500.7 3.37674e-005
500.705 3.37674e-005
502.25 3.1116e-005
502.45 2.46519e-005
502.5 2.30284e-005
502.7 3.37674e-005
504.25 3.1116e-005
504.45 2.46519e-005
504.5 2.30284e-005
504.7 3.37674e-005
505.255 3.1116e-005
505.455 2.46519e-005
505.505 2.30284e-005
505.705 3.37674e-005
506.25 3.1116e-005
506.45 2.46519e-005
506.5 2.30284e-005
506.7 3.37674e-005
508.25 3.1116e-005
508.45 2.46519e-005
508.5 2.30284e-005
508.7 3.37674e-005
510.25 3.1116e-005
510.255 3.1116e-005
510.405 5.30057e-005
510.45 2.46519e-005
510.455 2.46519e-005
510.5 2.30284e-005
510.505 2.30284e-005
510.7 3.37674e-005
510.705 3.37674e-005
512.25 3.1116e-005
512.45 2.46519e-005
512.5 2.30284e-005
512.7 3.37674e-005
514.25 3.1116e-005
514.45 2.46519e-005
514.5 2.30284e-005
514.7 3.37674e-005
515.255 3.1116e-005
515.455 2.46519e-005
515.505 2.30284e-005
515.705 3.37674e-005
516.25 3.1116e-005
516.45 2.46519e-005
516.5 2.30284e-005
516.7 3.37674e-005
518.25 3.1116e-005
518.45 2.46519e-005
518.5 2.30284e-005
518.7 3.37674e-005
520.25 3.1116e-005
520.255 3.1116e-005
520.405 5.30057e-005
520.45 2.46519e-005
520.455 2.46519e-005
520.5 2.30284e-005
520.505 2.30284e-005
520.7 3.37674e-005
520.705 3.37674e-005
522.25 3.1116e-005
522.45 2.46519e-005
522.5 2.30284e-005
522.7 3.37674e-005
524.25 3.1116e-005
524.45 2.46519e-005
524.5 2.30284e-005
524.7 3.37674e-005
525.255 3.1116e-005
525.405 5.30057e-005
525.455 2.46519e-005
525.505 2.30284e-005
525.705 3.37674e-005
526.25 3.1116e-005
526.4 5.30057e-005
526.45 2.46519e-005
526.5 2.30284e-005
526.7 3.37674e-005
528.25 3.1116e-005
528.4 5.30057e-005
528.45 2.46519e-005
528.5 2.30284e-005
528.7 3.37674e-005
530.25 3.1116e-005
530.255 3.1116e-005
530.405 5.30057e-005
530.45 2.46519e-005
530.455 2.46519e-005
530.5 2.30284e-005
530.505 2.30284e-005
530.7 3.37674e-005
530.705 3.37674e-005
532.25 3.1116e-005
532.45 2.46519e-005
532.5 2.30284e-005
532.7 3.37674e-005
534.25 3.1116e-005
534.45 2.46519e-005
534.5 2.30284e-005
534.7 3.37674e-005
535.255 3.1116e-005
535.455 2.46519e-005
535.505 2.30284e-005
535.705 3.37674e-005
536.25 3.1116e-005
536.45 2.46519e-005
536.5 2.30284e-005
536.7 3.37674e-005
538.25 3.1116e-005
538.45 2.46519e-005
538.5 2.30284e-005
538.7 3.37674e-005
540.25 3.1116e-005
540.255 3.1116e-005
540.4 5.30057e-005
540.405 5.30057e-005
540.45 2.46519e-005
540.455 2.46519e-005
540.5 2.30284e-005
540.505 2.30284e-005
540.7 3.37674e-005
540.705 3.37674e-005
542.25 3.1116e-005
542.45 2.46519e-005
542.5 2.30284e-005
542.7 3.37674e-005
544.25 3.1116e-005
544.45 2.46519e-005
544.5 2.30284e-005
544.7 3.37674e-005
545.255 3.1116e-005
545.455 2.46519e-005
545.505 2.30284e-005
545.705 3.37674e-005
546.25 3.1116e-005
546.45 2.46519e-005
546.5 2.30284e-005
546.7 3.37674e-005
548.25 3.1116e-005
548.45 2.46519e-005
548.5 2.30284e-005
548.7 3.37674e-005
550.25 3.1116e-005
550.255 3.1116e-005
550.4 5.30057e-005
550.405 5.30057e-005
550.45 2.46519e-005
550.455 2.46519e-005
550.5 2.30284e-005
550.505 2.30284e-005
550.7 3.37674e-005
550.705 3.37674e-005
552.25 3.1116e-005
552.45 2.46519e-005
552.5 2.30284e-005
552.7 3.37674e-005
554.25 3.1116e-005
554.45 2.46519e-005
554.5 2.30284e-005
554.7 3.37674e-005
555.255 3.1116e-005
555.455 2.46519e-005
555.505 2.30284e-005
555.705 3.37674e-005
556.25 3.1116e-005
556.45 2.46519e-005
556.5 2.30284e-005
556.7 3.37674e-005
558.25 3.1116e-005
558.45 2.46519e-005
558.5 2.30284e-005
558.7 3.37674e-005
560.25 3.1116e-005
560.255 3.1116e-005
560.4 5.30057e-005
560.405 5.30057e-005
560.45 2.46519e-005
560.455 2.46519e-005
560.5 2.30284e-005
560.505 2.30284e-005
560.7 3.37674e-005
560.705 3.37674e-005
562.25 3.1116e-005
562.45 2.46519e-005
562.5 2.30284e-005
562.7 3.37674e-005
564.25 3.1116e-005
564.45 2.46519e-005
564.5 2.30284e-005
564.7 3.37674e-005
565.255 3.1116e-005
565.455 2.46519e-005
565.505 2.30284e-005
565.705 3.37674e-005
566.25 3.1116e-005
566.45 2.46519e-005
566.5 2.30284e-005
566.7 3.37674e-005
568.25 3.1116e-005
568.45 2.46519e-005
568.5 2.30284e-005
568.7 3.37674e-005
570.25 3.1116e-005
570.255 3.1116e-005
570.4 5.30057e-005
570.405 5.30057e-005
570.45 2.46519e-005
570.455 2.46519e-005
570.5 2.30284e-005
570.505 2.30284e-005
570.7 3.37674e-005
570.705 3.37674e-005
572.25 3.1116e-005
572.45 2.46519e-005
572.5 2.30284e-005
572.7 3.37674e-005
574.25 3.1116e-005
574.4 5.30057e-005
574.45 2.46519e-005
574.5 2.30284e-005
574.7 3.37674e-005
575.255 3.1116e-005
575.455 2.46519e-005
575.505 2.30284e-005
575.705 3.37674e-005
576.25 3.1116e-005
576.45 2.46519e-005
576.5 2.30284e-005
576.7 3.37674e-005
578.25 3.1116e-005
578.45 2.46519e-005
578.5 2.30284e-005
578.7 3.37674e-005
580.25 3.1116e-005
580.255 3.1116e-005
580.45 2.46519e-005
580.455 2.46519e-005
580.5 2.30284e-005
580.505 2.30284e-005
580.7 3.37674e-005
580.705 3.37674e-005
582.25 3.1116e-005
582.4 5.30057e-005
582.45 2.46519e-005
582.5 2.30284e-005
582.7 3.37674e-005
584.25 3.1116e-005
584.45 2.46519e-005
584.5 2.30284e-005
584.7 3.37674e-005
585.255 3.1116e-005
585.455 2.46519e-005
585.505 2.30284e-005
585.705 3.37674e-005
586.25 3.1116e-005
586.45 2.46519e-005
586.5 2.30284e-005
586.7 3.37674e-005
588.25 3.1116e-005
588.4 5.30057e-005
588.45 2.46519e-005
588.5 2.30284e-005
588.7 3.37674e-005
590.25 3.1116e-005
590.255 3.1116e-005
590.405 5.30057e-005
590.45 2.46519e-005
590.455 2.46519e-005
590.5 2.30284e-005
590.505 2.30284e-005
590.7 3.37674e-005
590.705 3.37674e-005
592.25 3.1116e-005
592.45 2.46519e-005
592.5 2.30284e-005
592.7 3.37674e-005
594.25 3.1116e-005
594.45 2.46519e-005
594.5 2.30284e-005
594.7 3.37674e-005
595.255 3.1116e-005
595.455 2.46519e-005
595.505 2.30284e-005
595.705 3.37674e-005
596.25 3.1116e-005
596.45 2.46519e-005
596.5 2.30284e-005
596.7 3.37674e-005
598.25 3.1116e-005
598.45 2.46519e-005
598.5 2.30284e-005
598.7 3.37674e-005
600.25 3.1116e-005
600.255 3.1116e-005
600.405 5.30057e-005
600.45 2.46519e-005
600.455 2.46519e-005
600.5 2.30284e-005
600.505 2.30284e-005
600.7 3.37674e-005
600.705 3.37674e-005
602.25 3.1116e-005
602.45 2.46519e-005
602.5 2.30284e-005
602.7 3.37674e-005
604.25 3.1116e-005
604.45 2.46519e-005
604.5 2.30284e-005
604.7 3.37674e-005
605.255 3.1116e-005
605.455 2.46519e-005
605.505 2.30284e-005
605.705 3.37674e-005
606.25 3.1116e-005
606.45 2.46519e-005
606.5 2.30284e-005
606.7 3.37674e-005
608.25 3.1116e-005
608.45 2.46519e-005
608.5 2.30284e-005
608.7 3.37674e-005
610.25 3.1116e-005
610.255 3.1116e-005
610.405 5.30057e-005
610.45 2.46519e-005
610.455 2.46519e-005
610.5 2.30284e-005
610.505 2.30284e-005
610.7 3.37674e-005
610.705 3.37674e-005
612.25 3.1116e-005
612.4 5.30057e-005
612.45 2.46519e-005
612.5 2.30284e-005
612.7 3.37674e-005
614.25 3.1116e-005
614.4 5.30057e-005
614.45 2.46519e-005
614.5 2.30284e-005
614.7 3.37674e-005
615.255 3.1116e-005
615.405 5.30057e-005
615.455 2.46519e-005
615.505 2.30284e-005
615.705 3.37674e-005
616.25 3.1116e-005
616.45 2.46519e-005
616.5 2.30284e-005
616.7 3.37674e-005
618.25 3.1116e-005
618.45 2.46519e-005
618.5 2.30284e-005
618.7 3.37674e-005
620.25 3.1116e-005
620.255 3.1116e-005
620.4 5.30057e-005
620.405 5.30057e-005
620.45 2.46519e-005
620.455 2.46519e-005
620.5 2.30284e-005
620.505 2.30284e-005
620.7 3.37674e-005
620.705 3.37674e-005
622.25 3.1116e-005
622.4 5.30057e-005
622.45 2.46519e-005
622.5 2.30284e-005
622.7 3.37674e-005
624.25 3.1116e-005
624.45 2.46519e-005
624.5 2.30284e-005
624.7 3.37674e-005
625.255 3.1116e-005
625.455 2.46519e-005
625.505 2.30284e-005
625.705 3.37674e-005
626.25 3.1116e-005
626.45 2.46519e-005
626.5 2.30284e-005
626.7 3.37674e-005
628.25 3.1116e-005
628.45 2.46519e-005
628.5 2.30284e-005
628.7 3.37674e-005
630.25 3.1116e-005
630.255 3.1116e-005
630.4 5.30057e-005
630.45 2.46519e-005
630.455 2.46519e-005
630.5 2.30284e-005
630.505 2.30284e-005
630.7 3.37674e-005
630.705 3.37674e-005
632.25 3.1116e-005
632.45 2.46519e-005
632.5 2.30284e-005
632.7 3.37674e-005
634.25 3.1116e-005
634.45 2.46519e-005
634.5 2.30284e-005
634.7 3.37674e-005
635.255 3.1116e-005
635.455 2.46519e-005
635.505 2.30284e-005
635.705 3.37674e-005
636.25 3.1116e-005
636.45 2.46519e-005
636.5 2.30284e-005
636.7 3.37674e-005
638.25 3.1116e-005
638.45 2.46519e-005
638.5 2.30284e-005
638.7 3.37674e-005
640.25 3.1116e-005
640.255 3.1116e-005
640.45 2.46519e-005
640.455 2.46519e-005
640.5 2.30284e-005
640.505 2.30284e-005
640.7 3.37674e-005
640.705 3.37674e-005
642.25 3.1116e-005
642.45 2.46519e-005
642.5 2.30284e-005
642.7 3.37674e-005
644.25 3.1116e-005
644.45 2.46519e-005
644.5 2.30284e-005
644.7 3.37674e-005
645.255 3.1116e-005
645.455 2.46519e-005
645.505 2.30284e-005
645.705 3.37674e-005
646.25 3.1116e-005
646.45 2.46519e-005
646.5 2.30284e-005
646.7 3.37674e-005
648.25 3.1116e-005
648.45 2.46519e-005
648.5 2.30284e-005
648.7 3.37674e-005
650.25 3.1116e-005
650.255 3.1116e-005
650.405 5.30057e-005
650.45 2.46519e-005
650.455 2.46519e-005
650.5 2.30284e-005
650.505 2.30284e-005
650.7 3.37674e-005
650.705 3.37674e-005
652.25 3.1116e-005
652.45 2.46519e-005
652.5 2.30284e-005
652.7 3.37674e-005
654.25 3.1116e-005
654.45 2.46519e-005
654.5 2.30284e-005
654.7 3.37674e-005
655.255 3.1116e-005
655.455 2.46519e-005
655.505 2.30284e-005
655.705 3.37674e-005
656.25 3.1116e-005
656.4 5.30057e-005
656.45 2.46519e-005
656.5 2.30284e-005
656.7 3.37674e-005
658.25 3.1116e-005
658.45 2.46519e-005
658.5 2.30284e-005
658.7 3.37674e-005
660.25 3.1116e-005
660.255 3.1116e-005
660.405 5.30057e-005
660.45 2.46519e-005
660.455 2.46519e-005
660.5 2.30284e-005
660.505 2.30284e-005
660.7 3.37674e-005
660.705 3.37674e-005
662.25 3.1116e-005
662.45 2.46519e-005
662.5 2.30284e-005
662.7 3.37674e-005
664.25 3.1116e-005
664.4 5.30057e-005
664.45 2.46519e-005
664.5 2.30284e-005
664.7 3.37674e-005
665.255 3.1116e-005
665.455 2.46519e-005
665.505 2.30284e-005
665.705 3.37674e-005
666.25 3.1116e-005
666.45 2.46519e-005
666.5 2.30284e-005
666.7 3.37674e-005
668.25 3.1116e-005
668.45 2.46519e-005
668.5 2.30284e-005
668.7 3.37674e-005
670.25 3.1116e-005
670.255 3.1116e-005
670.405 5.30057e-005
670.45 2.46519e-005
670.455 2.46519e-005
670.5 2.30284e-005
670.505 2.30284e-005
670.7 3.37674e-005
670.705 3.37674e-005
672.25 3.1116e-005
672.45 2.46519e-005
672.5 2.30284e-005
672.7 3.37674e-005
674.25 3.1116e-005
674.4 5.30057e-005
674.45 2.46519e-005
674.5 2.30284e-005
674.7 3.37674e-005
675.255 3.1116e-005
675.405 5.30057e-005
675.455 2.46519e-005
675.505 2.30284e-005
675.705 3.37674e-005
676.25 3.1116e-005
676.4 5.30057e-005
676.45 2.46519e-005
676.5 2.30284e-005
676.7 3.37674e-005
678.25 3.1116e-005
678.45 2.46519e-005
678.5 2.30284e-005
678.7 3.37674e-005
680.25 3.1116e-005
680.255 3.1116e-005
680.405 5.30057e-005
680.45 2.46519e-005
680.455 2.46519e-005
680.5 2.30284e-005
680.505 2.30284e-005
680.7 3.37674e-005
680.705 3.37674e-005
682.25 3.1116e-005
682.45 2.46519e-005
682.5 2.30284e-005
682.7 3.37674e-005
684.25 3.1116e-005
684.45 2.46519e-005
684.5 2.30284e-005
684.7 3.37674e-005
685.255 3.1116e-005
685.405 5.30057e-005
685.455 2.46519e-005
685.505 2.30284e-005
685.705 3.37674e-005
686.25 3.1116e-005
686.45 2.46519e-005
686.5 2.30284e-005
686.7 3.37674e-005
688.25 3.1116e-005
688.45 2.46519e-005
688.5 2.30284e-005
688.7 3.37674e-005
690.25 3.1116e-005
690.255 3.1116e-005
690.405 5.30057e-005
690.45 2.46519e-005
690.455 2.46519e-005
690.5 2.30284e-005
690.505 2.30284e-005
690.7 3.37674e-005
690.705 3.37674e-005
692.25 3.1116e-005
692.45 2.46519e-005
692.5 2.30284e-005
692.7 3.37674e-005
694.25 3.1116e-005
694.45 2.46519e-005
694.5 2.30284e-005
694.7 3.37674e-005
695.255 3.1116e-005
695.455 2.46519e-005
695.505 2.30284e-005
695.705 3.37674e-005
696.25 3.1116e-005
696.45 2.46519e-005
696.5 2.30284e-005
696.7 3.37674e-005
698.25 3.1116e-005
698.4 5.30057e-005
698.45 2.46519e-005
698.5 2.30284e-005
698.7 3.37674e-005
700.25 3.1116e-005
700.255 3.1116e-005
700.45 2.46519e-005
700.455 2.46519e-005
700.5 2.30284e-005
700.505 2.30284e-005
700.7 3.37674e-005
700.705 3.37674e-005
702.25 3.1116e-005
702.45 2.46519e-005
702.5 2.30284e-005
702.7 3.37674e-005
704.25 3.1116e-005
704.45 2.46519e-005
704.5 2.30284e-005
704.7 3.37674e-005
705.255 3.1116e-005
705.455 2.46519e-005
705.505 2.30284e-005
705.705 3.37674e-005
706.25 3.1116e-005
706.45 2.46519e-005
706.5 2.30284e-005
706.7 3.37674e-005
708.25 3.1116e-005
708.45 2.46519e-005
708.5 2.30284e-005
708.7 3.37674e-005
710.25 3.1116e-005
710.255 3.1116e-005
710.405 5.30057e-005
710.45 2.46519e-005
710.455 2.46519e-005
710.5 2.30284e-005
710.505 2.30284e-005
710.7 3.37674e-005
710.705 3.37674e-005
712.25 3.1116e-005
712.45 2.46519e-005
712.5 2.30284e-005
712.7 3.37674e-005
714.25 3.1116e-005
714.45 2.46519e-005
714.5 2.30284e-005
714.7 3.37674e-005
715.255 3.1116e-005
715.455 2.46519e-005
715.505 2.30284e-005
715.705 3.37674e-005
716.25 3.1116e-005
716.45 2.46519e-005
716.5 2.30284e-005
716.7 3.37674e-005
718.25 3.1116e-005
718.4 5.30057e-005
718.45 2.46519e-005
718.5 2.30284e-005
718.7 3.37674e-005
720.25 3.1116e-005
720.255 3.1116e-005
720.405 5.30057e-005
720.45 2.46519e-005
720.455 2.46519e-005
720.5 2.30284e-005
720.505 2.30284e-005
720.7 3.37674e-005
720.705 3.37674e-005
722.25 3.1116e-005
722.45 2.46519e-005
722.5 2.30284e-005
722.7 3.37674e-005
724.25 3.1116e-005
724.4 5.30057e-005
724.45 2.46519e-005
724.5 2.30284e-005
724.7 3.37674e-005
725.255 3.1116e-005
725.405 5.30057e-005
725.455 2.46519e-005
725.505 2.30284e-005
725.705 3.37674e-005
726.25 3.1116e-005
726.45 2.46519e-005
726.5 2.30284e-005
726.7 3.37674e-005
728.25 3.1116e-005
728.4 5.30057e-005
728.45 2.46519e-005
728.5 2.30284e-005
728.7 3.37674e-005
730.25 3.1116e-005
730.255 3.1116e-005
730.405 5.30057e-005
730.45 2.46519e-005
730.455 2.46519e-005
730.5 2.30284e-005
730.505 2.30284e-005
730.7 3.37674e-005
730.705 3.37674e-005
732.25 3.1116e-005
732.45 2.46519e-005
732.5 2.30284e-005
732.7 3.37674e-005
734.25 3.1116e-005
734.45 2.46519e-005
734.5 2.30284e-005
734.7 3.37674e-005
735.255 3.1116e-005
735.405 5.30057e-005
735.455 2.46519e-005
735.505 2.30284e-005
735.705 3.37674e-005
736.25 3.1116e-005
736.45 2.46519e-005
736.5 2.30284e-005
736.7 3.37674e-005
738.25 3.1116e-005
738.45 2.46519e-005
738.5 2.30284e-005
738.7 3.37674e-005
740.25 3.1116e-005
740.255 3.1116e-005
740.405 5.30057e-005
740.45 2.46519e-005
740.455 2.46519e-005
740.5 2.30284e-005
740.505 2.30284e-005
740.7 3.37674e-005
740.705 3.37674e-005
742.25 3.1116e-005
742.45 2.46519e-005
742.5 2.30284e-005
742.7 3.37674e-005
744.25 3.1116e-005
744.4 5.30057e-005
744.45 2.46519e-005
744.5 2.30284e-005
744.7 3.37674e-005
745.255 3.1116e-005
745.455 2.46519e-005
745.505 2.30284e-005
745.705 3.37674e-005
746.25 3.1116e-005
746.45 2.46519e-005
746.5 2.30284e-005
746.7 3.37674e-005
748.25 3.1116e-005
748.4 5.30057e-005
748.45 2.46519e-005
748.5 2.30284e-005
748.7 3.37674e-005
750.25 3.1116e-005
750.255 3.1116e-005
750.405 5.30057e-005
750.45 2.46519e-005
750.455 2.46519e-005
750.5 2.30284e-005
750.505 2.30284e-005
750.7 3.37674e-005
750.705 3.37674e-005
752.25 3.1116e-005
752.45 2.46519e-005
752.5 2.30284e-005
752.7 3.37674e-005
754.25 3.1116e-005
754.4 5.30057e-005
754.45 2.46519e-005
754.5 2.30284e-005
754.7 3.37674e-005
755.255 3.1116e-005
755.455 2.46519e-005
755.505 2.30284e-005
755.705 3.37674e-005
756.25 3.1116e-005
756.45 2.46519e-005
756.5 2.30284e-005
756.7 3.37674e-005
758.25 3.1116e-005
758.4 5.30057e-005
758.45 2.46519e-005
758.5 2.30284e-005
758.7 3.37674e-005
760.25 3.1116e-005
760.255 3.1116e-005
760.405 5.30057e-005
760.45 2.46519e-005
760.455 2.46519e-005
760.5 2.30284e-005
760.505 2.30284e-005
760.7 3.37674e-005
760.705 3.37674e-005
762.25 3.1116e-005
762.45 2.46519e-005
762.5 2.30284e-005
762.7 3.37674e-005
764.25 3.1116e-005
764.45 2.46519e-005
764.5 2.30284e-005
764.7 3.37674e-005
765.255 3.1116e-005
765.455 2.46519e-005
765.505 2.30284e-005
765.705 3.37674e-005
766.25 3.1116e-005
766.45 2.46519e-005
766.5 2.30284e-005
766.7 3.37674e-005
768.25 3.1116e-005
768.45 2.46519e-005
768.5 2.30284e-005
768.7 3.37674e-005
770.25 3.1116e-005
770.255 3.1116e-005
770.45 2.46519e-005
770.455 2.46519e-005
770.5 2.30284e-005
770.505 2.30284e-005
770.7 3.37674e-005
770.705 3.37674e-005
772.25 3.1116e-005
772.45 2.46519e-005
772.5 2.30284e-005
772.7 3.37674e-005
774.25 3.1116e-005
774.45 2.46519e-005
774.5 2.30284e-005
774.7 3.37674e-005
775.255 3.1116e-005
775.455 2.46519e-005
775.505 2.30284e-005
775.705 3.37674e-005
776.25 3.1116e-005
776.4 5.30057e-005
776.45 2.46519e-005
776.5 2.30284e-005
776.7 3.37674e-005
778.25 3.1116e-005
778.4 5.30057e-005
778.45 2.46519e-005
778.5 2.30284e-005
778.7 3.37674e-005
780.25 3.1116e-005
780.255 3.1116e-005
780.405 5.30057e-005
780.45 2.46519e-005
780.455 2.46519e-005
780.5 2.30284e-005
780.505 2.30284e-005
780.7 3.37674e-005
780.705 3.37674e-005
782.25 3.1116e-005
782.45 2.46519e-005
782.5 2.30284e-005
782.7 3.37674e-005
784.25 3.1116e-005
784.4 5.30057e-005
784.45 2.46519e-005
784.5 2.30284e-005
784.7 3.37674e-005
785.255 3.1116e-005
785.455 2.46519e-005
785.505 2.30284e-005
785.705 3.37674e-005
786.25 3.1116e-005
786.45 2.46519e-005
786.5 2.30284e-005
786.7 3.37674e-005
788.25 3.1116e-005
788.45 2.46519e-005
788.5 2.30284e-005
788.7 3.37674e-005
790.25 3.1116e-005
790.255 3.1116e-005
790.405 5.30057e-005
790.45 2.46519e-005
790.455 2.46519e-005
790.5 2.30284e-005
790.505 2.30284e-005
790.7 3.37674e-005
790.705 3.37674e-005
792.25 3.1116e-005
792.45 2.46519e-005
792.5 2.30284e-005
792.7 3.37674e-005
794.25 3.1116e-005
794.45 2.46519e-005
794.5 2.30284e-005
794.7 3.37674e-005
795.255 3.1116e-005
795.405 5.30057e-005
795.455 2.46519e-005
795.505 2.30284e-005
795.705 3.37674e-005
796.25 3.1116e-005
796.45 2.46519e-005
796.5 2.30284e-005
796.7 3.37674e-005
798.25 3.1116e-005
798.45 2.46519e-005
798.5 2.30284e-005
798.7 3.37674e-005
800.25 3.1116e-005
800.255 3.1116e-005
800.45 2.46519e-005
800.455 2.46519e-005
800.5 2.30284e-005
800.505 2.30284e-005
800.7 3.37674e-005
800.705 3.37674e-005
802.25 3.1116e-005
802.45 2.46519e-005
802.5 2.30284e-005
802.7 3.37674e-005
804.25 3.1116e-005
804.45 2.46519e-005
804.5 2.30284e-005
804.7 3.37674e-005
805.255 3.1116e-005
805.455 2.46519e-005
805.505 2.30284e-005
805.705 3.37674e-005
806.25 3.1116e-005
806.4 5.30057e-005
806.45 2.46519e-005
806.5 2.30284e-005
806.7 3.37674e-005
808.25 3.1116e-005
808.4 5.30057e-005
808.45 2.46519e-005
808.5 2.30284e-005
808.7 3.37674e-005
810.25 3.1116e-005
810.255 3.1116e-005
810.405 5.30057e-005
810.45 2.46519e-005
810.455 2.46519e-005
810.5 2.30284e-005
810.505 2.30284e-005
810.7 3.37674e-005
810.705 3.37674e-005
812.25 3.1116e-005
812.45 2.46519e-005
812.5 2.30284e-005
812.7 3.37674e-005
814.25 3.1116e-005
814.45 2.46519e-005
814.5 2.30284e-005
814.7 3.37674e-005
815.255 3.1116e-005
815.405 5.30057e-005
815.455 2.46519e-005
815.505 2.30284e-005
815.705 3.37674e-005
816.25 3.1116e-005
816.45 2.46519e-005
816.5 2.30284e-005
816.7 3.37674e-005
818.25 3.1116e-005
818.45 2.46519e-005
818.5 2.30284e-005
818.7 3.37674e-005
820.25 3.1116e-005
820.255 3.1116e-005
820.405 5.30057e-005
820.45 2.46519e-005
820.455 2.46519e-005
820.5 2.30284e-005
820.505 2.30284e-005
820.7 3.37674e-005
820.705 3.37674e-005
822.25 3.1116e-005
822.45 2.46519e-005
822.5 2.30284e-005
822.7 3.37674e-005
824.25 3.1116e-005
824.45 2.46519e-005
824.5 2.30284e-005
824.7 3.37674e-005
825.255 3.1116e-005
825.455 2.46519e-005
825.505 2.30284e-005
825.705 3.37674e-005
826.25 3.1116e-005
826.45 2.46519e-005
826.5 2.30284e-005
826.7 3.37674e-005
828.25 3.1116e-005
828.45 2.46519e-005
828.5 2.30284e-005
828.7 3.37674e-005
830.25 3.1116e-005
830.255 3.1116e-005
830.45 2.46519e-005
830.455 2.46519e-005
830.5 2.30284e-005
830.505 2.30284e-005
830.7 3.37674e-005
830.705 3.37674e-005
832.25 3.1116e-005
832.45 2.46519e-005
832.5 2.30284e-005
832.7 3.37674e-005
834.25 3.1116e-005
834.45 2.46519e-005
834.5 2.30284e-005
834.7 3.37674e-005
835.255 3.1116e-005
835.455 2.46519e-005
835.505 2.30284e-005
835.705 3.37674e-005
836.25 3.1116e-005
836.4 5.30057e-005
836.45 2.46519e-005
836.5 2.30284e-005
836.7 3.37674e-005
838.25 3.1116e-005
838.45 2.46519e-005
838.5 2.30284e-005
838.7 3.37674e-005
840.25 3.1116e-005
840.255 3.1116e-005
840.45 2.46519e-005
840.455 2.46519e-005
840.5 2.30284e-005
840.505 2.30284e-005
840.7 3.37674e-005
840.705 3.37674e-005
842.25 3.1116e-005
842.45 2.46519e-005
842.5 2.30284e-005
842.7 3.37674e-005
844.25 3.1116e-005
844.4 5.30057e-005
844.45 2.46519e-005
844.5 2.30284e-005
844.7 3.37674e-005
845.255 3.1116e-005
845.455 2.46519e-005
845.505 2.30284e-005
845.705 3.37674e-005
846.25 3.1116e-005
846.45 2.46519e-005
846.5 2.30284e-005
846.7 3.37674e-005
848.25 3.1116e-005
848.45 2.46519e-005
848.5 2.30284e-005
848.7 3.37674e-005
850.25 3.1116e-005
850.255 3.1116e-005
850.45 2.46519e-005
850.455 2.46519e-005
850.5 2.30284e-005
850.505 2.30284e-005
850.7 3.37674e-005
850.705 3.37674e-005
852.25 3.1116e-005
852.45 2.46519e-005
852.5 2.30284e-005
852.7 3.37674e-005
854.25 3.1116e-005
854.45 2.46519e-005
854.5 2.30284e-005
854.7 3.37674e-005
855.255 3.1116e-005
855.455 2.46519e-005
855.505 2.30284e-005
855.705 3.37674e-005
856.25 3.1116e-005
856.4 5.30057e-005
856.45 2.46519e-005
856.5 2.30284e-005
856.7 3.37674e-005
858.25 3.1116e-005
858.45 2.46519e-005
858.5 2.30284e-005
858.7 3.37674e-005
860.25 3.1116e-005
860.255 3.1116e-005
860.405 5.30057e-005
860.45 2.46519e-005
860.455 2.46519e-005
860.5 2.30284e-005
860.505 2.30284e-005
860.7 3.37674e-005
860.705 3.37674e-005
862.25 3.1116e-005
862.45 2.46519e-005
862.5 2.30284e-005
862.7 3.37674e-005
864.25 3.1116e-005
864.45 2.46519e-005
864.5 2.30284e-005
864.7 3.37674e-005
865.255 3.1116e-005
865.455 2.46519e-005
865.505 2.30284e-005
865.705 3.37674e-005
866.25 3.1116e-005
866.45 2.46519e-005
866.5 2.30284e-005
866.7 3.37674e-005
868.25 3.1116e-005
868.45 2.46519e-005
868.5 2.30284e-005
868.7 3.37674e-005
870.25 3.1116e-005
870.255 3.1116e-005
870.405 5.30057e-005
870.45 2.46519e-005
870.455 2.46519e-005
870.5 2.30284e-005
870.505 2.30284e-005
870.7 3.37674e-005
870.705 3.37674e-005
872.25 3.1116e-005
872.45 2.46519e-005
872.5 2.30284e-005
872.7 3.37674e-005
874.25 3.1116e-005
874.4 5.30057e-005
874.45 2.46519e-005
874.5 2.30284e-005
874.7 3.37674e-005
875.255 3.1116e-005
875.455 2.46519e-005
875.505 2.30284e-005
875.705 3.37674e-005
876.25 3.1116e-005
876.45 2.46519e-005
876.5 2.30284e-005
876.7 3.37674e-005
878.25 3.1116e-005
878.45 2.46519e-005
878.5 2.30284e-005
878.7 3.37674e-005
880.25 3.1116e-005
880.255 3.1116e-005
880.405 5.30057e-005
880.45 2.46519e-005
880.455 2.46519e-005
880.5 2.30284e-005
880.505 2.30284e-005
880.7 3.37674e-005
880.705 3.37674e-005
882.25 3.1116e-005
882.45 2.46519e-005
882.5 2.30284e-005
882.7 3.37674e-005
884.25 3.1116e-005
884.45 2.46519e-005
884.5 2.30284e-005
884.7 3.37674e-005
885.255 3.1116e-005
885.455 2.46519e-005
885.505 2.30284e-005
885.705 3.37674e-005
886.25 3.1116e-005
886.45 2.46519e-005
886.5 2.30284e-005
886.7 3.37674e-005
888.25 3.1116e-005
888.4 5.30057e-005
888.45 2.46519e-005
888.5 2.30284e-005
888.7 3.37674e-005
890.25 3.1116e-005
890.255 3.1116e-005
890.405 5.30057e-005
890.45 2.46519e-005
890.455 2.46519e-005
890.5 2.30284e-005
890.505 2.30284e-005
890.7 3.37674e-005
890.705 3.37674e-005
892.25 3.1116e-005
892.45 2.46519e-005
892.5 2.30284e-005
892.7 3.37674e-005
894.25 3.1116e-005
894.45 2.46519e-005
894.5 2.30284e-005
894.7 3.37674e-005
895.255 3.1116e-005
895.455 2.46519e-005
895.505 2.30284e-005
895.705 3.37674e-005
896.25 3.1116e-005
896.45 2.46519e-005
896.5 2.30284e-005
896.7 3.37674e-005
898.25 3.1116e-005
898.45 2.46519e-005
898.5 2.30284e-005
898.7 3.37674e-005
900.25 3.1116e-005
900.255 3.1116e-005
900.4 5.30057e-005
900.45 2.46519e-005
900.455 2.46519e-005
900.5 2.30284e-005
900.505 2.30284e-005
900.7 3.37674e-005
900.705 3.37674e-005
902.25 3.1116e-005
902.45 2.46519e-005
902.5 2.30284e-005
902.7 3.37674e-005
904.25 3.1116e-005
904.45 2.46519e-005
904.5 2.30284e-005
904.7 3.37674e-005
905.255 3.1116e-005
905.455 2.46519e-005
905.505 2.30284e-005
905.705 3.37674e-005
906.25 3.1116e-005
906.45 2.46519e-005
906.5 2.30284e-005
906.7 3.37674e-005
908.25 3.1116e-005
908.45 2.46519e-005
908.5 2.30284e-005
908.7 3.37674e-005
910.25 3.1116e-005
910.255 3.1116e-005
910.405 5.30057e-005
910.45 2.46519e-005
910.455 2.46519e-005
910.5 2.30284e-005
910.505 2.30284e-005
910.7 3.37674e-005
910.705 3.37674e-005
912.25 3.1116e-005
912.45 2.46519e-005
912.5 2.30284e-005
912.7 3.37674e-005
914.25 3.1116e-005
914.45 2.46519e-005
914.5 2.30284e-005
914.7 3.37674e-005
915.255 3.1116e-005
915.455 2.46519e-005
915.505 2.30284e-005
915.705 3.37674e-005
916.25 3.1116e-005
916.45 2.46519e-005
916.5 2.30284e-005
916.7 3.37674e-005
918.25 3.1116e-005
918.45 2.46519e-005
918.5 2.30284e-005
918.7 3.37674e-005
920.25 3.1116e-005
920.255 3.1116e-005
920.45 2.46519e-005
920.455 2.46519e-005
920.5 2.30284e-005
920.505 2.30284e-005
920.7 3.37674e-005
920.705 3.37674e-005
922.25 3.1116e-005
922.45 2.46519e-005
922.5 2.30284e-005
922.7 3.37674e-005
924.25 3.1116e-005
924.45 2.46519e-005
924.5 2.30284e-005
924.7 3.37674e-005
925.255 3.1116e-005
925.455 2.46519e-005
925.505 2.30284e-005
925.705 3.37674e-005
926.25 3.1116e-005
926.45 2.46519e-005
926.5 2.30284e-005
926.7 3.37674e-005
928.25 3.1116e-005
928.45 2.46519e-005
928.5 2.30284e-005
928.7 3.37674e-005
930.25 3.1116e-005
930.255 3.1116e-005
930.405 5.30057e-005
930.45 2.46519e-005
930.455 2.46519e-005
930.5 2.30284e-005
930.505 2.30284e-005
930.7 3.37674e-005
930.705 3.37674e-005
932.25 3.1116e-005
932.45 2.46519e-005
932.5 2.30284e-005
932.7 3.37674e-005
934.25 3.1116e-005
934.45 2.46519e-005
934.5 2.30284e-005
934.7 3.37674e-005
935.255 3.1116e-005
935.405 5.30057e-005
935.455 2.46519e-005
935.505 2.30284e-005
935.705 3.37674e-005
936.25 3.1116e-005
936.45 2.46519e-005
936.5 2.30284e-005
936.7 3.37674e-005
938.25 3.1116e-005
938.45 2.46519e-005
938.5 2.30284e-005
938.7 3.37674e-005
940.25 3.1116e-005
940.255 3.1116e-005
940.45 2.46519e-005
940.455 2.46519e-005
940.5 2.30284e-005
940.505 2.30284e-005
940.7 3.37674e-005
940.705 3.37674e-005
942.25 3.1116e-005
942.45 2.46519e-005
942.5 2.30284e-005
942.7 3.37674e-005
944.25 3.1116e-005
944.45 2.46519e-005
944.5 2.30284e-005
944.7 3.37674e-005
945.255 3.1116e-005
945.455 2.46519e-005
945.505 2.30284e-005
945.705 3.37674e-005
946.25 3.1116e-005
946.45 2.46519e-005
946.5 2.30284e-005
946.7 3.37674e-005
948.25 3.1116e-005
948.45 2.46519e-005
948.5 2.30284e-005
948.7 3.37674e-005
950.25 3.1116e-005
950.255 3.1116e-005
950.405 5.30057e-005
950.45 2.46519e-005
950.455 2.46519e-005
950.5 2.30284e-005
950.505 2.30284e-005
950.7 3.37674e-005
950.705 3.37674e-005
952.25 3.1116e-005
952.45 2.46519e-005
952.5 2.30284e-005
952.7 3.37674e-005
954.25 3.1116e-005
954.45 2.46519e-005
954.5 2.30284e-005
954.7 3.37674e-005
955.255 3.1116e-005
955.455 2.46519e-005
955.505 2.30284e-005
955.705 3.37674e-005
956.25 3.1116e-005
956.4 5.30057e-005
956.45 2.46519e-005
956.5 2.30284e-005
956.7 3.37674e-005
958.25 3.1116e-005
958.45 2.46519e-005
958.5 2.30284e-005
958.7 3.37674e-005
960.25 3.1116e-005
960.255 3.1116e-005
960.405 5.30057e-005
960.45 2.46519e-005
960.455 2.46519e-005
960.5 2.30284e-005
960.505 2.30284e-005
960.7 3.37674e-005
960.705 3.37674e-005
962.25 3.1116e-005
962.45 2.46519e-005
962.5 2.30284e-005
962.7 3.37674e-005
964.25 3.1116e-005
964.45 2.46519e-005
964.5 2.30284e-005
964.7 3.37674e-005
965.255 3.1116e-005
965.455 2.46519e-005
965.505 2.30284e-005
965.705 3.37674e-005
966.25 3.1116e-005
966.4 5.30057e-005
966.45 2.46519e-005
966.5 2.30284e-005
966.7 3.37674e-005
968.25 3.1116e-005
968.45 2.46519e-005
968.5 2.30284e-005
968.7 3.37674e-005
970.25 3.1116e-005
970.255 3.1116e-005
970.405 5.30057e-005
970.45 2.46519e-005
970.455 2.46519e-005
970.5 2.30284e-005
970.505 2.30284e-005
970.7 3.37674e-005
970.705 3.37674e-005
972.25 3.1116e-005
972.45 2.46519e-005
972.5 2.30284e-005
972.7 3.37674e-005
974.25 3.1116e-005
974.45 2.46519e-005
974.5 2.30284e-005
974.7 3.37674e-005
975.255 3.1116e-005
975.455 2.46519e-005
975.505 2.30284e-005
975.705 3.37674e-005
976.25 3.1116e-005
976.45 2.46519e-005
976.5 2.30284e-005
976.7 3.37674e-005
978.25 3.1116e-005
978.45 2.46519e-005
978.5 2.30284e-005
978.7 3.37674e-005
980.25 3.1116e-005
980.255 3.1116e-005
980.405 5.30057e-005
980.45 2.46519e-005
980.455 2.46519e-005
980.5 2.30284e-005
980.505 2.30284e-005
980.7 3.37674e-005
980.705 3.37674e-005
982.25 3.1116e-005
982.45 2.46519e-005
982.5 2.30284e-005
982.7 3.37674e-005
984.25 3.1116e-005
984.45 2.46519e-005
984.5 2.30284e-005
984.7 3.37674e-005
985.255 3.1116e-005
985.455 2.46519e-005
985.505 2.30284e-005
985.705 3.37674e-005
986.25 3.1116e-005
986.45 2.46519e-005
986.5 2.30284e-005
986.7 3.37674e-005
988.25 3.1116e-005
988.45 2.46519e-005
988.5 2.30284e-005
988.7 3.37674e-005
990.25 3.1116e-005
990.255 3.1116e-005
990.45 2.46519e-005
990.455 2.46519e-005
990.5 2.30284e-005
990.505 2.30284e-005
990.7 3.37674e-005
990.705 3.37674e-005
992.25 3.1116e-005
992.45 2.46519e-005
992.5 2.30284e-005
992.7 3.37674e-005
994.25 3.1116e-005
994.4 5.30057e-005
994.45 2.46519e-005
994.5 2.30284e-005
994.7 3.37674e-005
995.255 3.1116e-005
995.455 2.46519e-005
995.505 2.30284e-005
995.705 3.37674e-005
996.25 3.1116e-005
996.45 2.46519e-005
996.5 2.30284e-005
996.7 3.37674e-005
998.25 3.1116e-005
998.45 2.46519e-005
998.5 2.30284e-005
998.7 3.37674e-005
1000.25 3.1116e-005
1000.26 3.1116e-005
1000.41 5.30057e-005
1000.45 2.46519e-005
1000.46 2.46519e-005
1000.5 2.30284e-005
1000.51 2.30284e-005
1000.7 3.37674e-005
1000.71 3.37674e-005
1002.25 3.1116e-005
1002.4 5.30057e-005
1002.45 2.46519e-005
1002.5 2.30284e-005
1002.7 3.37674e-005
1004.25 3.1116e-005
1004.45 2.46519e-005
1004.5 2.30284e-005
1004.7 3.37674e-005
1005.26 3.1116e-005
1005.46 2.46519e-005
1005.51 2.30284e-005
1005.71 3.37674e-005
1006.25 3.1116e-005
1006.45 2.46519e-005
1006.5 2.30284e-005
1006.7 3.37674e-005
1008.25 3.1116e-005
1008.4 5.30057e-005
1008.45 2.46519e-005
1008.5 2.30284e-005
1008.7 3.37674e-005
1010.25 3.1116e-005
1010.26 3.1116e-005
1010.4 5.30057e-005
1010.45 2.46519e-005
1010.46 2.46519e-005
1010.5 2.30284e-005
1010.51 2.30284e-005
1010.7 3.37674e-005
1010.71 3.37674e-005
1012.25 3.1116e-005
1012.45 2.46519e-005
1012.5 2.30284e-005
1012.7 3.37674e-005
1014.25 3.1116e-005
1014.45 2.46519e-005
1014.5 2.30284e-005
1014.7 3.37674e-005
1015.26 3.1116e-005
1015.46 2.46519e-005
1015.51 2.30284e-005
1015.71 3.37674e-005
1016.25 3.1116e-005
1016.45 2.46519e-005
1016.5 2.30284e-005
1016.7 3.37674e-005
1018.25 3.1116e-005
1018.45 2.46519e-005
1018.5 2.30284e-005
1018.7 3.37674e-005
1020.25 3.1116e-005
1020.26 3.1116e-005
1020.45 2.46519e-005
1020.46 2.46519e-005
1020.5 2.30284e-005
1020.51 2.30284e-005
1020.7 3.37674e-005
1020.71 3.37674e-005
1022.25 3.1116e-005
1022.45 2.46519e-005
1022.5 2.30284e-005
1022.7 3.37674e-005
1024.25 3.1116e-005
1024.45 2.46519e-005
1024.5 2.30284e-005
1024.7 3.37674e-005
1025.26 3.1116e-005
1025.41 5.30057e-005
1025.46 2.46519e-005
1025.51 2.30284e-005
1025.71 3.37674e-005
1026.25 3.1116e-005
1026.45 2.46519e-005
1026.5 2.30284e-005
1026.7 3.37674e-005
1028.25 3.1116e-005
1028.45 2.46519e-005
1028.5 2.30284e-005
1028.7 3.37674e-005
1030.25 3.1116e-005
1030.26 3.1116e-005
1030.41 5.30057e-005
1030.45 2.46519e-005
1030.46 2.46519e-005
1030.5 2.30284e-005
1030.51 2.30284e-005
1030.7 3.37674e-005
1030.71 3.37674e-005
1032.25 3.1116e-005
1032.45 2.46519e-005
1032.5 2.30284e-005
1032.7 3.37674e-005
1034.25 3.1116e-005
1034.45 2.46519e-005
1034.5 2.30284e-005
1034.7 3.37674e-005
1035.26 3.1116e-005
1035.46 2.46519e-005
1035.51 2.30284e-005
1035.71 3.37674e-005
1036.25 3.1116e-005
1036.4 5.30057e-005
1036.45 2.46519e-005
1036.5 2.30284e-005
1036.7 3.37674e-005
1038.25 3.1116e-005
1038.45 2.46519e-005
1038.5 2.30284e-005
1038.7 3.37674e-005
1040.25 3.1116e-005
1040.26 3.1116e-005
1040.41 5.30057e-005
1040.45 2.46519e-005
1040.46 2.46519e-005
1040.5 2.30284e-005
1040.51 2.30284e-005
1040.7 3.37674e-005
1040.71 3.37674e-005
1042.25 3.1116e-005
1042.45 2.46519e-005
1042.5 2.30284e-005
1042.7 3.37674e-005
1044.25 3.1116e-005
1044.4 5.30057e-005
1044.45 2.46519e-005
1044.5 2.30284e-005
1044.7 3.37674e-005
1045.26 3.1116e-005
1045.46 2.46519e-005
1045.51 2.30284e-005
1045.71 3.37674e-005
1046.25 3.1116e-005
1046.45 2.46519e-005
1046.5 2.30284e-005
1046.7 3.37674e-005
1048.25 3.1116e-005
1048.45 2.46519e-005
1048.5 2.30284e-005
1048.7 3.37674e-005
1050.25 3.1116e-005
1050.26 3.1116e-005
1050.4 5.30057e-005
1050.41 5.30057e-005
1050.45 2.46519e-005
1050.46 2.46519e-005
1050.5 2.30284e-005
1050.51 2.30284e-005
1050.7 3.37674e-005
1050.71 3.37674e-005
1052.25 3.1116e-005
1052.4 5.30057e-005
1052.45 2.46519e-005
1052.5 2.30284e-005
1052.7 3.37674e-005
1054.25 3.1116e-005
1054.4 5.30057e-005
1054.45 2.46519e-005
1054.5 2.30284e-005
1054.7 3.37674e-005
1055.26 3.1116e-005
1055.46 2.46519e-005
1055.51 2.30284e-005
1055.71 3.37674e-005
1056.25 3.1116e-005
1056.45 2.46519e-005
1056.5 2.30284e-005
1056.7 3.37674e-005
1058.25 3.1116e-005
1058.4 5.30057e-005
1058.45 2.46519e-005
1058.5 2.30284e-005
1058.7 3.37674e-005
1060.25 3.1116e-005
1060.26 3.1116e-005
1060.41 5.30057e-005
1060.45 2.46519e-005
1060.46 2.46519e-005
1060.5 2.30284e-005
1060.51 2.30284e-005
1060.7 3.37674e-005
1060.71 3.37674e-005
1062.25 3.1116e-005
1062.45 2.46519e-005
1062.5 2.30284e-005
1062.7 3.37674e-005
1064.25 3.1116e-005
1064.45 2.46519e-005
1064.5 2.30284e-005
1064.7 3.37674e-005
1065.26 3.1116e-005
1065.41 5.30057e-005
1065.46 2.46519e-005
1065.51 2.30284e-005
1065.71 3.37674e-005
1066.25 3.1116e-005
1066.45 2.46519e-005
1066.5 2.30284e-005
1066.7 3.37674e-005
1068.25 3.1116e-005
1068.4 5.30057e-005
1068.45 2.46519e-005
1068.5 2.30284e-005
1068.7 3.37674e-005
1070.25 3.1116e-005
1070.26 3.1116e-005
1070.41 5.30057e-005
1070.45 2.46519e-005
1070.46 2.46519e-005
1070.5 2.30284e-005
1070.51 2.30284e-005
1070.7 3.37674e-005
1070.71 3.37674e-005
1072.25 3.1116e-005
1072.45 2.46519e-005
1072.5 2.30284e-005
1072.7 3.37674e-005
1074.25 3.1116e-005
1074.45 2.46519e-005
1074.5 2.30284e-005
1074.7 3.37674e-005
1075.26 3.1116e-005
1075.41 5.30057e-005
1075.46 2.46519e-005
1075.51 2.30284e-005
1075.71 3.37674e-005
1076.25 3.1116e-005
1076.45 2.46519e-005
1076.5 2.30284e-005
1076.7 3.37674e-005
1078.25 3.1116e-005
1078.45 2.46519e-005
1078.5 2.30284e-005
1078.7 3.37674e-005
1080.25 3.1116e-005
1080.26 3.1116e-005
1080.4 5.30057e-005
1080.45 2.46519e-005
1080.46 2.46519e-005
1080.5 2.30284e-005
1080.51 2.30284e-005
1080.7 3.37674e-005
1080.71 3.37674e-005
1082.25 3.1116e-005
1082.45 2.46519e-005
1082.5 2.30284e-005
1082.7 3.37674e-005
1084.25 3.1116e-005
1084.4 5.30057e-005
1084.45 2.46519e-005
1084.5 2.30284e-005
1084.7 3.37674e-005
1085.26 3.1116e-005
1085.46 2.46519e-005
1085.51 2.30284e-005
1085.71 3.37674e-005
1086.25 3.1116e-005
1086.4 5.30057e-005
1086.45 2.46519e-005
1086.5 2.30284e-005
1086.7 3.37674e-005
1088.25 3.1116e-005
1088.45 2.46519e-005
1088.5 2.30284e-005
1088.7 3.37674e-005
1090.25 3.1116e-005
1090.26 3.1116e-005
1090.41 5.30057e-005
1090.45 2.46519e-005
1090.46 2.46519e-005
1090.5 2.30284e-005
1090.51 2.30284e-005
1090.7 3.37674e-005
1090.71 3.37674e-005
1092.25 3.1116e-005
1092.45 2.46519e-005
1092.5 2.30284e-005
1092.7 3.37674e-005
1094.25 3.1116e-005
1094.45 2.46519e-005
1094.5 2.30284e-005
1094.7 3.37674e-005
1095.26 3.1116e-005
1095.41 5.30057e-005
1095.46 2.46519e-005
1095.51 2.30284e-005
1095.71 3.37674e-005
1096.25 3.1116e-005
1096.45 2.46519e-005
1096.5 2.30284e-005
1096.7 3.37674e-005
1098.25 3.1116e-005
1098.4 5.30057e-005
1098.45 2.46519e-005
1098.5 2.30284e-005
1098.7 3.37674e-005
1100.25 3.1116e-005
1100.26 3.1116e-005
1100.41 5.30057e-005
1100.45 2.46519e-005
1100.46 2.46519e-005
1100.5 2.30284e-005
1100.51 2.30284e-005
1100.7 3.37674e-005
1100.71 3.37674e-005
1102.25 3.1116e-005
1102.45 2.46519e-005
1102.5 2.30284e-005
1102.7 3.37674e-005
1104.25 3.1116e-005
1104.45 2.46519e-005
1104.5 2.30284e-005
1104.7 3.37674e-005
1105.26 3.1116e-005
1105.46 2.46519e-005
1105.51 2.30284e-005
1105.71 3.37674e-005
1106.25 3.1116e-005
1106.45 2.46519e-005
1106.5 2.30284e-005
1106.7 3.37674e-005
1108.25 3.1116e-005
1108.45 2.46519e-005
1108.5 2.30284e-005
1108.7 3.37674e-005
1110.25 3.1116e-005
1110.26 3.1116e-005
1110.41 5.30057e-005
1110.45 2.46519e-005
1110.46 2.46519e-005
1110.5 2.30284e-005
1110.51 2.30284e-005
1110.7 3.37674e-005
1110.71 3.37674e-005
1112.25 3.1116e-005
1112.4 5.30057e-005
1112.45 2.46519e-005
1112.5 2.30284e-005
1112.7 3.37674e-005
1114.25 3.1116e-005
1114.4 5.30057e-005
1114.45 2.46519e-005
1114.5 2.30284e-005
1114.7 3.37674e-005
1115.26 3.1116e-005
1115.46 2.46519e-005
1115.51 2.30284e-005
1115.71 3.37674e-005
1116.25 3.1116e-005
1116.45 2.46519e-005
1116.5 2.30284e-005
1116.7 3.37674e-005
1118.25 3.1116e-005
1118.4 5.30057e-005
1118.45 2.46519e-005
1118.5 2.30284e-005
1118.7 3.37674e-005
1120.25 3.1116e-005
1120.26 3.1116e-005
1120.41 5.30057e-005
1120.45 2.46519e-005
1120.46 2.46519e-005
1120.5 2.30284e-005
1120.51 2.30284e-005
1120.7 3.37674e-005
1120.71 3.37674e-005
1122.25 3.1116e-005
1122.45 2.46519e-005
1122.5 2.30284e-005
1122.7 3.37674e-005
1124.25 3.1116e-005
1124.45 2.46519e-005
1124.5 2.30284e-005
1124.7 3.37674e-005
1125.26 3.1116e-005
1125.41 5.30057e-005
1125.46 2.46519e-005
1125.51 2.30284e-005
1125.71 3.37674e-005
1126.25 3.1116e-005
1126.45 2.46519e-005
1126.5 2.30284e-005
1126.7 3.37674e-005
1128.25 3.1116e-005
1128.45 2.46519e-005
1128.5 2.30284e-005
1128.7 3.37674e-005
1130.25 3.1116e-005
1130.26 3.1116e-005
1130.41 5.30057e-005
1130.45 2.46519e-005
1130.46 2.46519e-005
1130.5 2.30284e-005
1130.51 2.30284e-005
1130.7 3.37674e-005
1130.71 3.37674e-005
1132.25 3.1116e-005
1132.4 5.30057e-005
1132.45 2.46519e-005
1132.5 2.30284e-005
1132.7 3.37674e-005
1134.25 3.1116e-005
1134.4 5.30057e-005
1134.45 2.46519e-005
1134.5 2.30284e-005
1134.7 3.37674e-005
1135.26 3.1116e-005
1135.46 2.46519e-005
1135.51 2.30284e-005
1135.71 3.37674e-005
1136.25 3.1116e-005
1136.45 2.46519e-005
1136.5 2.30284e-005
1136.7 3.37674e-005
1138.25 3.1116e-005
1138.45 2.46519e-005
1138.5 2.30284e-005
1138.7 3.37674e-005
1140.25 3.1116e-005
1140.26 3.1116e-005
1140.45 2.46519e-005
1140.46 2.46519e-005
1140.5 2.30284e-005
1140.51 2.30284e-005
1140.7 3.37674e-005
1140.71 3.37674e-005
1142.25 3.1116e-005
1142.45 2.46519e-005
1142.5 2.30284e-005
1142.7 3.37674e-005
1144.25 3.1116e-005
1144.45 2.46519e-005
1144.5 2.30284e-005
1144.7 3.37674e-005
1145.26 3.1116e-005
1145.46 2.46519e-005
1145.51 2.30284e-005
1145.71 3.37674e-005
1146.25 3.1116e-005
1146.45 2.46519e-005
1146.5 2.30284e-005
1146.7 3.37674e-005
1148.25 3.1116e-005
1148.45 2.46519e-005
1148.5 2.30284e-005
1148.7 3.37674e-005
1150.25 3.1116e-005
1150.26 3.1116e-005
1150.45 2.46519e-005
1150.46 2.46519e-005
1150.5 2.30284e-005
1150.51 2.30284e-005
1150.7 3.37674e-005
1150.71 3.37674e-005
1152.25 3.1116e-005
1152.45 2.46519e-005
1152.5 2.30284e-005
1152.7 3.37674e-005
1154.25 3.1116e-005
1154.45 2.46519e-005
1154.5 2.30284e-005
1154.7 3.37674e-005
1155.26 3.1116e-005
1155.46 2.46519e-005
1155.51 2.30284e-005
1155.71 3.37674e-005
1156.25 3.1116e-005
1156.45 2.46519e-005
1156.5 2.30284e-005
1156.7 3.37674e-005
1158.25 3.1116e-005
1158.45 2.46519e-005
1158.5 2.30284e-005
1158.7 3.37674e-005
1160.25 3.1116e-005
1160.26 3.1116e-005
1160.41 5.30057e-005
1160.45 2.46519e-005
1160.46 2.46519e-005
1160.5 2.30284e-005
1160.51 2.30284e-005
1160.7 3.37674e-005
1160.71 3.37674e-005
1162.25 3.1116e-005
1162.45 2.46519e-005
1162.5 2.30284e-005
1162.7 3.37674e-005
1164.25 3.1116e-005
1164.45 2.46519e-005
1164.5 2.30284e-005
1164.7 3.37674e-005
1165.26 3.1116e-005
1165.46 2.46519e-005
1165.51 2.30284e-005
1165.71 3.37674e-005
1166.25 3.1116e-005
1166.45 2.46519e-005
1166.5 2.30284e-005
1166.7 3.37674e-005
1168.25 3.1116e-005
1168.45 2.46519e-005
1168.5 2.30284e-005
1168.7 3.37674e-005
1170.25 3.1116e-005
1170.26 3.1116e-005
1170.45 2.46519e-005
1170.46 2.46519e-005
1170.5 2.30284e-005
1170.51 2.30284e-005
1170.7 3.37674e-005
1170.71 3.37674e-005
1172.25 3.1116e-005
1172.45 2.46519e-005
1172.5 2.30284e-005
1172.7 3.37674e-005
1174.25 3.1116e-005
1174.45 2.46519e-005
1174.5 2.30284e-005
1174.7 3.37674e-005
1175.26 3.1116e-005
1175.46 2.46519e-005
1175.51 2.30284e-005
1175.71 3.37674e-005
1176.25 3.1116e-005
1176.45 2.46519e-005
1176.5 2.30284e-005
1176.7 3.37674e-005
1178.25 3.1116e-005
1178.45 2.46519e-005
1178.5 2.30284e-005
1178.7 3.37674e-005
1180.25 3.1116e-005
1180.26 3.1116e-005
1180.45 2.46519e-005
1180.46 2.46519e-005
1180.5 2.30284e-005
1180.51 2.30284e-005
1180.7 3.37674e-005
1180.71 3.37674e-005
1182.25 3.1116e-005
1182.45 2.46519e-005
1182.5 2.30284e-005
1182.7 3.37674e-005
1184.25 3.1116e-005
1184.4 5.30057e-005
1184.45 2.46519e-005
1184.5 2.30284e-005
1184.7 3.37674e-005
1185.26 3.1116e-005
1185.46 2.46519e-005
1185.51 2.30284e-005
1185.71 3.37674e-005
1186.25 3.1116e-005
1186.45 2.46519e-005
1186.5 2.30284e-005
1186.7 3.37674e-005
1188.25 3.1116e-005
1188.45 2.46519e-005
1188.5 2.30284e-005
1188.7 3.37674e-005
1190.25 3.1116e-005
1190.26 3.1116e-005
1190.41 5.30057e-005
1190.45 2.46519e-005
1190.46 2.46519e-005
1190.5 2.30284e-005
1190.51 2.30284e-005
1190.7 3.37674e-005
1190.71 3.37674e-005
1192.25 3.1116e-005
1192.45 2.46519e-005
1192.5 2.30284e-005
1192.7 3.37674e-005
1194.25 3.1116e-005
1194.45 2.46519e-005
1194.5 2.30284e-005
1194.7 3.37674e-005
1195.26 3.1116e-005
1195.41 5.30057e-005
1195.46 2.46519e-005
1195.51 2.30284e-005
1195.71 3.37674e-005
1196.25 3.1116e-005
1196.45 2.46519e-005
1196.5 2.30284e-005
1196.7 3.37674e-005
1198.25 3.1116e-005
1198.45 2.46519e-005
1198.5 2.30284e-005
1198.7 3.37674e-005
