4.45101e-005 4.00301e-005
0.00504132 4.00367e-005
0.550054 4.54709e-005
0.555047 4.54831e-005
0.600045 3.56114e-005
0.605037 3.56293e-005
0.65006 4.79278e-005
0.655049 4.79288e-005
0.850042 3.24216e-005
0.855034 3.24114e-005
2.00005 4.26977e-005
2.60006 4.27969e-005
2.65007 4.83775e-005
2.85004 2.92825e-005
4.00005 4.53952e-005
4.60006 4.99938e-005
4.65007 4.88804e-005
4.85004 2.84798e-005
5.00505 4.67603e-005
5.65508 4.91526e-005
5.85503 2.90416e-005
6.00006 4.81175e-005
6.85005 3.02004e-005
8.00006 5.08607e-005
8.65007 5.00387e-005
8.85007 3.40642e-005
10.6501 4.93495e-005
10.6551 4.93411e-005
10.85 3.53624e-005
10.855 3.53531e-005
12.0001 4.73443e-005
12.85 3.19544e-005
14.0001 4.14624e-005
14.6501 4.3698e-005
14.85 2.93906e-005
15.005 3.87132e-005
15.6551 4.26839e-005
15.855 2.84957e-005
16.0001 3.6169e-005
16.6501 4.18665e-005
16.8501 2.79045e-005
18.0001 3.17603e-005
18.6001 4.26072e-005
18.6501 4.08276e-005
18.8501 2.76704e-005
20.0001 2.86472e-005
20.005 2.8641e-005
20.6001 3.88613e-005
20.605 3.88603e-005
20.6501 4.00955e-005
20.655 4.00927e-005
20.8501 3.3712e-005
20.855 3.37445e-005
22 2.61832e-005
22.6001 3.87947e-005
22.6501 4.03401e-005
22.8501 4.69425e-005
24.0001 2.37304e-005
24.5501 4.49647e-005
24.6001 3.94272e-005
24.6501 4.3225e-005
25.005 2.25034e-005
25.5551 3.87973e-005
25.6051 3.99999e-005
25.6551 4.55317e-005
26.0001 2.12929e-005
26.5501 3.30961e-005
26.6001 4.07262e-005
26.6501 4.82794e-005
28 1.88763e-005
28.5501 2.4027e-005
28.6001 4.26309e-005
30 1.649e-005
30.005 1.65008e-005
30.5501 1.87529e-005
30.555 1.87303e-005
30.6001 4.25225e-005
30.605 4.25081e-005
32 2.3192e-005
32.55 1.29174e-005
32.6001 3.70516e-005
34 3.23979e-005
34.55 1.71302e-005
34.6001 3.24295e-005
35.005 3.74108e-005
35.555 2.17854e-005
35.6051 3.05516e-005
35.6551 4.22858e-005
36.0001 4.2511e-005
36.5501 2.7045e-005
36.6001 2.90641e-005
36.6501 3.91667e-005
38.55 3.84813e-005
38.6001 2.7422e-005
38.6501 3.28971e-005
40.4001 4.6697e-005
40.4051 4.67046e-005
40.4501 5.12994e-005
40.4551 5.13111e-005
40.5501 4.43228e-005
40.555 4.42977e-005
40.6001 2.81523e-005
40.605 2.81581e-005
40.6501 3.082e-005
40.655 3.08369e-005
42.55 3.45159e-005
42.6001 3.0707e-005
42.6501 3.80692e-005
44.55 2.56117e-005
44.6001 3.36445e-005
44.6501 4.59038e-005
44.8501 4.73662e-005
45.0051 5.08401e-005
45.555 2.18332e-005
45.6051 3.52355e-005
45.6551 4.99761e-005
45.855 4.49179e-005
46.0001 4.83403e-005
46.55 1.89301e-005
46.6001 3.68735e-005
46.8501 4.32333e-005
48.0001 4.34034e-005
48.55 1.72776e-005
48.6001 4.0324e-005
48.8501 4.23915e-005
50 3.86215e-005
50.005 3.86143e-005
50.55 2.08452e-005
50.555 2.08525e-005
50.6001 4.46076e-005
50.605 4.46226e-005
50.8501 4.68853e-005
50.8551 4.69058e-005
52 3.57362e-005
52.5501 2.44074e-005
52.6001 5.10476e-005
54 3.28577e-005
54.55 2.88903e-005
55.005 3.14144e-005
55.555 3.13696e-005
56 2.9988e-005
56.55 3.3931e-005
58 2.71298e-005
58.5501 3.93155e-005
60 2.42874e-005
60.005 2.42897e-005
60.5501 4.0474e-005
60.555 4.04483e-005
62 2.71401e-005
62.5501 3.10939e-005
64 3.2922e-005
64.5501 2.49671e-005
64.6001 4.51294e-005
65.005 3.6525e-005
65.5551 2.39691e-005
65.6051 3.8312e-005
66 4.03943e-005
66.4001 4.70063e-005
66.5501 2.46519e-005
66.6001 3.20676e-005
68.0001 4.87864e-005
68.4001 3.54576e-005
68.4501 4.21368e-005
68.5501 3.03302e-005
68.6 2.2746e-005
68.6501 3.27262e-005
70.4 3.11398e-005
70.405 3.11721e-005
70.4501 3.91582e-005
70.455 3.91909e-005
70.5501 3.64041e-005
70.555 3.64031e-005
70.6001 2.20077e-005
70.605 2.20204e-005
70.65 2.39224e-005
70.655 2.39384e-005
70.7051 4.53322e-005
72 3.74827e-005
72.4001 4.47035e-005
72.5501 3.90477e-005
72.6001 3.374e-005
72.6501 3.09145e-005
74 2.03105e-005
74.5501 4.6748e-005
74.6001 5.14934e-005
74.6501 3.8622e-005
75.005 1.62952e-005
75.6551 4.26446e-005
76 1.87555e-005
76.6501 4.66922e-005
78 3.49672e-005
82.0001 4.01937e-005
84 2.78248e-005
84.5501 4.59292e-005
85.005 2.37918e-005
85.555 4.0131e-005
86 2.23909e-005
86.55 3.56454e-005
88 2.82301e-005
88.55 3.24241e-005
90.0001 4.0755e-005
90.005 4.07357e-005
90.3001 5.05103e-005
90.3051 5.05215e-005
90.5501 3.61399e-005
90.555 3.61455e-005
90.6001 4.60928e-005
90.6051 4.60944e-005
92.0001 3.30548e-005
92.5501 4.12517e-005
92.6001 4.7303e-005
94.0001 2.53867e-005
94.6001 4.95453e-005
95.005 2.15567e-005
95.6051 5.10213e-005
96 1.77927e-005
98 1.04352e-005
100 4.62866e-006
100.005 4.65592e-006
102 1.59991e-005
104 2.75232e-005
104.6 5.22769e-005
104.85 3.86851e-005
105.005 3.33219e-005
105.605 5.0719e-005
105.855 3.27327e-005
106 3.90652e-005
106.6 4.92018e-005
106.85 2.70463e-005
108 5.06129e-005
108.85 1.70865e-005
110.6 4.35529e-005
110.605 4.35487e-005
110.85 1.22861e-005
110.855 1.22805e-005
112.55 5.30196e-005
112.6 4.38583e-005
112.85 1.27649e-005
112.9 4.80171e-005
114.55 5.11548e-005
114.85 1.75918e-005
114.9 4.39284e-005
115.555 5.02178e-005
115.605 5.12173e-005
115.705 5.25964e-005
115.855 2.08301e-005
115.905 4.25635e-005
116.7 4.98358e-005
116.85 2.43011e-005
116.9 4.17308e-005
118.35 4.4542e-005
118.4 4.31906e-005
118.55 4.74259e-005
118.65 4.49867e-005
118.7 4.45508e-005
118.85 3.17199e-005
118.9 4.17243e-005
120.2 5.28142e-005
120.205 5.28063e-005
120.35 3.8011e-005
120.355 3.80198e-005
120.4 3.28053e-005
120.405 3.28004e-005
120.55 4.72571e-005
120.555 4.72678e-005
120.65 4.15684e-005
120.655 4.15456e-005
120.7 4.41043e-005
120.705 4.41241e-005
120.85 3.13972e-005
120.855 3.13697e-005
120.9 4.09465e-005
120.905 4.09372e-005
122.35 4.20088e-005
122.4 3.10518e-005
122.55 5.15899e-005
122.65 3.25393e-005
122.85 2.02739e-005
122.9 3.72167e-005
124.4 2.97188e-005
124.65 2.40413e-005
124.85 9.33284e-006
124.9 3.36565e-005
125.205 4.56428e-005
125.355 4.94372e-005
125.405 2.92266e-005
125.605 3.85563e-005
125.655 2.01856e-005
125.855 4.36086e-006
125.905 3.19495e-005
126.4 2.88647e-005
126.6 3.29739e-005
126.65 1.68959e-005
126.85 3.74219e-006
126.9 3.03258e-005
128.2 4.22165e-005
128.4 2.85325e-005
128.6 2.23848e-005
128.65 1.34634e-005
128.85 1.38471e-005
128.9 2.73089e-005
130.2 4.17057e-005
130.205 4.17343e-005
130.4 2.8802e-005
130.405 2.88038e-005
130.6 1.72243e-005
130.605 1.7233e-005
130.65 1.26143e-005
130.655 1.25996e-005
130.85 2.18343e-005
130.855 2.1844e-005
130.9 2.58806e-005
130.905 2.58815e-005
130.955 5.22914e-005
132.4 2.96892e-005
132.6 2.10153e-005
132.65 1.00127e-005
132.85 2.58081e-005
132.9 2.67479e-005
134.4 3.08184e-005
134.6 2.52121e-005
134.65 1.49348e-005
134.85 2.9875e-005
134.9 2.85486e-005
135.405 3.14692e-005
135.605 2.74163e-005
135.655 1.8797e-005
135.855 3.19426e-005
135.905 2.97561e-005
136.4 3.2164e-005
136.6 2.96428e-005
136.65 2.29675e-005
136.85 3.40016e-005
136.9 3.11213e-005
138.4 3.37001e-005
138.6 3.42167e-005
138.65 3.18375e-005
138.85 3.81687e-005
138.9 3.42926e-005
140.4 3.71407e-005
140.405 3.71677e-005
140.6 4.07892e-005
140.65 4.11374e-005
140.655 4.11618e-005
140.85 4.23152e-005
140.855 4.23254e-005
140.905 4.19807e-005
142.4 4.92034e-005
142.65 5.14051e-005
142.85 4.64194e-005
144.85 5.0543e-005
155.005 4.79572e-005
158.6 3.75428e-005
160 5.19073e-005
160.005 5.19051e-005
160.6 3.01364e-005
160.605 3.01551e-005
160.65 4.19489e-005
160.655 4.19234e-005
162.6 3.77391e-005
162.65 3.3945e-005
162.85 4.19323e-005
164 5.01867e-005
164.6 4.5408e-005
164.65 3.23597e-005
164.85 3.065e-005
165.555 5.1163e-005
165.605 4.92769e-005
165.655 3.44086e-005
165.855 2.71106e-005
166 4.93596e-005
166.55 4.86384e-005
166.65 3.80048e-005
166.85 2.58656e-005
168.55 4.35673e-005
168.85 3.07757e-005
170 4.77774e-005
170.005 4.77714e-005
170.555 4.24698e-005
170.65 5.28607e-005
170.655 5.28303e-005
170.85 3.3795e-005
170.855 3.37778e-005
172.65 4.09921e-005
172.85 2.72968e-005
174 4.40298e-005
174.65 3.05307e-005
174.85 2.22562e-005
175.005 4.34442e-005
175.455 5.11751e-005
175.655 2.6347e-005
175.855 2.06252e-005
176 4.30188e-005
176.45 4.55178e-005
176.65 2.3442e-005
176.85 1.98186e-005
178 4.26453e-005
178.45 3.597e-005
178.65 2.30778e-005
178.85 2.0915e-005
180 4.2926e-005
180.005 4.29173e-005
180.45 3.54753e-005
180.455 3.55204e-005
180.605 5.15275e-005
180.65 2.85474e-005
180.655 2.85594e-005
180.85 2.28599e-005
180.855 2.286e-005
182 3.9863e-005
182.65 3.34067e-005
182.85 2.39113e-005
184 3.77661e-005
184.65 3.8301e-005
184.85 2.67155e-005
185.005 3.71315e-005
185.655 4.07696e-005
185.855 2.86372e-005
186 3.68005e-005
186.55 4.90858e-005
186.6 4.52524e-005
186.65 4.32184e-005
186.85 3.07976e-005
188 3.70549e-005
188.3 5.27299e-005
188.55 3.71796e-005
188.6 4.37564e-005
188.65 4.8152e-005
188.85 3.57219e-005
190 3.85051e-005
190.005 3.85051e-005
190.3 4.41965e-005
190.305 4.41965e-005
190.55 2.87319e-005
190.555 2.87319e-005
190.6 4.29195e-005
190.605 4.29195e-005
190.655 5.14889e-005
190.85 3.88126e-005
190.855 3.88126e-005
192 3.85051e-005
192.3 4.41965e-005
192.55 2.87319e-005
192.6 4.29195e-005
192.65 5.14889e-005
192.85 3.88126e-005
194 3.85051e-005
194.3 4.41965e-005
194.35 5.2446e-005
194.55 2.87319e-005
194.6 4.29195e-005
194.85 3.88126e-005
195.005 3.85051e-005
195.305 4.41965e-005
195.355 5.2446e-005
195.555 2.87319e-005
195.605 4.29195e-005
195.655 5.14889e-005
195.855 3.88126e-005
196 3.85051e-005
196.3 4.41965e-005
196.55 2.87319e-005
196.6 4.29195e-005
196.65 5.14889e-005
196.85 3.88126e-005
198 3.85051e-005
198.3 4.41965e-005
198.35 5.2446e-005
198.55 2.87319e-005
198.6 4.29195e-005
198.85 3.88126e-005
200 3.85051e-005
200.005 3.85051e-005
200.3 4.41965e-005
200.305 4.41965e-005
200.35 5.2446e-005
200.355 5.2446e-005
200.55 2.87319e-005
200.555 2.87319e-005
200.6 4.29195e-005
200.605 4.29195e-005
200.65 5.14889e-005
200.655 5.14889e-005
200.85 3.88126e-005
200.855 3.88126e-005
202 3.85051e-005
202.55 2.87319e-005
202.6 4.29195e-005
202.85 3.88126e-005
204 3.85051e-005
204.55 2.87319e-005
204.6 4.29195e-005
204.85 3.88126e-005
205.005 3.85051e-005
205.305 4.41965e-005
205.355 5.2446e-005
205.555 2.87319e-005
205.605 4.29195e-005
205.655 5.14889e-005
205.855 3.88126e-005
206 3.85051e-005
206.55 2.87319e-005
206.6 4.29195e-005
206.85 3.88126e-005
208 3.85051e-005
208.55 2.87319e-005
208.6 4.29195e-005
208.65 5.14889e-005
208.85 3.88126e-005
210 3.85051e-005
210.005 3.85051e-005
210.305 4.41965e-005
210.55 2.87319e-005
210.555 2.87319e-005
210.6 4.29195e-005
210.605 4.29195e-005
210.655 5.14889e-005
210.85 3.88126e-005
210.855 3.88126e-005
212 3.85051e-005
212.3 4.41965e-005
212.55 2.87319e-005
212.6 4.29195e-005
212.85 3.88126e-005
214 3.85051e-005
214.3 4.41965e-005
214.55 2.87319e-005
214.6 4.29195e-005
214.65 5.14889e-005
214.85 3.88126e-005
215.005 3.85051e-005
215.305 4.41965e-005
215.555 2.87319e-005
215.605 4.29195e-005
215.855 3.88126e-005
216 3.85051e-005
216.55 2.87319e-005
216.6 4.29195e-005
216.85 3.88126e-005
218 3.85051e-005
218.3 4.41965e-005
218.55 2.87319e-005
218.6 4.29195e-005
218.85 3.88126e-005
220 3.85051e-005
220.005 3.85051e-005
220.3 4.41965e-005
220.305 4.41965e-005
220.355 5.2446e-005
220.55 2.87319e-005
220.555 2.87319e-005
220.6 4.29195e-005
220.605 4.29195e-005
220.655 5.14889e-005
220.85 3.88126e-005
220.855 3.88126e-005
222 3.85051e-005
222.3 4.41965e-005
222.55 2.87319e-005
222.6 4.29195e-005
222.85 3.88126e-005
224 3.85051e-005
224.3 4.41965e-005
224.55 2.87319e-005
224.65 5.14889e-005
224.85 3.88126e-005
225.005 3.85051e-005
225.555 2.87319e-005
225.605 4.29195e-005
225.655 5.14889e-005
225.855 3.88126e-005
226 3.85051e-005
226.3 4.41965e-005
226.55 2.87319e-005
226.6 4.29195e-005
226.85 3.88126e-005
228 3.85051e-005
228.3 4.41965e-005
228.55 2.87319e-005
228.6 4.29195e-005
228.65 5.14889e-005
228.85 3.88126e-005
230 3.85051e-005
230.005 3.85051e-005
230.3 4.41965e-005
230.305 4.41965e-005
230.355 5.2446e-005
230.55 2.87319e-005
230.555 2.87319e-005
230.6 4.29195e-005
230.605 4.29195e-005
230.655 5.14889e-005
230.85 3.88126e-005
230.855 3.88126e-005
232 3.85051e-005
232.3 4.41965e-005
232.55 2.87319e-005
232.85 3.88126e-005
234 3.85051e-005
234.3 4.41965e-005
234.55 2.87319e-005
234.85 3.88126e-005
235.005 3.85051e-005
235.305 4.41965e-005
235.555 2.87319e-005
235.605 4.29195e-005
235.855 3.88126e-005
236 3.85051e-005
236.3 4.41965e-005
236.55 2.87319e-005
236.6 4.29195e-005
236.65 5.14889e-005
236.85 3.88126e-005
238 3.85051e-005
238.3 4.41965e-005
238.55 2.87319e-005
238.6 4.29195e-005
238.65 5.14889e-005
238.85 3.88126e-005
240 3.85051e-005
240.005 3.85051e-005
240.3 4.41965e-005
240.305 4.41965e-005
240.55 2.87319e-005
240.555 2.87319e-005
240.6 4.29195e-005
240.605 4.29195e-005
240.65 5.14889e-005
240.655 5.14889e-005
240.85 3.88126e-005
240.855 3.88126e-005
242 3.85051e-005
242.3 4.41965e-005
242.55 2.87319e-005
242.6 4.29195e-005
242.85 3.88126e-005
244 3.85051e-005
244.3 4.41965e-005
244.55 2.87319e-005
244.6 4.29195e-005
244.65 5.14889e-005
244.85 3.88126e-005
245.005 3.85051e-005
245.305 4.41965e-005
245.555 2.87319e-005
245.605 4.29195e-005
245.655 5.14889e-005
246 3.85051e-005
246.3 4.41965e-005
246.55 2.87319e-005
246.85 3.88126e-005
248 3.85051e-005
248.3 4.41965e-005
248.35 5.2446e-005
248.55 2.87319e-005
248.6 4.29195e-005
248.85 3.88126e-005
250 3.85051e-005
250.005 3.85051e-005
250.3 4.41965e-005
250.305 4.41965e-005
250.55 2.87319e-005
250.555 2.87319e-005
250.6 4.29195e-005
250.605 4.29195e-005
250.65 5.14889e-005
250.655 5.14889e-005
250.85 3.88126e-005
250.855 3.88126e-005
252 3.85051e-005
252.3 4.41965e-005
252.55 2.87319e-005
252.6 4.29195e-005
252.65 5.14889e-005
252.85 3.88126e-005
254 3.85051e-005
254.3 4.41965e-005
254.55 2.87319e-005
254.6 4.29195e-005
254.65 5.14889e-005
254.85 3.88126e-005
255.005 3.85051e-005
255.305 4.41965e-005
255.555 2.87319e-005
255.605 4.29195e-005
255.655 5.14889e-005
255.855 3.88126e-005
256 3.85051e-005
256.3 4.41965e-005
256.55 2.87319e-005
256.6 4.29195e-005
256.85 3.88126e-005
258 3.85051e-005
258.3 4.41965e-005
258.55 2.87319e-005
258.6 4.29195e-005
258.65 5.14889e-005
258.85 3.88126e-005
260 3.85051e-005
260.005 3.85051e-005
260.3 4.41965e-005
260.305 4.41965e-005
260.355 5.2446e-005
260.55 2.87319e-005
260.555 2.87319e-005
260.6 4.29195e-005
260.605 4.29195e-005
260.655 5.14889e-005
260.85 3.88126e-005
260.855 3.88126e-005
262 3.85051e-005
262.3 4.41965e-005
262.35 5.2446e-005
262.55 2.87319e-005
262.6 4.29195e-005
262.85 3.88126e-005
264 3.85051e-005
264.55 2.87319e-005
264.6 4.29195e-005
264.65 5.14889e-005
264.85 3.88126e-005
265.005 3.85051e-005
265.305 4.41965e-005
265.355 5.2446e-005
265.555 2.87319e-005
265.605 4.29195e-005
265.655 5.14889e-005
265.855 3.88126e-005
266 3.85051e-005
266.55 2.87319e-005
266.6 4.29195e-005
266.65 5.14889e-005
266.85 3.88126e-005
268 3.85051e-005
268.3 4.41965e-005
268.55 2.87319e-005
268.6 4.29195e-005
268.85 3.88126e-005
270 3.85051e-005
270.005 3.85051e-005
270.3 4.41965e-005
270.305 4.41965e-005
270.55 2.87319e-005
270.555 2.87319e-005
270.6 4.29195e-005
270.605 4.29195e-005
270.65 5.14889e-005
270.655 5.14889e-005
270.85 3.88126e-005
270.855 3.88126e-005
272 3.85051e-005
272.3 4.41965e-005
272.55 2.87319e-005
272.6 4.29195e-005
272.85 3.88126e-005
274 3.85051e-005
274.3 4.41965e-005
274.55 2.87319e-005
274.6 4.29195e-005
274.65 5.14889e-005
274.85 3.88126e-005
275.005 3.85051e-005
275.305 4.41965e-005
275.555 2.87319e-005
275.605 4.29195e-005
275.855 3.88126e-005
276 3.85051e-005
276.3 4.41965e-005
276.55 2.87319e-005
276.6 4.29195e-005
278 3.85051e-005
278.3 4.41965e-005
278.55 2.87319e-005
278.6 4.29195e-005
278.65 5.14889e-005
278.85 3.88126e-005
280 3.85051e-005
280.005 3.85051e-005
280.3 4.41965e-005
280.305 4.41965e-005
280.355 5.2446e-005
280.55 2.87319e-005
280.555 2.87319e-005
280.6 4.29195e-005
280.605 4.29195e-005
280.655 5.14889e-005
280.85 3.88126e-005
280.855 3.88126e-005
282 3.85051e-005
282.3 4.41965e-005
282.55 2.87319e-005
282.6 4.29195e-005
284 3.85051e-005
284.3 4.41965e-005
284.55 2.87319e-005
284.6 4.29195e-005
284.85 3.88126e-005
285.005 3.85051e-005
285.305 4.41965e-005
285.355 5.2446e-005
285.555 2.87319e-005
285.605 4.29195e-005
285.855 3.88126e-005
286 3.85051e-005
286.3 4.41965e-005
286.55 2.87319e-005
286.6 4.29195e-005
286.85 3.88126e-005
288 3.85051e-005
288.55 2.87319e-005
288.6 4.29195e-005
288.85 3.88126e-005
290 3.85051e-005
290.005 3.85051e-005
290.3 4.41965e-005
290.305 4.41965e-005
290.355 5.2446e-005
290.55 2.87319e-005
290.555 2.87319e-005
290.6 4.29195e-005
290.605 4.29195e-005
290.655 5.14889e-005
290.85 3.88126e-005
290.855 3.88126e-005
292 3.85051e-005
292.3 4.41965e-005
292.55 2.87319e-005
292.6 4.29195e-005
292.85 3.88126e-005
294 3.85051e-005
294.3 4.41965e-005
294.55 2.87319e-005
294.6 4.29195e-005
294.85 3.88126e-005
295.005 3.85051e-005
295.305 4.41965e-005
295.555 2.87319e-005
295.605 4.29195e-005
295.655 5.14889e-005
295.855 3.88126e-005
296 3.85051e-005
296.3 4.41965e-005
296.55 2.87319e-005
296.6 4.29195e-005
296.65 5.14889e-005
296.85 3.88126e-005
298 3.85051e-005
298.3 4.41965e-005
298.55 2.87319e-005
298.6 4.29195e-005
298.65 5.14889e-005
298.85 3.88126e-005
300 3.85051e-005
300.005 3.85051e-005
300.305 4.41965e-005
300.355 5.2446e-005
300.55 2.87319e-005
300.555 2.87319e-005
300.6 4.29195e-005
300.605 4.29195e-005
300.85 3.88126e-005
300.855 3.88126e-005
302 3.85051e-005
302.3 4.41965e-005
302.55 2.87319e-005
302.85 3.88126e-005
304 3.85051e-005
304.3 4.41965e-005
304.55 2.87319e-005
304.6 4.29195e-005
304.65 5.14889e-005
304.85 3.88126e-005
305.005 3.85051e-005
305.305 4.41965e-005
305.355 5.2446e-005
305.555 2.87319e-005
305.605 4.29195e-005
305.655 5.14889e-005
305.855 3.88126e-005
306 3.85051e-005
306.3 4.41965e-005
306.55 2.87319e-005
306.6 4.29195e-005
306.85 3.88126e-005
308 3.85051e-005
308.3 4.41965e-005
308.35 5.2446e-005
308.55 2.87319e-005
308.6 4.29195e-005
308.65 5.14889e-005
308.85 3.88126e-005
310 3.85051e-005
310.005 3.85051e-005
310.3 4.41965e-005
310.305 4.41965e-005
310.35 5.2446e-005
310.55 2.87319e-005
310.555 2.87319e-005
310.6 4.29195e-005
310.605 4.29195e-005
310.65 5.14889e-005
310.655 5.14889e-005
310.85 3.88126e-005
310.855 3.88126e-005
312 3.85051e-005
312.3 4.41965e-005
312.35 5.2446e-005
312.55 2.87319e-005
312.6 4.29195e-005
312.85 3.88126e-005
314 3.85051e-005
314.3 4.41965e-005
314.35 5.2446e-005
314.55 2.87319e-005
314.6 4.29195e-005
314.65 5.14889e-005
314.85 3.88126e-005
315.005 3.85051e-005
315.305 4.41965e-005
315.355 5.2446e-005
315.555 2.87319e-005
315.605 4.29195e-005
315.855 3.88126e-005
316 3.85051e-005
316.3 4.41965e-005
316.35 5.2446e-005
316.55 2.87319e-005
316.65 5.14889e-005
316.85 3.88126e-005
318 3.85051e-005
318.55 2.87319e-005
318.6 4.29195e-005
318.65 5.14889e-005
318.85 3.88126e-005
320 3.85051e-005
320.005 3.85051e-005
320.3 4.41965e-005
320.305 4.41965e-005
320.55 2.87319e-005
320.555 2.87319e-005
320.6 4.29195e-005
320.605 4.29195e-005
320.655 5.14889e-005
320.85 3.88126e-005
320.855 3.88126e-005
322 3.85051e-005
322.3 4.41965e-005
322.55 2.87319e-005
322.6 4.29195e-005
322.65 5.14889e-005
322.85 3.88126e-005
324 3.85051e-005
324.3 4.41965e-005
324.35 5.2446e-005
324.55 2.87319e-005
324.6 4.29195e-005
324.65 5.14889e-005
324.85 3.88126e-005
325.005 3.85051e-005
325.555 2.87319e-005
325.605 4.29195e-005
325.855 3.88126e-005
326 3.85051e-005
326.3 4.41965e-005
326.55 2.87319e-005
326.6 4.29195e-005
326.85 3.88126e-005
328 3.85051e-005
328.3 4.41965e-005
328.55 2.87319e-005
328.6 4.29195e-005
328.65 5.14889e-005
328.85 3.88126e-005
330 3.85051e-005
330.005 3.85051e-005
330.3 4.41965e-005
330.305 4.41965e-005
330.355 5.2446e-005
330.55 2.87319e-005
330.555 2.87319e-005
330.6 4.29195e-005
330.605 4.29195e-005
330.65 5.14889e-005
330.655 5.14889e-005
330.85 3.88126e-005
330.855 3.88126e-005
332 3.85051e-005
332.3 4.41965e-005
332.55 2.87319e-005
332.6 4.29195e-005
332.85 3.88126e-005
334 3.85051e-005
334.55 2.87319e-005
334.6 4.29195e-005
334.65 5.14889e-005
334.85 3.88126e-005
335.005 3.85051e-005
335.305 4.41965e-005
335.555 2.87319e-005
335.605 4.29195e-005
335.855 3.88126e-005
336 3.85051e-005
336.3 4.41965e-005
336.55 2.87319e-005
336.6 4.29195e-005
336.85 3.88126e-005
338 3.85051e-005
338.3 4.41965e-005
338.55 2.87319e-005
338.85 3.88126e-005
340 3.85051e-005
340.005 3.85051e-005
340.305 4.41965e-005
340.355 5.2446e-005
340.55 2.87319e-005
340.555 2.87319e-005
340.6 4.29195e-005
340.605 4.29195e-005
340.655 5.14889e-005
340.85 3.88126e-005
340.855 3.88126e-005
342 3.85051e-005
342.3 4.41965e-005
342.35 5.2446e-005
342.55 2.87319e-005
342.6 4.29195e-005
342.65 5.14889e-005
342.85 3.88126e-005
344 3.85051e-005
344.3 4.41965e-005
344.55 2.87319e-005
344.6 4.29195e-005
344.65 5.14889e-005
344.85 3.88126e-005
345.005 3.85051e-005
345.305 4.41965e-005
345.555 2.87319e-005
345.605 4.29195e-005
345.655 5.14889e-005
345.855 3.88126e-005
346 3.85051e-005
346.3 4.41965e-005
346.55 2.87319e-005
346.6 4.29195e-005
346.85 3.88126e-005
348 3.85051e-005
348.3 4.41965e-005
348.55 2.87319e-005
348.6 4.29195e-005
348.85 3.88126e-005
350 3.85051e-005
350.005 3.85051e-005
350.3 4.41965e-005
350.305 4.41965e-005
350.355 5.2446e-005
350.55 2.87319e-005
350.555 2.87319e-005
350.6 4.29195e-005
350.605 4.29195e-005
350.65 5.14889e-005
350.655 5.14889e-005
350.85 3.88126e-005
350.855 3.88126e-005
352 3.85051e-005
352.3 4.41965e-005
352.55 2.87319e-005
352.6 4.29195e-005
352.85 3.88126e-005
354 3.85051e-005
354.55 2.87319e-005
354.6 4.29195e-005
354.65 5.14889e-005
354.85 3.88126e-005
355.005 3.85051e-005
355.305 4.41965e-005
355.355 5.2446e-005
355.555 2.87319e-005
355.655 5.14889e-005
355.855 3.88126e-005
356 3.85051e-005
356.3 4.41965e-005
356.55 2.87319e-005
356.6 4.29195e-005
356.65 5.14889e-005
356.85 3.88126e-005
358 3.85051e-005
358.55 2.87319e-005
358.6 4.29195e-005
358.65 5.14889e-005
358.85 3.88126e-005
360 3.85051e-005
360.005 3.85051e-005
360.3 4.41965e-005
360.305 4.41965e-005
360.55 2.87319e-005
360.555 2.87319e-005
360.6 4.29195e-005
360.605 4.29195e-005
360.655 5.14889e-005
360.85 3.88126e-005
360.855 3.88126e-005
362 3.85051e-005
362.3 4.41965e-005
362.35 5.2446e-005
362.55 2.87319e-005
362.6 4.29195e-005
362.85 3.88126e-005
364 3.85051e-005
364.3 4.41965e-005
364.55 2.87319e-005
364.6 4.29195e-005
364.65 5.14889e-005
364.85 3.88126e-005
365.005 3.85051e-005
365.305 4.41965e-005
365.355 5.2446e-005
365.555 2.87319e-005
365.605 4.29195e-005
365.655 5.14889e-005
365.855 3.88126e-005
366 3.85051e-005
366.3 4.41965e-005
366.55 2.87319e-005
366.6 4.29195e-005
366.85 3.88126e-005
368 3.85051e-005
368.3 4.41965e-005
368.55 2.87319e-005
368.6 4.29195e-005
368.65 5.14889e-005
368.85 3.88126e-005
370 3.85051e-005
370.005 3.85051e-005
370.3 4.41965e-005
370.305 4.41965e-005
370.355 5.2446e-005
370.55 2.87319e-005
370.555 2.87319e-005
370.6 4.29195e-005
370.605 4.29195e-005
370.65 5.14889e-005
370.655 5.14889e-005
370.85 3.88126e-005
370.855 3.88126e-005
372 3.85051e-005
372.3 4.41965e-005
372.55 2.87319e-005
372.6 4.29195e-005
372.65 5.14889e-005
372.85 3.88126e-005
374 3.85051e-005
374.55 2.87319e-005
374.6 4.29195e-005
374.65 5.14889e-005
374.85 3.88126e-005
375.005 3.85051e-005
375.305 4.41965e-005
375.555 2.87319e-005
375.605 4.29195e-005
375.655 5.14889e-005
375.855 3.88126e-005
376 3.85051e-005
376.3 4.41965e-005
376.35 5.2446e-005
376.55 2.87319e-005
376.6 4.29195e-005
376.65 5.14889e-005
376.85 3.88126e-005
378 3.85051e-005
378.3 4.41965e-005
378.55 2.87319e-005
378.6 4.29195e-005
378.85 3.88126e-005
380 3.85051e-005
380.005 3.85051e-005
380.3 4.41965e-005
380.305 4.41965e-005
380.355 5.2446e-005
380.55 2.87319e-005
380.555 2.87319e-005
380.6 4.29195e-005
380.605 4.29195e-005
380.655 5.14889e-005
380.85 3.88126e-005
380.855 3.88126e-005
382 3.85051e-005
382.3 4.41965e-005
382.55 2.87319e-005
382.6 4.29195e-005
382.65 5.14889e-005
382.85 3.88126e-005
384 3.85051e-005
384.55 2.87319e-005
384.85 3.88126e-005
385.005 3.85051e-005
385.305 4.41965e-005
385.555 2.87319e-005
385.605 4.29195e-005
385.655 5.14889e-005
385.855 3.88126e-005
386 3.85051e-005
386.55 2.87319e-005
386.6 4.29195e-005
386.85 3.88126e-005
388 3.85051e-005
388.3 4.41965e-005
388.55 2.87319e-005
388.6 4.29195e-005
388.65 5.14889e-005
388.85 3.88126e-005
390 3.85051e-005
390.005 3.85051e-005
390.3 4.41965e-005
390.305 4.41965e-005
390.55 2.87319e-005
390.555 2.87319e-005
390.6 4.29195e-005
390.605 4.29195e-005
390.655 5.14889e-005
390.85 3.88126e-005
390.855 3.88126e-005
392 3.85051e-005
392.3 4.41965e-005
392.55 2.87319e-005
392.6 4.29195e-005
392.85 3.88126e-005
394 3.85051e-005
394.3 4.41965e-005
394.55 2.87319e-005
394.6 4.29195e-005
394.65 5.14889e-005
394.85 3.88126e-005
395.005 3.85051e-005
395.305 4.41965e-005
395.555 2.87319e-005
395.605 4.29195e-005
395.855 3.88126e-005
396 3.85051e-005
396.3 4.41965e-005
396.35 5.2446e-005
396.55 2.87319e-005
396.6 4.29195e-005
396.85 3.88126e-005
398 3.85051e-005
398.3 4.41965e-005
398.55 2.87319e-005
398.6 4.29195e-005
398.85 3.88126e-005
400 3.85051e-005
400.005 3.85051e-005
400.3 4.41965e-005
400.305 4.41965e-005
400.355 5.2446e-005
400.55 2.87319e-005
400.555 2.87319e-005
400.6 4.29195e-005
400.605 4.29195e-005
400.65 5.14889e-005
400.655 5.14889e-005
400.85 3.88126e-005
400.855 3.88126e-005
402 3.85051e-005
402.3 4.41965e-005
402.55 2.87319e-005
402.6 4.29195e-005
402.85 3.88126e-005
404 3.85051e-005
404.55 2.87319e-005
404.6 4.29195e-005
404.85 3.88126e-005
405.005 3.85051e-005
405.305 4.41965e-005
405.555 2.87319e-005
405.605 4.29195e-005
405.655 5.14889e-005
405.855 3.88126e-005
406 3.85051e-005
406.35 5.2446e-005
406.55 2.87319e-005
406.6 4.29195e-005
406.65 5.14889e-005
406.85 3.88126e-005
408 3.85051e-005
408.3 4.41965e-005
408.55 2.87319e-005
408.6 4.29195e-005
408.85 3.88126e-005
410 3.85051e-005
410.005 3.85051e-005
410.3 4.41965e-005
410.305 4.41965e-005
410.355 5.2446e-005
410.55 2.87319e-005
410.555 2.87319e-005
410.6 4.29195e-005
410.605 4.29195e-005
410.655 5.14889e-005
410.85 3.88126e-005
410.855 3.88126e-005
412 3.85051e-005
412.55 2.87319e-005
412.6 4.29195e-005
412.85 3.88126e-005
414.3 4.41965e-005
414.55 2.87319e-005
414.85 3.88126e-005
415.005 3.85051e-005
415.305 4.41965e-005
415.555 2.87319e-005
415.605 4.29195e-005
415.855 3.88126e-005
416 3.85051e-005
416.3 4.41965e-005
416.55 2.87319e-005
416.85 3.88126e-005
418 3.85051e-005
418.3 4.41965e-005
418.55 2.87319e-005
418.6 4.29195e-005
418.85 3.88126e-005
420 3.85051e-005
420.005 3.85051e-005
420.3 4.41965e-005
420.305 4.41965e-005
420.35 5.2446e-005
420.355 5.2446e-005
420.55 2.87319e-005
420.555 2.87319e-005
420.6 4.29195e-005
420.605 4.29195e-005
420.85 3.88126e-005
420.855 3.88126e-005
422 3.85051e-005
422.55 2.87319e-005
422.6 4.29195e-005
422.85 3.88126e-005
424 3.85051e-005
424.3 4.41965e-005
424.55 2.87319e-005
424.6 4.29195e-005
424.85 3.88126e-005
425.005 3.85051e-005
425.305 4.41965e-005
425.355 5.2446e-005
425.555 2.87319e-005
425.605 4.29195e-005
425.855 3.88126e-005
426 3.85051e-005
426.3 4.41965e-005
426.55 2.87319e-005
426.6 4.29195e-005
426.65 5.14889e-005
426.85 3.88126e-005
428 3.85051e-005
428.3 4.41965e-005
428.55 2.87319e-005
428.6 4.29195e-005
428.85 3.88126e-005
430 3.85051e-005
430.005 3.85051e-005
430.305 4.41965e-005
430.355 5.2446e-005
430.55 2.87319e-005
430.555 2.87319e-005
430.6 4.29195e-005
430.65 5.14889e-005
430.655 5.14889e-005
430.85 3.88126e-005
430.855 3.88126e-005
432 3.85051e-005
432.3 4.41965e-005
432.55 2.87319e-005
432.6 4.29195e-005
432.85 3.88126e-005
434 3.85051e-005
434.3 4.41965e-005
434.55 2.87319e-005
434.6 4.29195e-005
434.85 3.88126e-005
435.005 3.85051e-005
435.305 4.41965e-005
435.555 2.87319e-005
435.605 4.29195e-005
435.655 5.14889e-005
435.855 3.88126e-005
436 3.85051e-005
436.3 4.41965e-005
436.55 2.87319e-005
436.85 3.88126e-005
438 3.85051e-005
438.3 4.41965e-005
438.55 2.87319e-005
438.85 3.88126e-005
440 3.85051e-005
440.005 3.85051e-005
440.3 4.41965e-005
440.305 4.41965e-005
440.355 5.2446e-005
440.55 2.87319e-005
440.555 2.87319e-005
440.605 4.29195e-005
440.655 5.14889e-005
440.85 3.88126e-005
440.855 3.88126e-005
442 3.85051e-005
442.55 2.87319e-005
442.6 4.29195e-005
442.85 3.88126e-005
444 3.85051e-005
444.3 4.41965e-005
444.55 2.87319e-005
444.85 3.88126e-005
445.005 3.85051e-005
445.305 4.41965e-005
445.355 5.2446e-005
445.555 2.87319e-005
445.605 4.29195e-005
445.655 5.14889e-005
445.855 3.88126e-005
446 3.85051e-005
446.3 4.41965e-005
446.55 2.87319e-005
446.6 4.29195e-005
446.85 3.88126e-005
448 3.85051e-005
448.3 4.41965e-005
448.55 2.87319e-005
448.6 4.29195e-005
448.65 5.14889e-005
448.85 3.88126e-005
450 3.85051e-005
450.005 3.85051e-005
450.305 4.41965e-005
450.355 5.2446e-005
450.55 2.87319e-005
450.555 2.87319e-005
450.6 4.29195e-005
450.605 4.29195e-005
450.655 5.14889e-005
450.85 3.88126e-005
450.855 3.88126e-005
452 3.85051e-005
452.3 4.41965e-005
452.55 2.87319e-005
452.6 4.29195e-005
452.85 3.88126e-005
454 3.85051e-005
454.55 2.87319e-005
454.6 4.29195e-005
454.85 3.88126e-005
455.005 3.85051e-005
455.305 4.41965e-005
455.555 2.87319e-005
455.605 4.29195e-005
455.655 5.14889e-005
455.855 3.88126e-005
456 3.85051e-005
456.3 4.41965e-005
456.55 2.87319e-005
456.6 4.29195e-005
456.85 3.88126e-005
458 3.85051e-005
458.3 4.41965e-005
458.35 5.2446e-005
458.55 2.87319e-005
458.65 5.14889e-005
458.85 3.88126e-005
460 3.85051e-005
460.005 3.85051e-005
460.3 4.41965e-005
460.305 4.41965e-005
460.355 5.2446e-005
460.55 2.87319e-005
460.555 2.87319e-005
460.6 4.29195e-005
460.65 5.14889e-005
460.655 5.14889e-005
460.85 3.88126e-005
460.855 3.88126e-005
462 3.85051e-005
462.3 4.41965e-005
462.55 2.87319e-005
462.65 5.14889e-005
462.85 3.88126e-005
464 3.85051e-005
464.3 4.41965e-005
464.55 2.87319e-005
464.6 4.29195e-005
464.65 5.14889e-005
464.85 3.88126e-005
465.005 3.85051e-005
465.555 2.87319e-005
465.605 4.29195e-005
465.855 3.88126e-005
466 3.85051e-005
466.3 4.41965e-005
466.35 5.2446e-005
466.55 2.87319e-005
466.6 4.29195e-005
466.65 5.14889e-005
466.85 3.88126e-005
468 3.85051e-005
468.3 4.41965e-005
468.55 2.87319e-005
468.6 4.29195e-005
468.65 5.14889e-005
468.85 3.88126e-005
470 3.85051e-005
470.005 3.85051e-005
470.3 4.41965e-005
470.305 4.41965e-005
470.35 5.2446e-005
470.355 5.2446e-005
470.55 2.87319e-005
470.555 2.87319e-005
470.6 4.29195e-005
470.605 4.29195e-005
470.65 5.14889e-005
470.655 5.14889e-005
470.85 3.88126e-005
470.855 3.88126e-005
472 3.85051e-005
472.3 4.41965e-005
472.55 2.87319e-005
472.6 4.29195e-005
472.85 3.88126e-005
474 3.85051e-005
474.3 4.41965e-005
474.55 2.87319e-005
474.6 4.29195e-005
474.85 3.88126e-005
475.005 3.85051e-005
475.305 4.41965e-005
475.355 5.2446e-005
475.555 2.87319e-005
475.855 3.88126e-005
476 3.85051e-005
476.3 4.41965e-005
476.55 2.87319e-005
476.6 4.29195e-005
476.65 5.14889e-005
478 3.85051e-005
478.3 4.41965e-005
478.55 2.87319e-005
478.6 4.29195e-005
478.85 3.88126e-005
480 3.85051e-005
480.005 3.85051e-005
480.3 4.41965e-005
480.305 4.41965e-005
480.35 5.2446e-005
480.355 5.2446e-005
480.55 2.87319e-005
480.555 2.87319e-005
480.6 4.29195e-005
480.605 4.29195e-005
480.65 5.14889e-005
480.85 3.88126e-005
480.855 3.88126e-005
482 3.85051e-005
482.3 4.41965e-005
482.55 2.87319e-005
482.6 4.29195e-005
482.85 3.88126e-005
484 3.85051e-005
484.3 4.41965e-005
484.55 2.87319e-005
484.6 4.29195e-005
484.65 5.14889e-005
484.85 3.88126e-005
485.005 3.85051e-005
485.555 2.87319e-005
485.605 4.29195e-005
485.855 3.88126e-005
486 3.85051e-005
486.3 4.41965e-005
486.55 2.87319e-005
486.6 4.29195e-005
486.85 3.88126e-005
488 3.85051e-005
488.3 4.41965e-005
488.55 2.87319e-005
488.6 4.29195e-005
488.65 5.14889e-005
488.85 3.88126e-005
490 3.85051e-005
490.005 3.85051e-005
490.3 4.41965e-005
490.305 4.41965e-005
490.35 5.2446e-005
490.55 2.87319e-005
490.555 2.87319e-005
490.6 4.29195e-005
490.605 4.29195e-005
490.655 5.14889e-005
490.85 3.88126e-005
490.855 3.88126e-005
492 3.85051e-005
492.3 4.41965e-005
492.35 5.2446e-005
492.55 2.87319e-005
492.6 4.29195e-005
492.65 5.14889e-005
492.85 3.88126e-005
494 3.85051e-005
494.3 4.41965e-005
494.55 2.87319e-005
494.6 4.29195e-005
494.85 3.88126e-005
495.005 3.85051e-005
495.305 4.41965e-005
495.555 2.87319e-005
495.855 3.88126e-005
496 3.85051e-005
496.3 4.41965e-005
496.55 2.87319e-005
496.6 4.29195e-005
496.65 5.14889e-005
496.85 3.88126e-005
498 3.85051e-005
498.55 2.87319e-005
498.65 5.14889e-005
498.85 3.88126e-005
500 3.85051e-005
500.005 3.85051e-005
500.3 4.41965e-005
500.305 4.41965e-005
500.355 5.2446e-005
500.55 2.87319e-005
500.555 2.87319e-005
500.6 4.29195e-005
500.605 4.29195e-005
500.655 5.14889e-005
500.85 3.88126e-005
500.855 3.88126e-005
502 3.85051e-005
502.3 4.41965e-005
502.55 2.87319e-005
502.6 4.29195e-005
502.85 3.88126e-005
504 3.85051e-005
504.3 4.41965e-005
504.35 5.2446e-005
504.55 2.87319e-005
504.6 4.29195e-005
504.85 3.88126e-005
505.005 3.85051e-005
505.305 4.41965e-005
505.555 2.87319e-005
505.605 4.29195e-005
505.855 3.88126e-005
506 3.85051e-005
506.3 4.41965e-005
506.55 2.87319e-005
506.6 4.29195e-005
506.65 5.14889e-005
506.85 3.88126e-005
508 3.85051e-005
508.3 4.41965e-005
508.55 2.87319e-005
508.6 4.29195e-005
508.85 3.88126e-005
510 3.85051e-005
510.005 3.85051e-005
510.3 4.41965e-005
510.305 4.41965e-005
510.35 5.2446e-005
510.355 5.2446e-005
510.55 2.87319e-005
510.555 2.87319e-005
510.6 4.29195e-005
510.605 4.29195e-005
510.65 5.14889e-005
510.655 5.14889e-005
510.85 3.88126e-005
510.855 3.88126e-005
512 3.85051e-005
512.3 4.41965e-005
512.55 2.87319e-005
512.6 4.29195e-005
512.85 3.88126e-005
514 3.85051e-005
514.3 4.41965e-005
514.35 5.2446e-005
514.55 2.87319e-005
514.6 4.29195e-005
514.85 3.88126e-005
515.005 3.85051e-005
515.305 4.41965e-005
515.355 5.2446e-005
515.555 2.87319e-005
515.605 4.29195e-005
515.855 3.88126e-005
516 3.85051e-005
516.3 4.41965e-005
516.35 5.2446e-005
516.55 2.87319e-005
516.6 4.29195e-005
516.85 3.88126e-005
518 3.85051e-005
518.3 4.41965e-005
518.35 5.2446e-005
518.55 2.87319e-005
518.6 4.29195e-005
518.65 5.14889e-005
518.85 3.88126e-005
520 3.85051e-005
520.005 3.85051e-005
520.3 4.41965e-005
520.305 4.41965e-005
520.55 2.87319e-005
520.555 2.87319e-005
520.6 4.29195e-005
520.605 4.29195e-005
520.655 5.14889e-005
520.85 3.88126e-005
520.855 3.88126e-005
522 3.85051e-005
522.55 2.87319e-005
522.6 4.29195e-005
524 3.85051e-005
524.3 4.41965e-005
524.55 2.87319e-005
524.6 4.29195e-005
524.85 3.88126e-005
525.005 3.85051e-005
525.305 4.41965e-005
525.355 5.2446e-005
525.555 2.87319e-005
525.605 4.29195e-005
525.655 5.14889e-005
525.855 3.88126e-005
526 3.85051e-005
526.3 4.41965e-005
526.35 5.2446e-005
526.55 2.87319e-005
526.6 4.29195e-005
526.65 5.14889e-005
526.85 3.88126e-005
528 3.85051e-005
528.3 4.41965e-005
528.55 2.87319e-005
528.6 4.29195e-005
528.65 5.14889e-005
528.85 3.88126e-005
530 3.85051e-005
530.005 3.85051e-005
530.3 4.41965e-005
530.305 4.41965e-005
530.355 5.2446e-005
530.55 2.87319e-005
530.555 2.87319e-005
530.6 4.29195e-005
530.605 4.29195e-005
530.65 5.14889e-005
530.655 5.14889e-005
530.855 3.88126e-005
532 3.85051e-005
532.3 4.41965e-005
532.55 2.87319e-005
532.65 5.14889e-005
532.85 3.88126e-005
534 3.85051e-005
534.3 4.41965e-005
534.55 2.87319e-005
534.6 4.29195e-005
534.65 5.14889e-005
534.85 3.88126e-005
535.005 3.85051e-005
535.305 4.41965e-005
535.555 2.87319e-005
535.605 4.29195e-005
535.655 5.14889e-005
535.855 3.88126e-005
536 3.85051e-005
536.3 4.41965e-005
536.55 2.87319e-005
536.6 4.29195e-005
536.85 3.88126e-005
538 3.85051e-005
538.3 4.41965e-005
538.55 2.87319e-005
538.6 4.29195e-005
538.65 5.14889e-005
538.85 3.88126e-005
540 3.85051e-005
540.005 3.85051e-005
540.3 4.41965e-005
540.305 4.41965e-005
540.355 5.2446e-005
540.55 2.87319e-005
540.555 2.87319e-005
540.605 4.29195e-005
540.655 5.14889e-005
540.85 3.88126e-005
540.855 3.88126e-005
542 3.85051e-005
542.3 4.41965e-005
542.55 2.87319e-005
542.6 4.29195e-005
542.85 3.88126e-005
544 3.85051e-005
544.3 4.41965e-005
544.55 2.87319e-005
544.6 4.29195e-005
544.85 3.88126e-005
545.005 3.85051e-005
545.305 4.41965e-005
545.555 2.87319e-005
545.605 4.29195e-005
545.855 3.88126e-005
546 3.85051e-005
546.55 2.87319e-005
546.6 4.29195e-005
546.85 3.88126e-005
548 3.85051e-005
548.3 4.41965e-005
548.55 2.87319e-005
548.6 4.29195e-005
548.65 5.14889e-005
548.85 3.88126e-005
550 3.85051e-005
550.005 3.85051e-005
550.3 4.41965e-005
550.305 4.41965e-005
550.355 5.2446e-005
550.55 2.87319e-005
550.555 2.87319e-005
550.6 4.29195e-005
550.605 4.29195e-005
550.85 3.88126e-005
550.855 3.88126e-005
552 3.85051e-005
552.3 4.41965e-005
552.55 2.87319e-005
552.65 5.14889e-005
552.85 3.88126e-005
554 3.85051e-005
554.3 4.41965e-005
554.55 2.87319e-005
554.6 4.29195e-005
554.65 5.14889e-005
554.85 3.88126e-005
555.005 3.85051e-005
555.305 4.41965e-005
555.355 5.2446e-005
555.555 2.87319e-005
555.605 4.29195e-005
555.855 3.88126e-005
556 3.85051e-005
556.3 4.41965e-005
556.55 2.87319e-005
556.6 4.29195e-005
556.85 3.88126e-005
558 3.85051e-005
558.3 4.41965e-005
558.55 2.87319e-005
558.6 4.29195e-005
558.85 3.88126e-005
560 3.85051e-005
560.005 3.85051e-005
560.3 4.41965e-005
560.35 5.2446e-005
560.355 5.2446e-005
560.55 2.87319e-005
560.555 2.87319e-005
560.6 4.29195e-005
560.605 4.29195e-005
560.85 3.88126e-005
560.855 3.88126e-005
562 3.85051e-005
562.3 4.41965e-005
562.55 2.87319e-005
562.6 4.29195e-005
562.85 3.88126e-005
564 3.85051e-005
564.55 2.87319e-005
564.6 4.29195e-005
564.65 5.14889e-005
564.85 3.88126e-005
565.005 3.85051e-005
565.555 2.87319e-005
565.605 4.29195e-005
565.855 3.88126e-005
566 3.85051e-005
566.3 4.41965e-005
566.55 2.87319e-005
566.6 4.29195e-005
566.85 3.88126e-005
568 3.85051e-005
568.3 4.41965e-005
568.55 2.87319e-005
568.6 4.29195e-005
568.65 5.14889e-005
568.85 3.88126e-005
570 3.85051e-005
570.005 3.85051e-005
570.3 4.41965e-005
570.305 4.41965e-005
570.55 2.87319e-005
570.555 2.87319e-005
570.6 4.29195e-005
570.605 4.29195e-005
570.85 3.88126e-005
570.855 3.88126e-005
572 3.85051e-005
572.3 4.41965e-005
572.55 2.87319e-005
572.6 4.29195e-005
572.65 5.14889e-005
572.85 3.88126e-005
574 3.85051e-005
574.3 4.41965e-005
574.55 2.87319e-005
574.6 4.29195e-005
574.85 3.88126e-005
575.005 3.85051e-005
575.305 4.41965e-005
575.355 5.2446e-005
575.555 2.87319e-005
575.605 4.29195e-005
575.855 3.88126e-005
576 3.85051e-005
576.3 4.41965e-005
576.35 5.2446e-005
576.55 2.87319e-005
576.6 4.29195e-005
576.85 3.88126e-005
578 3.85051e-005
578.3 4.41965e-005
578.55 2.87319e-005
578.6 4.29195e-005
578.65 5.14889e-005
578.85 3.88126e-005
580 3.85051e-005
580.005 3.85051e-005
580.3 4.41965e-005
580.305 4.41965e-005
580.355 5.2446e-005
580.55 2.87319e-005
580.555 2.87319e-005
580.605 4.29195e-005
580.655 5.14889e-005
580.85 3.88126e-005
580.855 3.88126e-005
582 3.85051e-005
582.3 4.41965e-005
582.55 2.87319e-005
582.6 4.29195e-005
582.85 3.88126e-005
584 3.85051e-005
584.3 4.41965e-005
584.55 2.87319e-005
584.6 4.29195e-005
584.65 5.14889e-005
584.85 3.88126e-005
585.005 3.85051e-005
585.305 4.41965e-005
585.555 2.87319e-005
585.605 4.29195e-005
585.855 3.88126e-005
586 3.85051e-005
586.3 4.41965e-005
586.55 2.87319e-005
586.6 4.29195e-005
586.85 3.88126e-005
588 3.85051e-005
588.3 4.41965e-005
588.35 5.2446e-005
588.55 2.87319e-005
588.6 4.29195e-005
588.65 5.14889e-005
588.85 3.88126e-005
590 3.85051e-005
590.005 3.85051e-005
590.305 4.41965e-005
590.55 2.87319e-005
590.555 2.87319e-005
590.6 4.29195e-005
590.605 4.29195e-005
590.65 5.14889e-005
590.655 5.14889e-005
590.85 3.88126e-005
590.855 3.88126e-005
592 3.85051e-005
592.3 4.41965e-005
592.55 2.87319e-005
592.6 4.29195e-005
592.65 5.14889e-005
592.85 3.88126e-005
594 3.85051e-005
594.3 4.41965e-005
594.35 5.2446e-005
594.55 2.87319e-005
594.6 4.29195e-005
594.65 5.14889e-005
594.85 3.88126e-005
595.005 3.85051e-005
595.305 4.41965e-005
595.555 2.87319e-005
595.605 4.29195e-005
595.855 3.88126e-005
596 3.85051e-005
596.3 4.41965e-005
596.55 2.87319e-005
596.6 4.29195e-005
596.85 3.88126e-005
598 3.85051e-005
598.3 4.41965e-005
598.35 5.2446e-005
598.55 2.87319e-005
598.65 5.14889e-005
598.85 3.88126e-005
600 3.85051e-005
600.005 3.85051e-005
600.305 4.41965e-005
600.355 5.2446e-005
600.55 2.87319e-005
600.555 2.87319e-005
600.6 4.29195e-005
600.605 4.29195e-005
600.655 5.14889e-005
600.85 3.88126e-005
600.855 3.88126e-005
602 3.85051e-005
602.3 4.41965e-005
602.55 2.87319e-005
602.6 4.29195e-005
602.85 3.88126e-005
604 3.85051e-005
604.35 5.2446e-005
604.55 2.87319e-005
604.6 4.29195e-005
604.65 5.14889e-005
604.85 3.88126e-005
605.005 3.85051e-005
605.555 2.87319e-005
605.605 4.29195e-005
605.655 5.14889e-005
605.855 3.88126e-005
606 3.85051e-005
606.3 4.41965e-005
606.55 2.87319e-005
606.6 4.29195e-005
606.85 3.88126e-005
608 3.85051e-005
608.3 4.41965e-005
608.55 2.87319e-005
608.6 4.29195e-005
608.85 3.88126e-005
610 3.85051e-005
610.005 3.85051e-005
610.3 4.41965e-005
610.305 4.41965e-005
610.35 5.2446e-005
610.355 5.2446e-005
610.55 2.87319e-005
610.555 2.87319e-005
610.6 4.29195e-005
610.605 4.29195e-005
610.655 5.14889e-005
610.85 3.88126e-005
610.855 3.88126e-005
612 3.85051e-005
612.3 4.41965e-005
612.55 2.87319e-005
612.85 3.88126e-005
614 3.85051e-005
614.3 4.41965e-005
614.55 2.87319e-005
614.6 4.29195e-005
614.85 3.88126e-005
615.005 3.85051e-005
615.305 4.41965e-005
615.355 5.2446e-005
615.555 2.87319e-005
615.605 4.29195e-005
615.655 5.14889e-005
616 3.85051e-005
616.3 4.41965e-005
616.55 2.87319e-005
616.65 5.14889e-005
616.85 3.88126e-005
618 3.85051e-005
618.3 4.41965e-005
618.35 5.2446e-005
618.55 2.87319e-005
618.6 4.29195e-005
618.85 3.88126e-005
620 3.85051e-005
620.005 3.85051e-005
620.305 4.41965e-005
620.355 5.2446e-005
620.55 2.87319e-005
620.555 2.87319e-005
620.6 4.29195e-005
620.605 4.29195e-005
620.65 5.14889e-005
620.655 5.14889e-005
620.85 3.88126e-005
620.855 3.88126e-005
622 3.85051e-005
622.55 2.87319e-005
622.6 4.29195e-005
622.85 3.88126e-005
624 3.85051e-005
624.35 5.2446e-005
624.55 2.87319e-005
624.6 4.29195e-005
624.85 3.88126e-005
625.005 3.85051e-005
625.355 5.2446e-005
625.555 2.87319e-005
625.855 3.88126e-005
626 3.85051e-005
626.3 4.41965e-005
626.35 5.2446e-005
626.55 2.87319e-005
626.6 4.29195e-005
626.85 3.88126e-005
628 3.85051e-005
628.55 2.87319e-005
628.6 4.29195e-005
628.85 3.88126e-005
630 3.85051e-005
630.005 3.85051e-005
630.3 4.41965e-005
630.305 4.41965e-005
630.35 5.2446e-005
630.55 2.87319e-005
630.555 2.87319e-005
630.6 4.29195e-005
630.605 4.29195e-005
630.655 5.14889e-005
630.85 3.88126e-005
630.855 3.88126e-005
632 3.85051e-005
632.3 4.41965e-005
632.55 2.87319e-005
632.6 4.29195e-005
632.85 3.88126e-005
634 3.85051e-005
634.3 4.41965e-005
634.55 2.87319e-005
634.6 4.29195e-005
634.85 3.88126e-005
635.005 3.85051e-005
635.305 4.41965e-005
635.555 2.87319e-005
635.605 4.29195e-005
635.855 3.88126e-005
636 3.85051e-005
636.55 2.87319e-005
636.6 4.29195e-005
636.85 3.88126e-005
638 3.85051e-005
638.3 4.41965e-005
638.55 2.87319e-005
638.6 4.29195e-005
638.65 5.14889e-005
638.85 3.88126e-005
640 3.85051e-005
640.005 3.85051e-005
640.3 4.41965e-005
640.305 4.41965e-005
640.355 5.2446e-005
640.55 2.87319e-005
640.555 2.87319e-005
640.6 4.29195e-005
640.605 4.29195e-005
640.85 3.88126e-005
640.855 3.88126e-005
642 3.85051e-005
642.3 4.41965e-005
642.55 2.87319e-005
642.6 4.29195e-005
642.85 3.88126e-005
644 3.85051e-005
644.3 4.41965e-005
644.55 2.87319e-005
644.6 4.29195e-005
644.85 3.88126e-005
645.005 3.85051e-005
645.305 4.41965e-005
645.355 5.2446e-005
645.555 2.87319e-005
645.605 4.29195e-005
645.655 5.14889e-005
645.855 3.88126e-005
646 3.85051e-005
646.3 4.41965e-005
646.55 2.87319e-005
646.6 4.29195e-005
648 3.85051e-005
648.3 4.41965e-005
648.55 2.87319e-005
648.6 4.29195e-005
648.65 5.14889e-005
648.85 3.88126e-005
650 3.85051e-005
650.005 3.85051e-005
650.3 4.41965e-005
650.305 4.41965e-005
650.35 5.2446e-005
650.355 5.2446e-005
650.55 2.87319e-005
650.555 2.87319e-005
650.6 4.29195e-005
650.605 4.29195e-005
650.655 5.14889e-005
650.85 3.88126e-005
650.855 3.88126e-005
652 3.85051e-005
652.55 2.87319e-005
652.85 3.88126e-005
654 3.85051e-005
654.3 4.41965e-005
654.35 5.2446e-005
654.55 2.87319e-005
654.85 3.88126e-005
655.005 3.85051e-005
655.305 4.41965e-005
655.355 5.2446e-005
655.555 2.87319e-005
655.605 4.29195e-005
655.655 5.14889e-005
655.855 3.88126e-005
656 3.85051e-005
656.3 4.41965e-005
656.55 2.87319e-005
656.6 4.29195e-005
656.85 3.88126e-005
658 3.85051e-005
658.3 4.41965e-005
658.35 5.2446e-005
658.55 2.87319e-005
658.6 4.29195e-005
658.85 3.88126e-005
660 3.85051e-005
660.005 3.85051e-005
660.3 4.41965e-005
660.305 4.41965e-005
660.55 2.87319e-005
660.555 2.87319e-005
660.6 4.29195e-005
660.605 4.29195e-005
660.655 5.14889e-005
660.85 3.88126e-005
660.855 3.88126e-005
662 3.85051e-005
662.55 2.87319e-005
662.6 4.29195e-005
662.85 3.88126e-005
664 3.85051e-005
664.3 4.41965e-005
664.55 2.87319e-005
664.6 4.29195e-005
664.85 3.88126e-005
665.005 3.85051e-005
665.305 4.41965e-005
665.355 5.2446e-005
665.555 2.87319e-005
665.605 4.29195e-005
665.655 5.14889e-005
665.855 3.88126e-005
666 3.85051e-005
666.3 4.41965e-005
666.55 2.87319e-005
666.6 4.29195e-005
666.85 3.88126e-005
668 3.85051e-005
668.3 4.41965e-005
668.35 5.2446e-005
668.55 2.87319e-005
668.65 5.14889e-005
668.85 3.88126e-005
670 3.85051e-005
670.005 3.85051e-005
670.3 4.41965e-005
670.305 4.41965e-005
670.355 5.2446e-005
670.55 2.87319e-005
670.555 2.87319e-005
670.6 4.29195e-005
670.605 4.29195e-005
670.65 5.14889e-005
670.655 5.14889e-005
670.85 3.88126e-005
670.855 3.88126e-005
672 3.85051e-005
672.3 4.41965e-005
672.55 2.87319e-005
672.6 4.29195e-005
672.85 3.88126e-005
674 3.85051e-005
674.3 4.41965e-005
674.35 5.2446e-005
674.55 2.87319e-005
674.6 4.29195e-005
674.85 3.88126e-005
675.005 3.85051e-005
675.305 4.41965e-005
675.355 5.2446e-005
675.555 2.87319e-005
675.605 4.29195e-005
675.655 5.14889e-005
675.855 3.88126e-005
676 3.85051e-005
676.3 4.41965e-005
676.55 2.87319e-005
676.6 4.29195e-005
676.85 3.88126e-005
678 3.85051e-005
678.3 4.41965e-005
678.55 2.87319e-005
678.6 4.29195e-005
678.85 3.88126e-005
680 3.85051e-005
680.005 3.85051e-005
680.3 4.41965e-005
680.305 4.41965e-005
680.55 2.87319e-005
680.555 2.87319e-005
680.6 4.29195e-005
680.605 4.29195e-005
680.655 5.14889e-005
680.85 3.88126e-005
680.855 3.88126e-005
682 3.85051e-005
682.3 4.41965e-005
682.55 2.87319e-005
682.6 4.29195e-005
682.85 3.88126e-005
684 3.85051e-005
684.3 4.41965e-005
684.55 2.87319e-005
684.6 4.29195e-005
684.85 3.88126e-005
685.005 3.85051e-005
685.305 4.41965e-005
685.555 2.87319e-005
685.605 4.29195e-005
685.855 3.88126e-005
686 3.85051e-005
686.3 4.41965e-005
686.55 2.87319e-005
686.6 4.29195e-005
686.85 3.88126e-005
688 3.85051e-005
688.3 4.41965e-005
688.55 2.87319e-005
688.6 4.29195e-005
688.65 5.14889e-005
688.85 3.88126e-005
690 3.85051e-005
690.005 3.85051e-005
690.305 4.41965e-005
690.355 5.2446e-005
690.55 2.87319e-005
690.555 2.87319e-005
690.6 4.29195e-005
690.605 4.29195e-005
690.65 5.14889e-005
690.655 5.14889e-005
690.85 3.88126e-005
690.855 3.88126e-005
692 3.85051e-005
692.55 2.87319e-005
692.85 3.88126e-005
694 3.85051e-005
694.55 2.87319e-005
694.85 3.88126e-005
695.005 3.85051e-005
695.305 4.41965e-005
695.355 5.2446e-005
695.555 2.87319e-005
695.605 4.29195e-005
695.655 5.14889e-005
695.855 3.88126e-005
696 3.85051e-005
696.3 4.41965e-005
696.55 2.87319e-005
696.6 4.29195e-005
696.85 3.88126e-005
698 3.85051e-005
698.35 5.2446e-005
698.55 2.87319e-005
698.6 4.29195e-005
698.85 3.88126e-005
700 3.85051e-005
700.005 3.85051e-005
700.305 4.41965e-005
700.355 5.2446e-005
700.55 2.87319e-005
700.555 2.87319e-005
700.6 4.29195e-005
700.605 4.29195e-005
700.65 5.14889e-005
700.655 5.14889e-005
700.855 3.88126e-005
702 3.85051e-005
702.55 2.87319e-005
702.6 4.29195e-005
702.85 3.88126e-005
704 3.85051e-005
704.3 4.41965e-005
704.55 2.87319e-005
704.6 4.29195e-005
704.65 5.14889e-005
704.85 3.88126e-005
705.005 3.85051e-005
705.305 4.41965e-005
705.555 2.87319e-005
705.605 4.29195e-005
705.655 5.14889e-005
705.855 3.88126e-005
706 3.85051e-005
706.3 4.41965e-005
706.55 2.87319e-005
706.6 4.29195e-005
706.65 5.14889e-005
706.85 3.88126e-005
708 3.85051e-005
708.3 4.41965e-005
708.55 2.87319e-005
708.6 4.29195e-005
708.65 5.14889e-005
708.85 3.88126e-005
710 3.85051e-005
710.005 3.85051e-005
710.305 4.41965e-005
710.35 5.2446e-005
710.55 2.87319e-005
710.555 2.87319e-005
710.6 4.29195e-005
710.605 4.29195e-005
710.655 5.14889e-005
710.85 3.88126e-005
710.855 3.88126e-005
712 3.85051e-005
712.3 4.41965e-005
712.55 2.87319e-005
712.6 4.29195e-005
712.85 3.88126e-005
714 3.85051e-005
714.3 4.41965e-005
714.55 2.87319e-005
714.6 4.29195e-005
714.85 3.88126e-005
715.005 3.85051e-005
715.305 4.41965e-005
715.355 5.2446e-005
715.555 2.87319e-005
715.605 4.29195e-005
715.655 5.14889e-005
715.855 3.88126e-005
716 3.85051e-005
716.55 2.87319e-005
716.6 4.29195e-005
716.85 3.88126e-005
718 3.85051e-005
718.3 4.41965e-005
718.55 2.87319e-005
718.6 4.29195e-005
718.65 5.14889e-005
718.85 3.88126e-005
720 3.85051e-005
720.005 3.85051e-005
720.3 4.41965e-005
720.305 4.41965e-005
720.355 5.2446e-005
720.55 2.87319e-005
720.555 2.87319e-005
720.6 4.29195e-005
720.605 4.29195e-005
720.655 5.14889e-005
720.85 3.88126e-005
720.855 3.88126e-005
722 3.85051e-005
722.55 2.87319e-005
722.6 4.29195e-005
722.85 3.88126e-005
724 3.85051e-005
724.3 4.41965e-005
724.55 2.87319e-005
724.6 4.29195e-005
724.65 5.14889e-005
724.85 3.88126e-005
725.005 3.85051e-005
725.305 4.41965e-005
725.555 2.87319e-005
725.605 4.29195e-005
725.655 5.14889e-005
725.855 3.88126e-005
726 3.85051e-005
726.3 4.41965e-005
726.55 2.87319e-005
726.6 4.29195e-005
726.85 3.88126e-005
728 3.85051e-005
728.3 4.41965e-005
728.55 2.87319e-005
728.6 4.29195e-005
728.85 3.88126e-005
730 3.85051e-005
730.005 3.85051e-005
730.3 4.41965e-005
730.305 4.41965e-005
730.355 5.2446e-005
730.55 2.87319e-005
730.555 2.87319e-005
730.6 4.29195e-005
730.605 4.29195e-005
730.655 5.14889e-005
730.85 3.88126e-005
730.855 3.88126e-005
732 3.85051e-005
732.3 4.41965e-005
732.55 2.87319e-005
732.85 3.88126e-005
734 3.85051e-005
734.3 4.41965e-005
734.35 5.2446e-005
734.55 2.87319e-005
734.6 4.29195e-005
734.65 5.14889e-005
734.85 3.88126e-005
735.005 3.85051e-005
735.355 5.2446e-005
735.555 2.87319e-005
735.655 5.14889e-005
735.855 3.88126e-005
736 3.85051e-005
736.3 4.41965e-005
736.35 5.2446e-005
736.55 2.87319e-005
736.6 4.29195e-005
736.85 3.88126e-005
738 3.85051e-005
738.55 2.87319e-005
738.6 4.29195e-005
738.85 3.88126e-005
740 3.85051e-005
740.005 3.85051e-005
740.305 4.41965e-005
740.355 5.2446e-005
740.55 2.87319e-005
740.555 2.87319e-005
740.605 4.29195e-005
740.655 5.14889e-005
740.85 3.88126e-005
742 3.85051e-005
742.3 4.41965e-005
742.55 2.87319e-005
742.6 4.29195e-005
742.85 3.88126e-005
744 3.85051e-005
744.3 4.41965e-005
744.55 2.87319e-005
744.6 4.29195e-005
744.65 5.14889e-005
744.85 3.88126e-005
745.005 3.85051e-005
745.555 2.87319e-005
745.605 4.29195e-005
745.855 3.88126e-005
746 3.85051e-005
746.3 4.41965e-005
746.55 2.87319e-005
746.6 4.29195e-005
746.85 3.88126e-005
748 3.85051e-005
748.3 4.41965e-005
748.55 2.87319e-005
748.6 4.29195e-005
748.65 5.14889e-005
748.85 3.88126e-005
750 3.85051e-005
750.005 3.85051e-005
750.305 4.41965e-005
750.355 5.2446e-005
750.55 2.87319e-005
750.555 2.87319e-005
750.6 4.29195e-005
750.605 4.29195e-005
750.65 5.14889e-005
750.655 5.14889e-005
750.85 3.88126e-005
750.855 3.88126e-005
752 3.85051e-005
752.3 4.41965e-005
752.35 5.2446e-005
752.55 2.87319e-005
752.6 4.29195e-005
752.65 5.14889e-005
752.85 3.88126e-005
754 3.85051e-005
754.3 4.41965e-005
754.35 5.2446e-005
754.55 2.87319e-005
754.6 4.29195e-005
754.85 3.88126e-005
755.005 3.85051e-005
755.305 4.41965e-005
755.355 5.2446e-005
755.555 2.87319e-005
755.605 4.29195e-005
755.655 5.14889e-005
755.855 3.88126e-005
756 3.85051e-005
756.55 2.87319e-005
756.6 4.29195e-005
756.85 3.88126e-005
758 3.85051e-005
758.3 4.41965e-005
758.55 2.87319e-005
758.6 4.29195e-005
758.65 5.14889e-005
758.85 3.88126e-005
760 3.85051e-005
760.005 3.85051e-005
760.3 4.41965e-005
760.305 4.41965e-005
760.355 5.2446e-005
760.55 2.87319e-005
760.555 2.87319e-005
760.6 4.29195e-005
760.605 4.29195e-005
760.85 3.88126e-005
760.855 3.88126e-005
762 3.85051e-005
762.3 4.41965e-005
762.35 5.2446e-005
762.55 2.87319e-005
762.85 3.88126e-005
764 3.85051e-005
764.3 4.41965e-005
764.35 5.2446e-005
764.55 2.87319e-005
764.85 3.88126e-005
765.005 3.85051e-005
765.305 4.41965e-005
765.355 5.2446e-005
765.555 2.87319e-005
765.605 4.29195e-005
765.855 3.88126e-005
766 3.85051e-005
766.3 4.41965e-005
766.55 2.87319e-005
766.6 4.29195e-005
766.65 5.14889e-005
766.85 3.88126e-005
768 3.85051e-005
768.3 4.41965e-005
768.55 2.87319e-005
768.6 4.29195e-005
768.85 3.88126e-005
770 3.85051e-005
770.005 3.85051e-005
770.3 4.41965e-005
770.305 4.41965e-005
770.55 2.87319e-005
770.555 2.87319e-005
770.6 4.29195e-005
770.605 4.29195e-005
770.65 5.14889e-005
770.85 3.88126e-005
770.855 3.88126e-005
772 3.85051e-005
772.3 4.41965e-005
772.55 2.87319e-005
772.6 4.29195e-005
772.65 5.14889e-005
772.85 3.88126e-005
774 3.85051e-005
774.3 4.41965e-005
774.55 2.87319e-005
774.6 4.29195e-005
774.85 3.88126e-005
775.005 3.85051e-005
775.305 4.41965e-005
775.555 2.87319e-005
775.605 4.29195e-005
775.855 3.88126e-005
776 3.85051e-005
776.55 2.87319e-005
776.6 4.29195e-005
776.85 3.88126e-005
778 3.85051e-005
778.55 2.87319e-005
778.6 4.29195e-005
778.65 5.14889e-005
778.85 3.88126e-005
780 3.85051e-005
780.005 3.85051e-005
780.3 4.41965e-005
780.305 4.41965e-005
780.355 5.2446e-005
780.55 2.87319e-005
780.555 2.87319e-005
780.6 4.29195e-005
780.605 4.29195e-005
780.655 5.14889e-005
780.85 3.88126e-005
780.855 3.88126e-005
782 3.85051e-005
782.3 4.41965e-005
782.55 2.87319e-005
782.6 4.29195e-005
782.85 3.88126e-005
784 3.85051e-005
784.3 4.41965e-005
784.35 5.2446e-005
784.55 2.87319e-005
784.6 4.29195e-005
784.85 3.88126e-005
785.005 3.85051e-005
785.305 4.41965e-005
785.555 2.87319e-005
785.605 4.29195e-005
785.655 5.14889e-005
785.855 3.88126e-005
786 3.85051e-005
786.3 4.41965e-005
786.55 2.87319e-005
786.6 4.29195e-005
786.65 5.14889e-005
786.85 3.88126e-005
788 3.85051e-005
788.3 4.41965e-005
788.55 2.87319e-005
788.6 4.29195e-005
788.85 3.88126e-005
790 3.85051e-005
790.005 3.85051e-005
790.3 4.41965e-005
790.305 4.41965e-005
790.355 5.2446e-005
790.55 2.87319e-005
790.555 2.87319e-005
790.6 4.29195e-005
790.605 4.29195e-005
790.65 5.14889e-005
790.655 5.14889e-005
790.855 3.88126e-005
792 3.85051e-005
792.3 4.41965e-005
792.55 2.87319e-005
792.85 3.88126e-005
794 3.85051e-005
794.3 4.41965e-005
794.55 2.87319e-005
794.6 4.29195e-005
794.85 3.88126e-005
795.005 3.85051e-005
795.305 4.41965e-005
795.355 5.2446e-005
795.555 2.87319e-005
795.605 4.29195e-005
795.655 5.14889e-005
795.855 3.88126e-005
796 3.85051e-005
796.3 4.41965e-005
796.55 2.87319e-005
796.6 4.29195e-005
796.65 5.14889e-005
796.85 3.88126e-005
798 3.85051e-005
798.3 4.41965e-005
798.35 5.2446e-005
798.55 2.87319e-005
798.6 4.29195e-005
798.65 5.14889e-005
798.85 3.88126e-005
800 3.85051e-005
800.005 3.85051e-005
800.3 4.41965e-005
800.305 4.41965e-005
800.355 5.2446e-005
800.55 2.87319e-005
800.555 2.87319e-005
800.6 4.29195e-005
800.605 4.29195e-005
800.655 5.14889e-005
800.85 3.88126e-005
800.855 3.88126e-005
802 3.85051e-005
802.3 4.41965e-005
802.55 2.87319e-005
802.6 4.29195e-005
802.85 3.88126e-005
804 3.85051e-005
804.55 2.87319e-005
804.6 4.29195e-005
804.85 3.88126e-005
805.005 3.85051e-005
805.555 2.87319e-005
805.605 4.29195e-005
805.655 5.14889e-005
805.855 3.88126e-005
806 3.85051e-005
806.3 4.41965e-005
806.55 2.87319e-005
806.6 4.29195e-005
806.65 5.14889e-005
806.85 3.88126e-005
808 3.85051e-005
808.35 5.2446e-005
808.55 2.87319e-005
808.6 4.29195e-005
808.65 5.14889e-005
808.85 3.88126e-005
810 3.85051e-005
810.005 3.85051e-005
810.3 4.41965e-005
810.305 4.41965e-005
810.55 2.87319e-005
810.555 2.87319e-005
810.605 4.29195e-005
810.655 5.14889e-005
810.85 3.88126e-005
810.855 3.88126e-005
812 3.85051e-005
812.3 4.41965e-005
812.55 2.87319e-005
812.6 4.29195e-005
812.85 3.88126e-005
814 3.85051e-005
814.3 4.41965e-005
814.55 2.87319e-005
814.6 4.29195e-005
814.65 5.14889e-005
814.85 3.88126e-005
815.005 3.85051e-005
815.305 4.41965e-005
815.555 2.87319e-005
815.605 4.29195e-005
815.855 3.88126e-005
816 3.85051e-005
816.3 4.41965e-005
816.55 2.87319e-005
816.6 4.29195e-005
816.85 3.88126e-005
818 3.85051e-005
818.3 4.41965e-005
818.35 5.2446e-005
818.55 2.87319e-005
818.6 4.29195e-005
818.65 5.14889e-005
818.85 3.88126e-005
820 3.85051e-005
820.005 3.85051e-005
820.3 4.41965e-005
820.305 4.41965e-005
820.355 5.2446e-005
820.55 2.87319e-005
820.555 2.87319e-005
820.6 4.29195e-005
820.605 4.29195e-005
820.655 5.14889e-005
820.85 3.88126e-005
820.855 3.88126e-005
822 3.85051e-005
822.55 2.87319e-005
822.6 4.29195e-005
822.85 3.88126e-005
824 3.85051e-005
824.3 4.41965e-005
824.55 2.87319e-005
824.6 4.29195e-005
824.85 3.88126e-005
825.005 3.85051e-005
825.305 4.41965e-005
825.355 5.2446e-005
825.555 2.87319e-005
825.605 4.29195e-005
825.655 5.14889e-005
825.855 3.88126e-005
826 3.85051e-005
826.3 4.41965e-005
826.35 5.2446e-005
826.55 2.87319e-005
826.6 4.29195e-005
826.85 3.88126e-005
828 3.85051e-005
828.3 4.41965e-005
828.35 5.2446e-005
828.55 2.87319e-005
828.6 4.29195e-005
828.65 5.14889e-005
828.85 3.88126e-005
830 3.85051e-005
830.005 3.85051e-005
830.3 4.41965e-005
830.305 4.41965e-005
830.355 5.2446e-005
830.55 2.87319e-005
830.555 2.87319e-005
830.6 4.29195e-005
830.605 4.29195e-005
830.65 5.14889e-005
830.85 3.88126e-005
830.855 3.88126e-005
832 3.85051e-005
832.3 4.41965e-005
832.55 2.87319e-005
832.6 4.29195e-005
832.65 5.14889e-005
832.85 3.88126e-005
834 3.85051e-005
834.3 4.41965e-005
834.55 2.87319e-005
834.6 4.29195e-005
834.65 5.14889e-005
834.85 3.88126e-005
835.005 3.85051e-005
835.305 4.41965e-005
835.555 2.87319e-005
835.605 4.29195e-005
835.855 3.88126e-005
836 3.85051e-005
836.3 4.41965e-005
836.55 2.87319e-005
836.6 4.29195e-005
836.65 5.14889e-005
836.85 3.88126e-005
838 3.85051e-005
838.3 4.41965e-005
838.55 2.87319e-005
838.6 4.29195e-005
838.85 3.88126e-005
840 3.85051e-005
840.005 3.85051e-005
840.3 4.41965e-005
840.305 4.41965e-005
840.35 5.2446e-005
840.355 5.2446e-005
840.55 2.87319e-005
840.555 2.87319e-005
840.6 4.29195e-005
840.655 5.14889e-005
840.85 3.88126e-005
840.855 3.88126e-005
842 3.85051e-005
842.3 4.41965e-005
842.55 2.87319e-005
842.6 4.29195e-005
842.85 3.88126e-005
844 3.85051e-005
844.3 4.41965e-005
844.35 5.2446e-005
844.55 2.87319e-005
844.6 4.29195e-005
844.85 3.88126e-005
845.005 3.85051e-005
845.305 4.41965e-005
845.555 2.87319e-005
845.605 4.29195e-005
845.655 5.14889e-005
845.855 3.88126e-005
846 3.85051e-005
846.3 4.41965e-005
846.55 2.87319e-005
846.65 5.14889e-005
846.85 3.88126e-005
848 3.85051e-005
848.3 4.41965e-005
848.55 2.87319e-005
848.6 4.29195e-005
848.65 5.14889e-005
848.85 3.88126e-005
850 3.85051e-005
850.005 3.85051e-005
850.3 4.41965e-005
850.305 4.41965e-005
850.355 5.2446e-005
850.55 2.87319e-005
850.555 2.87319e-005
850.6 4.29195e-005
850.605 4.29195e-005
850.655 5.14889e-005
850.85 3.88126e-005
850.855 3.88126e-005
852 3.85051e-005
852.3 4.41965e-005
852.55 2.87319e-005
852.6 4.29195e-005
852.65 5.14889e-005
852.85 3.88126e-005
854 3.85051e-005
854.3 4.41965e-005
854.55 2.87319e-005
854.6 4.29195e-005
854.65 5.14889e-005
854.85 3.88126e-005
855.005 3.85051e-005
855.305 4.41965e-005
855.555 2.87319e-005
855.605 4.29195e-005
855.655 5.14889e-005
855.855 3.88126e-005
856 3.85051e-005
856.3 4.41965e-005
856.55 2.87319e-005
856.6 4.29195e-005
856.85 3.88126e-005
858 3.85051e-005
858.3 4.41965e-005
858.55 2.87319e-005
858.6 4.29195e-005
858.65 5.14889e-005
858.85 3.88126e-005
860 3.85051e-005
860.005 3.85051e-005
860.3 4.41965e-005
860.305 4.41965e-005
860.355 5.2446e-005
860.55 2.87319e-005
860.555 2.87319e-005
860.6 4.29195e-005
860.605 4.29195e-005
860.655 5.14889e-005
860.85 3.88126e-005
860.855 3.88126e-005
862 3.85051e-005
862.3 4.41965e-005
862.55 2.87319e-005
862.6 4.29195e-005
862.65 5.14889e-005
862.85 3.88126e-005
864 3.85051e-005
864.3 4.41965e-005
864.55 2.87319e-005
864.6 4.29195e-005
864.65 5.14889e-005
864.85 3.88126e-005
865.005 3.85051e-005
865.305 4.41965e-005
865.355 5.2446e-005
865.555 2.87319e-005
865.605 4.29195e-005
865.855 3.88126e-005
866 3.85051e-005
866.3 4.41965e-005
866.55 2.87319e-005
866.6 4.29195e-005
866.85 3.88126e-005
868 3.85051e-005
868.3 4.41965e-005
868.55 2.87319e-005
868.6 4.29195e-005
868.65 5.14889e-005
868.85 3.88126e-005
870 3.85051e-005
870.005 3.85051e-005
870.3 4.41965e-005
870.305 4.41965e-005
870.355 5.2446e-005
870.55 2.87319e-005
870.555 2.87319e-005
870.6 4.29195e-005
870.605 4.29195e-005
870.655 5.14889e-005
870.85 3.88126e-005
870.855 3.88126e-005
872 3.85051e-005
872.3 4.41965e-005
872.55 2.87319e-005
872.6 4.29195e-005
872.85 3.88126e-005
874 3.85051e-005
874.55 2.87319e-005
874.6 4.29195e-005
874.65 5.14889e-005
874.85 3.88126e-005
875.005 3.85051e-005
875.555 2.87319e-005
875.605 4.29195e-005
875.655 5.14889e-005
875.855 3.88126e-005
876 3.85051e-005
876.3 4.41965e-005
876.35 5.2446e-005
876.55 2.87319e-005
876.6 4.29195e-005
876.65 5.14889e-005
876.85 3.88126e-005
878 3.85051e-005
878.3 4.41965e-005
878.55 2.87319e-005
878.6 4.29195e-005
878.65 5.14889e-005
878.85 3.88126e-005
880 3.85051e-005
880.005 3.85051e-005
880.305 4.41965e-005
880.355 5.2446e-005
880.55 2.87319e-005
880.555 2.87319e-005
880.6 4.29195e-005
880.605 4.29195e-005
880.655 5.14889e-005
880.85 3.88126e-005
880.855 3.88126e-005
882 3.85051e-005
882.3 4.41965e-005
882.55 2.87319e-005
882.6 4.29195e-005
882.65 5.14889e-005
882.85 3.88126e-005
884 3.85051e-005
884.55 2.87319e-005
884.6 4.29195e-005
884.85 3.88126e-005
885.005 3.85051e-005
885.305 4.41965e-005
885.355 5.2446e-005
885.555 2.87319e-005
885.605 4.29195e-005
885.655 5.14889e-005
885.855 3.88126e-005
886 3.85051e-005
886.55 2.87319e-005
886.6 4.29195e-005
886.65 5.14889e-005
886.85 3.88126e-005
888 3.85051e-005
888.3 4.41965e-005
888.55 2.87319e-005
888.6 4.29195e-005
888.85 3.88126e-005
890 3.85051e-005
890.005 3.85051e-005
890.3 4.41965e-005
890.305 4.41965e-005
890.35 5.2446e-005
890.355 5.2446e-005
890.55 2.87319e-005
890.555 2.87319e-005
890.6 4.29195e-005
890.605 4.29195e-005
890.65 5.14889e-005
890.655 5.14889e-005
890.85 3.88126e-005
890.855 3.88126e-005
892 3.85051e-005
892.35 5.2446e-005
892.55 2.87319e-005
892.6 4.29195e-005
892.65 5.14889e-005
892.85 3.88126e-005
894 3.85051e-005
894.3 4.41965e-005
894.55 2.87319e-005
894.65 5.14889e-005
894.85 3.88126e-005
895.005 3.85051e-005
895.305 4.41965e-005
895.355 5.2446e-005
895.555 2.87319e-005
895.605 4.29195e-005
895.655 5.14889e-005
895.855 3.88126e-005
896 3.85051e-005
896.3 4.41965e-005
896.35 5.2446e-005
896.55 2.87319e-005
896.85 3.88126e-005
898 3.85051e-005
898.3 4.41965e-005
898.35 5.2446e-005
898.55 2.87319e-005
898.6 4.29195e-005
898.85 3.88126e-005
900 3.85051e-005
900.005 3.85051e-005
900.3 4.41965e-005
900.305 4.41965e-005
900.355 5.2446e-005
900.55 2.87319e-005
900.555 2.87319e-005
900.6 4.29195e-005
900.605 4.29195e-005
900.655 5.14889e-005
900.85 3.88126e-005
900.855 3.88126e-005
902 3.85051e-005
902.3 4.41965e-005
902.55 2.87319e-005
902.6 4.29195e-005
902.85 3.88126e-005
904 3.85051e-005
904.3 4.41965e-005
904.35 5.2446e-005
904.55 2.87319e-005
904.6 4.29195e-005
904.85 3.88126e-005
905.005 3.85051e-005
905.305 4.41965e-005
905.555 2.87319e-005
905.605 4.29195e-005
905.655 5.14889e-005
905.855 3.88126e-005
906 3.85051e-005
906.3 4.41965e-005
906.55 2.87319e-005
906.6 4.29195e-005
906.85 3.88126e-005
908 3.85051e-005
908.3 4.41965e-005
908.55 2.87319e-005
908.6 4.29195e-005
908.65 5.14889e-005
908.85 3.88126e-005
910 3.85051e-005
910.005 3.85051e-005
910.3 4.41965e-005
910.305 4.41965e-005
910.35 5.2446e-005
910.355 5.2446e-005
910.55 2.87319e-005
910.555 2.87319e-005
910.6 4.29195e-005
910.605 4.29195e-005
910.65 5.14889e-005
910.655 5.14889e-005
910.85 3.88126e-005
910.855 3.88126e-005
912 3.85051e-005
912.3 4.41965e-005
912.55 2.87319e-005
912.6 4.29195e-005
912.85 3.88126e-005
914 3.85051e-005
914.3 4.41965e-005
914.55 2.87319e-005
914.6 4.29195e-005
914.85 3.88126e-005
915.005 3.85051e-005
915.305 4.41965e-005
915.355 5.2446e-005
915.555 2.87319e-005
915.605 4.29195e-005
915.855 3.88126e-005
916 3.85051e-005
916.3 4.41965e-005
916.55 2.87319e-005
916.6 4.29195e-005
916.85 3.88126e-005
918 3.85051e-005
918.3 4.41965e-005
918.55 2.87319e-005
918.6 4.29195e-005
918.85 3.88126e-005
920 3.85051e-005
920.005 3.85051e-005
920.3 4.41965e-005
920.305 4.41965e-005
920.55 2.87319e-005
920.555 2.87319e-005
920.6 4.29195e-005
920.605 4.29195e-005
920.85 3.88126e-005
920.855 3.88126e-005
922 3.85051e-005
922.3 4.41965e-005
922.55 2.87319e-005
922.6 4.29195e-005
922.85 3.88126e-005
924 3.85051e-005
924.3 4.41965e-005
924.55 2.87319e-005
924.6 4.29195e-005
924.65 5.14889e-005
924.85 3.88126e-005
925.005 3.85051e-005
925.305 4.41965e-005
925.555 2.87319e-005
925.605 4.29195e-005
925.855 3.88126e-005
926 3.85051e-005
926.3 4.41965e-005
926.55 2.87319e-005
926.6 4.29195e-005
926.85 3.88126e-005
928 3.85051e-005
928.3 4.41965e-005
928.35 5.2446e-005
928.55 2.87319e-005
928.6 4.29195e-005
928.65 5.14889e-005
928.85 3.88126e-005
930 3.85051e-005
930.005 3.85051e-005
930.3 4.41965e-005
930.305 4.41965e-005
930.355 5.2446e-005
930.55 2.87319e-005
930.555 2.87319e-005
930.6 4.29195e-005
930.605 4.29195e-005
930.655 5.14889e-005
930.85 3.88126e-005
930.855 3.88126e-005
932 3.85051e-005
932.3 4.41965e-005
932.55 2.87319e-005
932.6 4.29195e-005
932.85 3.88126e-005
934 3.85051e-005
934.3 4.41965e-005
934.35 5.2446e-005
934.55 2.87319e-005
934.6 4.29195e-005
934.65 5.14889e-005
934.85 3.88126e-005
935.005 3.85051e-005
935.305 4.41965e-005
935.555 2.87319e-005
935.605 4.29195e-005
935.855 3.88126e-005
936 3.85051e-005
936.3 4.41965e-005
936.55 2.87319e-005
936.6 4.29195e-005
936.85 3.88126e-005
938 3.85051e-005
938.3 4.41965e-005
938.55 2.87319e-005
938.6 4.29195e-005
938.85 3.88126e-005
940 3.85051e-005
940.005 3.85051e-005
940.3 4.41965e-005
940.305 4.41965e-005
940.35 5.2446e-005
940.55 2.87319e-005
940.555 2.87319e-005
940.6 4.29195e-005
940.605 4.29195e-005
940.655 5.14889e-005
940.85 3.88126e-005
940.855 3.88126e-005
942 3.85051e-005
942.3 4.41965e-005
942.55 2.87319e-005
942.6 4.29195e-005
942.85 3.88126e-005
944 3.85051e-005
944.3 4.41965e-005
944.55 2.87319e-005
944.6 4.29195e-005
944.65 5.14889e-005
944.85 3.88126e-005
945.005 3.85051e-005
945.305 4.41965e-005
945.355 5.2446e-005
945.555 2.87319e-005
945.605 4.29195e-005
945.655 5.14889e-005
945.855 3.88126e-005
946 3.85051e-005
946.3 4.41965e-005
946.55 2.87319e-005
946.6 4.29195e-005
946.65 5.14889e-005
946.85 3.88126e-005
948 3.85051e-005
948.3 4.41965e-005
948.55 2.87319e-005
948.6 4.29195e-005
948.65 5.14889e-005
948.85 3.88126e-005
950 3.85051e-005
950.005 3.85051e-005
950.3 4.41965e-005
950.305 4.41965e-005
950.35 5.2446e-005
950.55 2.87319e-005
950.555 2.87319e-005
950.655 5.14889e-005
950.85 3.88126e-005
950.855 3.88126e-005
952 3.85051e-005
952.3 4.41965e-005
952.55 2.87319e-005
952.6 4.29195e-005
952.85 3.88126e-005
954 3.85051e-005
954.55 2.87319e-005
954.6 4.29195e-005
954.65 5.14889e-005
954.85 3.88126e-005
955.005 3.85051e-005
955.305 4.41965e-005
955.555 2.87319e-005
955.605 4.29195e-005
955.855 3.88126e-005
956 3.85051e-005
956.55 2.87319e-005
956.6 4.29195e-005
958 3.85051e-005
958.3 4.41965e-005
958.55 2.87319e-005
958.6 4.29195e-005
958.65 5.14889e-005
958.85 3.88126e-005
960 3.85051e-005
960.005 3.85051e-005
960.3 4.41965e-005
960.305 4.41965e-005
960.355 5.2446e-005
960.55 2.87319e-005
960.555 2.87319e-005
960.6 4.29195e-005
960.605 4.29195e-005
960.65 5.14889e-005
960.655 5.14889e-005
960.85 3.88126e-005
960.855 3.88126e-005
962 3.85051e-005
962.3 4.41965e-005
962.35 5.2446e-005
962.55 2.87319e-005
962.6 4.29195e-005
962.85 3.88126e-005
964 3.85051e-005
964.55 2.87319e-005
964.6 4.29195e-005
964.65 5.14889e-005
964.85 3.88126e-005
965.005 3.85051e-005
965.305 4.41965e-005
965.355 5.2446e-005
965.555 2.87319e-005
965.605 4.29195e-005
965.655 5.14889e-005
965.855 3.88126e-005
966 3.85051e-005
966.3 4.41965e-005
966.55 2.87319e-005
966.6 4.29195e-005
966.65 5.14889e-005
966.85 3.88126e-005
968 3.85051e-005
968.55 2.87319e-005
968.6 4.29195e-005
968.85 3.88126e-005
970 3.85051e-005
970.005 3.85051e-005
970.3 4.41965e-005
970.305 4.41965e-005
970.55 2.87319e-005
970.555 2.87319e-005
970.6 4.29195e-005
970.605 4.29195e-005
970.655 5.14889e-005
970.85 3.88126e-005
970.855 3.88126e-005
972 3.85051e-005
972.3 4.41965e-005
972.55 2.87319e-005
972.85 3.88126e-005
974 3.85051e-005
974.3 4.41965e-005
974.55 2.87319e-005
974.6 4.29195e-005
974.65 5.14889e-005
974.85 3.88126e-005
975.005 3.85051e-005
975.305 4.41965e-005
975.355 5.2446e-005
975.555 2.87319e-005
975.605 4.29195e-005
975.655 5.14889e-005
975.855 3.88126e-005
976 3.85051e-005
976.3 4.41965e-005
976.55 2.87319e-005
976.6 4.29195e-005
976.85 3.88126e-005
978 3.85051e-005
978.55 2.87319e-005
978.6 4.29195e-005
978.65 5.14889e-005
978.85 3.88126e-005
980 3.85051e-005
980.005 3.85051e-005
980.3 4.41965e-005
980.305 4.41965e-005
980.355 5.2446e-005
980.55 2.87319e-005
980.555 2.87319e-005
980.6 4.29195e-005
980.605 4.29195e-005
980.655 5.14889e-005
980.85 3.88126e-005
980.855 3.88126e-005
982 3.85051e-005
982.3 4.41965e-005
982.55 2.87319e-005
982.85 3.88126e-005
984 3.85051e-005
984.3 4.41965e-005
984.35 5.2446e-005
984.55 2.87319e-005
984.6 4.29195e-005
984.85 3.88126e-005
985.005 3.85051e-005
985.305 4.41965e-005
985.355 5.2446e-005
985.555 2.87319e-005
985.605 4.29195e-005
985.855 3.88126e-005
986 3.85051e-005
986.3 4.41965e-005
986.55 2.87319e-005
986.6 4.29195e-005
986.85 3.88126e-005
988 3.85051e-005
988.3 4.41965e-005
988.55 2.87319e-005
988.6 4.29195e-005
988.85 3.88126e-005
990 3.85051e-005
990.005 3.85051e-005
990.305 4.41965e-005
990.35 5.2446e-005
990.355 5.2446e-005
990.55 2.87319e-005
990.555 2.87319e-005
990.6 4.29195e-005
990.605 4.29195e-005
990.85 3.88126e-005
990.855 3.88126e-005
992 3.85051e-005
992.3 4.41965e-005
992.55 2.87319e-005
992.6 4.29195e-005
992.85 3.88126e-005
994 3.85051e-005
994.3 4.41965e-005
994.35 5.2446e-005
994.55 2.87319e-005
994.6 4.29195e-005
994.85 3.88126e-005
995.005 3.85051e-005
995.305 4.41965e-005
995.555 2.87319e-005
995.605 4.29195e-005
995.655 5.14889e-005
995.855 3.88126e-005
996 3.85051e-005
996.3 4.41965e-005
996.55 2.87319e-005
996.6 4.29195e-005
996.85 3.88126e-005
998 3.85051e-005
998.3 4.41965e-005
998.55 2.87319e-005
998.6 4.29195e-005
998.85 3.88126e-005
1000 3.85051e-005
1000.01 3.85051e-005
1000.3 4.41965e-005
1000.31 4.41965e-005
1000.36 5.2446e-005
1000.55 2.87319e-005
1000.56 2.87319e-005
1000.61 4.29195e-005
1000.85 3.88126e-005
1000.86 3.88126e-005
1002 3.85051e-005
1002.3 4.41965e-005
1002.55 2.87319e-005
1002.6 4.29195e-005
1002.65 5.14889e-005
1002.85 3.88126e-005
1004 3.85051e-005
1004.3 4.41965e-005
1004.35 5.2446e-005
1004.55 2.87319e-005
1004.6 4.29195e-005
1004.85 3.88126e-005
1005.01 3.85051e-005
1005.31 4.41965e-005
1005.56 2.87319e-005
1005.61 4.29195e-005
1005.66 5.14889e-005
1005.86 3.88126e-005
1006 3.85051e-005
1006.3 4.41965e-005
1006.55 2.87319e-005
1006.6 4.29195e-005
1006.85 3.88126e-005
1008 3.85051e-005
1008.3 4.41965e-005
1008.55 2.87319e-005
1008.6 4.29195e-005
1008.85 3.88126e-005
1010 3.85051e-005
1010.01 3.85051e-005
1010.3 4.41965e-005
1010.31 4.41965e-005
1010.36 5.2446e-005
1010.55 2.87319e-005
1010.56 2.87319e-005
1010.6 4.29195e-005
1010.61 4.29195e-005
1010.85 3.88126e-005
1010.86 3.88126e-005
1012 3.85051e-005
1012.3 4.41965e-005
1012.55 2.87319e-005
1012.85 3.88126e-005
1014 3.85051e-005
1014.3 4.41965e-005
1014.55 2.87319e-005
1014.6 4.29195e-005
1014.65 5.14889e-005
1014.85 3.88126e-005
1015.01 3.85051e-005
1015.31 4.41965e-005
1015.56 2.87319e-005
1015.61 4.29195e-005
1015.66 5.14889e-005
1015.86 3.88126e-005
1016 3.85051e-005
1016.3 4.41965e-005
1016.55 2.87319e-005
1016.6 4.29195e-005
1016.85 3.88126e-005
1018 3.85051e-005
1018.3 4.41965e-005
1018.55 2.87319e-005
1018.6 4.29195e-005
1018.85 3.88126e-005
1020 3.85051e-005
1020.01 3.85051e-005
1020.3 4.41965e-005
1020.31 4.41965e-005
1020.36 5.2446e-005
1020.55 2.87319e-005
1020.56 2.87319e-005
1020.6 4.29195e-005
1020.61 4.29195e-005
1020.65 5.14889e-005
1020.66 5.14889e-005
1020.85 3.88126e-005
1020.86 3.88126e-005
1022 3.85051e-005
1022.3 4.41965e-005
1022.55 2.87319e-005
1022.6 4.29195e-005
1022.65 5.14889e-005
1022.85 3.88126e-005
1024 3.85051e-005
1024.3 4.41965e-005
1024.55 2.87319e-005
1024.6 4.29195e-005
1024.65 5.14889e-005
1024.85 3.88126e-005
1025.01 3.85051e-005
1025.31 4.41965e-005
1025.36 5.2446e-005
1025.56 2.87319e-005
1025.61 4.29195e-005
1025.66 5.14889e-005
1025.86 3.88126e-005
1026 3.85051e-005
1026.3 4.41965e-005
1026.35 5.2446e-005
1026.55 2.87319e-005
1026.6 4.29195e-005
1026.85 3.88126e-005
1028 3.85051e-005
1028.55 2.87319e-005
1028.6 4.29195e-005
1028.65 5.14889e-005
1028.85 3.88126e-005
1030 3.85051e-005
1030.01 3.85051e-005
1030.31 4.41965e-005
1030.36 5.2446e-005
1030.55 2.87319e-005
1030.56 2.87319e-005
1030.6 4.29195e-005
1030.61 4.29195e-005
1030.66 5.14889e-005
1030.85 3.88126e-005
1030.86 3.88126e-005
1032 3.85051e-005
1032.3 4.41965e-005
1032.55 2.87319e-005
1032.6 4.29195e-005
1032.85 3.88126e-005
1034 3.85051e-005
1034.3 4.41965e-005
1034.35 5.2446e-005
1034.55 2.87319e-005
1034.6 4.29195e-005
1034.65 5.14889e-005
1034.85 3.88126e-005
1035.01 3.85051e-005
1035.31 4.41965e-005
1035.36 5.2446e-005
1035.56 2.87319e-005
1035.61 4.29195e-005
1035.86 3.88126e-005
1036 3.85051e-005
1036.55 2.87319e-005
1036.6 4.29195e-005
1036.85 3.88126e-005
1038 3.85051e-005
1038.3 4.41965e-005
1038.35 5.2446e-005
1038.55 2.87319e-005
1038.6 4.29195e-005
1038.65 5.14889e-005
1038.85 3.88126e-005
1040 3.85051e-005
1040.01 3.85051e-005
1040.3 4.41965e-005
1040.31 4.41965e-005
1040.36 5.2446e-005
1040.55 2.87319e-005
1040.56 2.87319e-005
1040.6 4.29195e-005
1040.61 4.29195e-005
1040.66 5.14889e-005
1040.85 3.88126e-005
1040.86 3.88126e-005
1042 3.85051e-005
1042.3 4.41965e-005
1042.55 2.87319e-005
1042.6 4.29195e-005
1042.85 3.88126e-005
1044 3.85051e-005
1044.3 4.41965e-005
1044.55 2.87319e-005
1044.6 4.29195e-005
1044.85 3.88126e-005
1045.01 3.85051e-005
1045.31 4.41965e-005
1045.56 2.87319e-005
1045.61 4.29195e-005
1045.86 3.88126e-005
1046 3.85051e-005
1046.3 4.41965e-005
1046.55 2.87319e-005
1046.6 4.29195e-005
1046.85 3.88126e-005
1048 3.85051e-005
1048.3 4.41965e-005
1048.35 5.2446e-005
1048.55 2.87319e-005
1048.6 4.29195e-005
1048.65 5.14889e-005
1048.85 3.88126e-005
1050 3.85051e-005
1050.01 3.85051e-005
1050.3 4.41965e-005
1050.31 4.41965e-005
1050.35 5.2446e-005
1050.36 5.2446e-005
1050.55 2.87319e-005
1050.56 2.87319e-005
1050.6 4.29195e-005
1050.61 4.29195e-005
1050.65 5.14889e-005
1050.66 5.14889e-005
1050.85 3.88126e-005
1050.86 3.88126e-005
1052 3.85051e-005
1052.3 4.41965e-005
1052.35 5.2446e-005
1052.55 2.87319e-005
1052.6 4.29195e-005
1052.65 5.14889e-005
1054 3.85051e-005
1054.3 4.41965e-005
1054.55 2.87319e-005
1054.6 4.29195e-005
1054.85 3.88126e-005
1055.01 3.85051e-005
1055.31 4.41965e-005
1055.56 2.87319e-005
1055.61 4.29195e-005
1055.66 5.14889e-005
1055.86 3.88126e-005
1056 3.85051e-005
1056.3 4.41965e-005
1056.55 2.87319e-005
1056.6 4.29195e-005
1056.85 3.88126e-005
1058 3.85051e-005
1058.3 4.41965e-005
1058.55 2.87319e-005
1058.85 3.88126e-005
1060 3.85051e-005
1060.01 3.85051e-005
1060.3 4.41965e-005
1060.31 4.41965e-005
1060.36 5.2446e-005
1060.55 2.87319e-005
1060.56 2.87319e-005
1060.6 4.29195e-005
1060.61 4.29195e-005
1060.65 5.14889e-005
1060.66 5.14889e-005
1060.85 3.88126e-005
1060.86 3.88126e-005
1062 3.85051e-005
1062.55 2.87319e-005
1062.6 4.29195e-005
1062.85 3.88126e-005
1064 3.85051e-005
1064.55 2.87319e-005
1064.6 4.29195e-005
1064.65 5.14889e-005
1064.85 3.88126e-005
1065.01 3.85051e-005
1065.31 4.41965e-005
1065.56 2.87319e-005
1065.61 4.29195e-005
1065.66 5.14889e-005
1065.86 3.88126e-005
1066 3.85051e-005
1066.3 4.41965e-005
1066.35 5.2446e-005
1066.55 2.87319e-005
1066.6 4.29195e-005
1066.85 3.88126e-005
1068 3.85051e-005
1068.3 4.41965e-005
1068.55 2.87319e-005
1068.6 4.29195e-005
1068.65 5.14889e-005
1068.85 3.88126e-005
1070 3.85051e-005
1070.01 3.85051e-005
1070.3 4.41965e-005
1070.31 4.41965e-005
1070.36 5.2446e-005
1070.55 2.87319e-005
1070.56 2.87319e-005
1070.6 4.29195e-005
1070.61 4.29195e-005
1070.65 5.14889e-005
1070.66 5.14889e-005
1070.85 3.88126e-005
1070.86 3.88126e-005
1072 3.85051e-005
1072.3 4.41965e-005
1072.35 5.2446e-005
1072.55 2.87319e-005
1072.6 4.29195e-005
1072.65 5.14889e-005
1074 3.85051e-005
1074.55 2.87319e-005
1074.6 4.29195e-005
1074.65 5.14889e-005
1074.85 3.88126e-005
1075.01 3.85051e-005
1075.31 4.41965e-005
1075.36 5.2446e-005
1075.56 2.87319e-005
1075.61 4.29195e-005
1075.86 3.88126e-005
1076 3.85051e-005
1076.3 4.41965e-005
1076.55 2.87319e-005
1076.6 4.29195e-005
1076.65 5.14889e-005
1076.85 3.88126e-005
1078 3.85051e-005
1078.3 4.41965e-005
1078.55 2.87319e-005
1078.6 4.29195e-005
1078.85 3.88126e-005
1080 3.85051e-005
1080.01 3.85051e-005
1080.31 4.41965e-005
1080.35 5.2446e-005
1080.36 5.2446e-005
1080.55 2.87319e-005
1080.56 2.87319e-005
1080.6 4.29195e-005
1080.61 4.29195e-005
1080.66 5.14889e-005
1080.85 3.88126e-005
1080.86 3.88126e-005
1082 3.85051e-005
1082.3 4.41965e-005
1082.55 2.87319e-005
1082.6 4.29195e-005
1082.65 5.14889e-005
1082.85 3.88126e-005
1084.3 4.41965e-005
1084.35 5.2446e-005
1084.55 2.87319e-005
1084.6 4.29195e-005
1084.85 3.88126e-005
1085.01 3.85051e-005
1085.31 4.41965e-005
1085.36 5.2446e-005
1085.56 2.87319e-005
1085.61 4.29195e-005
1085.86 3.88126e-005
1086 3.85051e-005
1086.3 4.41965e-005
1086.35 5.2446e-005
1086.55 2.87319e-005
1086.6 4.29195e-005
1086.85 3.88126e-005
1088 3.85051e-005
1088.3 4.41965e-005
1088.55 2.87319e-005
1088.6 4.29195e-005
1088.85 3.88126e-005
1090 3.85051e-005
1090.01 3.85051e-005
1090.3 4.41965e-005
1090.31 4.41965e-005
1090.36 5.2446e-005
1090.55 2.87319e-005
1090.56 2.87319e-005
1090.6 4.29195e-005
1090.61 4.29195e-005
1090.65 5.14889e-005
1090.85 3.88126e-005
1090.86 3.88126e-005
1092 3.85051e-005
1092.3 4.41965e-005
1092.55 2.87319e-005
1092.85 3.88126e-005
1094 3.85051e-005
1094.3 4.41965e-005
1094.55 2.87319e-005
1094.6 4.29195e-005
1094.65 5.14889e-005
1094.85 3.88126e-005
1095.01 3.85051e-005
1095.36 5.2446e-005
1095.56 2.87319e-005
1095.86 3.88126e-005
1096 3.85051e-005
1096.3 4.41965e-005
1096.55 2.87319e-005
1096.6 4.29195e-005
1096.85 3.88126e-005
1098 3.85051e-005
1098.3 4.41965e-005
1098.55 2.87319e-005
1098.6 4.29195e-005
1098.65 5.14889e-005
1098.85 3.88126e-005
1100 3.85051e-005
1100.01 3.85051e-005
1100.3 4.41965e-005
1100.31 4.41965e-005
1100.55 2.87319e-005
1100.56 2.87319e-005
1100.61 4.29195e-005
1100.66 5.14889e-005
1100.85 3.88126e-005
1100.86 3.88126e-005
1102 3.85051e-005
1102.55 2.87319e-005
1102.6 4.29195e-005
1102.65 5.14889e-005
1102.85 3.88126e-005
1104 3.85051e-005
1104.3 4.41965e-005
1104.55 2.87319e-005
1104.6 4.29195e-005
1104.85 3.88126e-005
1105.01 3.85051e-005
1105.56 2.87319e-005
1105.61 4.29195e-005
1105.66 5.14889e-005
1105.86 3.88126e-005
1106 3.85051e-005
1106.3 4.41965e-005
1106.55 2.87319e-005
1106.6 4.29195e-005
1106.85 3.88126e-005
1108 3.85051e-005
1108.3 4.41965e-005
1108.55 2.87319e-005
1108.6 4.29195e-005
1108.85 3.88126e-005
1110 3.85051e-005
1110.01 3.85051e-005
1110.3 4.41965e-005
1110.31 4.41965e-005
1110.36 5.2446e-005
1110.55 2.87319e-005
1110.56 2.87319e-005
1110.6 4.29195e-005
1110.61 4.29195e-005
1110.66 5.14889e-005
1110.85 3.88126e-005
1110.86 3.88126e-005
1112 3.85051e-005
1112.55 2.87319e-005
1112.6 4.29195e-005
1112.65 5.14889e-005
1112.85 3.88126e-005
1114 3.85051e-005
1114.3 4.41965e-005
1114.35 5.2446e-005
1114.55 2.87319e-005
1114.6 4.29195e-005
1114.65 5.14889e-005
1114.85 3.88126e-005
1115.01 3.85051e-005
1115.31 4.41965e-005
1115.36 5.2446e-005
1115.56 2.87319e-005
1115.61 4.29195e-005
1115.66 5.14889e-005
1115.86 3.88126e-005
1116 3.85051e-005
1116.3 4.41965e-005
1116.55 2.87319e-005
1116.85 3.88126e-005
1118 3.85051e-005
1118.3 4.41965e-005
1118.55 2.87319e-005
1118.6 4.29195e-005
1118.65 5.14889e-005
1118.85 3.88126e-005
1120 3.85051e-005
1120.01 3.85051e-005
1120.3 4.41965e-005
1120.31 4.41965e-005
1120.36 5.2446e-005
1120.55 2.87319e-005
1120.56 2.87319e-005
1120.6 4.29195e-005
1120.61 4.29195e-005
1120.66 5.14889e-005
1120.85 3.88126e-005
1120.86 3.88126e-005
1122 3.85051e-005
1122.3 4.41965e-005
1122.55 2.87319e-005
1122.6 4.29195e-005
1122.65 5.14889e-005
1122.85 3.88126e-005
1124 3.85051e-005
1124.3 4.41965e-005
1124.55 2.87319e-005
1124.6 4.29195e-005
1124.65 5.14889e-005
1124.85 3.88126e-005
1125.01 3.85051e-005
1125.31 4.41965e-005
1125.56 2.87319e-005
1125.61 4.29195e-005
1125.86 3.88126e-005
1126 3.85051e-005
1126.3 4.41965e-005
1126.35 5.2446e-005
1126.55 2.87319e-005
1126.6 4.29195e-005
1126.85 3.88126e-005
1128 3.85051e-005
1128.3 4.41965e-005
1128.55 2.87319e-005
1128.6 4.29195e-005
1128.65 5.14889e-005
1128.85 3.88126e-005
1130 3.85051e-005
1130.01 3.85051e-005
1130.3 4.41965e-005
1130.31 4.41965e-005
1130.55 2.87319e-005
1130.56 2.87319e-005
1130.6 4.29195e-005
1130.61 4.29195e-005
1130.66 5.14889e-005
1130.85 3.88126e-005
1130.86 3.88126e-005
1132 3.85051e-005
1132.3 4.41965e-005
1132.55 2.87319e-005
1132.6 4.29195e-005
1132.85 3.88126e-005
1134 3.85051e-005
1134.55 2.87319e-005
1134.6 4.29195e-005
1134.65 5.14889e-005
1134.85 3.88126e-005
1135.01 3.85051e-005
1135.56 2.87319e-005
1135.61 4.29195e-005
1135.86 3.88126e-005
1136 3.85051e-005
1136.3 4.41965e-005
1136.55 2.87319e-005
1136.6 4.29195e-005
1136.65 5.14889e-005
1136.85 3.88126e-005
1138 3.85051e-005
1138.3 4.41965e-005
1138.55 2.87319e-005
1138.6 4.29195e-005
1138.65 5.14889e-005
1138.85 3.88126e-005
1140 3.85051e-005
1140.01 3.85051e-005
1140.3 4.41965e-005
1140.31 4.41965e-005
1140.36 5.2446e-005
1140.55 2.87319e-005
1140.56 2.87319e-005
1140.6 4.29195e-005
1140.61 4.29195e-005
1140.65 5.14889e-005
1140.66 5.14889e-005
1140.85 3.88126e-005
1140.86 3.88126e-005
1142 3.85051e-005
1142.3 4.41965e-005
1142.35 5.2446e-005
1142.55 2.87319e-005
1142.6 4.29195e-005
1142.85 3.88126e-005
1144 3.85051e-005
1144.55 2.87319e-005
1144.6 4.29195e-005
1144.65 5.14889e-005
1144.85 3.88126e-005
1145.01 3.85051e-005
1145.31 4.41965e-005
1145.56 2.87319e-005
1145.61 4.29195e-005
1145.66 5.14889e-005
1145.86 3.88126e-005
1146 3.85051e-005
1146.55 2.87319e-005
1146.6 4.29195e-005
1146.65 5.14889e-005
1146.85 3.88126e-005
1148 3.85051e-005
1148.55 2.87319e-005
1148.6 4.29195e-005
1148.65 5.14889e-005
1148.85 3.88126e-005
1150 3.85051e-005
1150.01 3.85051e-005
1150.3 4.41965e-005
1150.31 4.41965e-005
1150.36 5.2446e-005
1150.55 2.87319e-005
1150.56 2.87319e-005
1150.6 4.29195e-005
1150.61 4.29195e-005
1150.66 5.14889e-005
1150.85 3.88126e-005
1150.86 3.88126e-005
1152 3.85051e-005
1152.3 4.41965e-005
1152.55 2.87319e-005
1152.6 4.29195e-005
1152.85 3.88126e-005
1154 3.85051e-005
1154.55 2.87319e-005
1154.6 4.29195e-005
1154.65 5.14889e-005
1154.85 3.88126e-005
1155.01 3.85051e-005
1155.31 4.41965e-005
1155.36 5.2446e-005
1155.56 2.87319e-005
1155.61 4.29195e-005
1155.86 3.88126e-005
1156 3.85051e-005
1156.3 4.41965e-005
1156.55 2.87319e-005
1156.6 4.29195e-005
1156.85 3.88126e-005
1158 3.85051e-005
1158.3 4.41965e-005
1158.55 2.87319e-005
1158.6 4.29195e-005
1158.85 3.88126e-005
1160 3.85051e-005
1160.01 3.85051e-005
1160.3 4.41965e-005
1160.31 4.41965e-005
1160.55 2.87319e-005
1160.56 2.87319e-005
1160.6 4.29195e-005
1160.61 4.29195e-005
1160.85 3.88126e-005
1160.86 3.88126e-005
1162 3.85051e-005
1162.3 4.41965e-005
1162.55 2.87319e-005
1162.6 4.29195e-005
1162.85 3.88126e-005
1164 3.85051e-005
1164.3 4.41965e-005
1164.55 2.87319e-005
1164.6 4.29195e-005
1164.65 5.14889e-005
1164.85 3.88126e-005
1165.01 3.85051e-005
1165.31 4.41965e-005
1165.56 2.87319e-005
1165.61 4.29195e-005
1165.86 3.88126e-005
1166 3.85051e-005
1166.55 2.87319e-005
1166.65 5.14889e-005
1166.85 3.88126e-005
1168 3.85051e-005
1168.3 4.41965e-005
1168.35 5.2446e-005
1168.55 2.87319e-005
1168.6 4.29195e-005
1168.85 3.88126e-005
1170 3.85051e-005
1170.01 3.85051e-005
1170.3 4.41965e-005
1170.31 4.41965e-005
1170.36 5.2446e-005
1170.55 2.87319e-005
1170.56 2.87319e-005
1170.6 4.29195e-005
1170.61 4.29195e-005
1170.65 5.14889e-005
1170.85 3.88126e-005
1170.86 3.88126e-005
1172 3.85051e-005
1172.3 4.41965e-005
1172.55 2.87319e-005
1172.85 3.88126e-005
1174 3.85051e-005
1174.3 4.41965e-005
1174.55 2.87319e-005
1174.6 4.29195e-005
1174.85 3.88126e-005
1175.01 3.85051e-005
1175.31 4.41965e-005
1175.36 5.2446e-005
1175.56 2.87319e-005
1175.61 4.29195e-005
1175.86 3.88126e-005
1176 3.85051e-005
1176.55 2.87319e-005
1176.6 4.29195e-005
1176.65 5.14889e-005
1176.85 3.88126e-005
1178 3.85051e-005
1178.55 2.87319e-005
1178.6 4.29195e-005
1178.85 3.88126e-005
1180 3.85051e-005
1180.01 3.85051e-005
1180.31 4.41965e-005
1180.55 2.87319e-005
1180.56 2.87319e-005
1180.6 4.29195e-005
1180.61 4.29195e-005
1180.66 5.14889e-005
1180.85 3.88126e-005
1180.86 3.88126e-005
1182 3.85051e-005
1182.3 4.41965e-005
1182.35 5.2446e-005
1182.55 2.87319e-005
1182.6 4.29195e-005
1182.65 5.14889e-005
1182.85 3.88126e-005
1184 3.85051e-005
1184.3 4.41965e-005
1184.55 2.87319e-005
1184.6 4.29195e-005
1184.65 5.14889e-005
1184.85 3.88126e-005
1185.01 3.85051e-005
1185.31 4.41965e-005
1185.36 5.2446e-005
1185.56 2.87319e-005
1185.61 4.29195e-005
1185.66 5.14889e-005
1185.86 3.88126e-005
1186 3.85051e-005
1186.3 4.41965e-005
1186.55 2.87319e-005
1186.6 4.29195e-005
1186.85 3.88126e-005
1188 3.85051e-005
1188.55 2.87319e-005
1188.6 4.29195e-005
1188.65 5.14889e-005
1188.85 3.88126e-005
1190 3.85051e-005
1190.01 3.85051e-005
1190.3 4.41965e-005
1190.31 4.41965e-005
1190.35 5.2446e-005
1190.36 5.2446e-005
1190.55 2.87319e-005
1190.56 2.87319e-005
1190.6 4.29195e-005
1190.61 4.29195e-005
1190.85 3.88126e-005
1190.86 3.88126e-005
1192 3.85051e-005
1192.3 4.41965e-005
1192.35 5.2446e-005
1192.55 2.87319e-005
1192.6 4.29195e-005
1192.85 3.88126e-005
1194 3.85051e-005
1194.55 2.87319e-005
1194.6 4.29195e-005
1194.65 5.14889e-005
1194.85 3.88126e-005
1195.01 3.85051e-005
1195.31 4.41965e-005
1195.56 2.87319e-005
1195.61 4.29195e-005
1195.86 3.88126e-005
1196 3.85051e-005
1196.3 4.41965e-005
1196.55 2.87319e-005
1196.85 3.88126e-005
1198 3.85051e-005
1198.3 4.41965e-005
1198.35 5.2446e-005
1198.55 2.87319e-005
1198.6 4.29195e-005
1198.85 3.88126e-005
