0.600054 4.39024e-005
0.605045 4.38917e-005
0.650042 2.93799e-005
0.655031 2.93672e-005
0.800043 3.25253e-005
0.805034 3.25149e-005
0.900043 3.37625e-005
0.905035 3.37684e-005
2.40006 5.03887e-005
2.60006 3.99041e-005
2.65004 2.47151e-005
2.80004 2.93345e-005
2.90005 3.62305e-005
4.40006 4.67235e-005
4.60005 3.66221e-005
4.65004 2.13196e-005
4.80004 2.84686e-005
4.90005 3.8855e-005
5.60505 3.53079e-005
5.65505 2.03036e-005
5.80506 2.89988e-005
5.90504 4.02233e-005
6.40007 4.38914e-005
6.60008 3.42627e-005
6.65007 1.98558e-005
6.80004 3.01288e-005
6.90008 4.16064e-005
8.40011 4.20613e-005
8.60005 3.30245e-005
8.65004 2.07367e-005
8.80005 3.39464e-005
8.90006 4.44611e-005
10.4001 4.20876e-005
10.405 4.20967e-005
10.6001 3.25453e-005
10.605 3.2543e-005
10.6501 1.9957e-005
10.655 1.99382e-005
10.8001 3.54563e-005
10.805 3.5447e-005
10.9051 4.86515e-005
12.6001 3.2518e-005
12.6501 1.44801e-005
12.8 3.20303e-005
14.6001 3.42204e-005
14.65 1.57456e-005
14.8 2.94425e-005
15.6051 3.56607e-005
15.6551 1.87826e-005
15.7051 4.73816e-005
15.8051 2.85333e-005
16.6001 3.7417e-005
16.6501 2.26502e-005
16.7001 4.31781e-005
16.8 2.79269e-005
18.6001 4.17662e-005
18.6501 3.17017e-005
18.7001 3.66187e-005
18.8 2.76604e-005
20.0001 4.77663e-005
20.0051 4.77858e-005
20.6051 4.56974e-005
20.6501 3.60563e-005
20.655 3.60399e-005
20.7001 3.48956e-005
20.705 3.49001e-005
20.8001 3.33822e-005
20.805 3.34149e-005
20.9551 5.28085e-005
22.6501 3.03416e-005
22.7001 3.68222e-005
22.8001 4.66111e-005
22.9501 4.93765e-005
24.4001 4.9905e-005
24.65 2.71266e-005
24.7001 3.88984e-005
24.9501 4.63018e-005
25.4051 4.34915e-005
25.6551 2.67676e-005
25.7051 3.99909e-005
25.955 4.49192e-005
26.4001 3.71607e-005
26.4501 4.84493e-005
26.6501 2.73089e-005
26.7001 4.11016e-005
28.4001 2.45536e-005
28.4501 3.7614e-005
28.6501 3.08283e-005
28.7001 4.34123e-005
28.9501 4.1568e-005
30.4 1.65846e-005
30.405 1.66087e-005
30.45 3.16309e-005
30.455 3.16496e-005
30.6501 2.98891e-005
30.655 2.98553e-005
30.7001 4.93181e-005
30.7051 4.93493e-005
30.755 4.79634e-005
30.9001 4.42255e-005
30.905 4.41781e-005
30.9551 4.66701e-005
32.4001 2.82065e-005
32.4501 4.11861e-005
32.6501 2.17002e-005
32.9 3.02926e-005
34.4001 4.1447e-005
34.4501 5.32468e-005
34.6001 4.46461e-005
34.6501 2.87766e-005
34.9 3.41494e-005
35.4051 4.83005e-005
35.6051 4.49509e-005
35.6551 3.6082e-005
35.8051 5.11942e-005
35.905 4.21526e-005
36.6501 4.43277e-005
44.6001 5.00359e-005
45.6051 4.63638e-005
45.8051 4.50227e-005
46.6001 4.27807e-005
46.8001 4.32989e-005
48.6001 3.57991e-005
48.8001 4.23693e-005
50.4551 5.0404e-005
50.6001 3.22571e-005
50.605 3.22666e-005
50.8051 4.66997e-005
50.9501 4.79145e-005
50.955 4.79009e-005
52.4501 4.92097e-005
52.6001 3.67629e-005
52.6501 5.11246e-005
52.9001 4.80446e-005
52.9501 4.26012e-005
54.6001 4.22905e-005
54.7001 4.22785e-005
54.9001 4.45004e-005
54.95 3.76448e-005
55.4551 5.05648e-005
55.6051 4.53391e-005
55.6551 4.25474e-005
55.7051 3.68255e-005
55.905 4.39661e-005
55.955 3.53367e-005
56.6001 4.8492e-005
56.6501 3.97092e-005
56.7001 3.17243e-005
56.9001 4.43134e-005
56.9501 3.32054e-005
58.6501 3.40087e-005
58.7001 2.31608e-005
58.9001 4.75234e-005
58.95 2.95174e-005
60.6501 3.20871e-005
60.655 3.21019e-005
60.7001 1.97279e-005
60.705 1.97264e-005
60.9001 4.47364e-005
60.905 4.47045e-005
60.95 2.91167e-005
60.955 2.91229e-005
62.6501 3.80895e-005
62.7001 1.92848e-005
62.9 3.22956e-005
62.95 3.17451e-005
64.6501 4.41846e-005
64.7 1.91067e-005
64.9 2.13241e-005
64.95 3.46423e-005
65.6051 5.05444e-005
65.6551 4.7271e-005
65.705 1.912e-005
65.905 1.72858e-005
65.955 3.61796e-005
66.6501 5.03386e-005
66.7 1.92009e-005
66.9 1.53781e-005
66.95 3.77466e-005
68.4501 5.28282e-005
68.6001 4.75036e-005
68.7 1.95636e-005
68.9 1.97056e-005
68.9501 4.10109e-005
70.6001 4.93266e-005
70.6051 4.93485e-005
70.7001 2.37771e-005
70.705 2.38045e-005
70.9001 2.42041e-005
70.905 2.41995e-005
70.95 3.95146e-005
70.955 3.94975e-005
72.7001 3.48763e-005
72.9 2.26079e-005
72.95 3.2836e-005
74.9 2.16171e-005
74.95 2.6572e-005
75.7051 5.16899e-005
75.905 2.13763e-005
75.955 2.36854e-005
76.9 2.13163e-005
76.95 2.1095e-005
78.9 2.17342e-005
78.95 1.71751e-005
80.9 2.22773e-005
80.905 2.22776e-005
80.95 1.685e-005
80.955 1.6864e-005
82.9 2.25164e-005
82.95 2.77293e-005
84.4501 5.02635e-005
84.6501 4.42884e-005
84.7501 4.56118e-005
84.9 2.30197e-005
84.9501 4.29557e-005
85.4551 4.15545e-005
85.6051 4.45112e-005
85.6551 3.97913e-005
85.7051 4.11041e-005
85.755 4.12709e-005
85.905 2.33673e-005
85.9551 5.10807e-005
86.4501 3.33405e-005
86.6001 3.81056e-005
86.6501 3.54022e-005
86.7001 4.10553e-005
86.7501 3.70781e-005
86.9 2.37703e-005
88.3501 4.79024e-005
88.45 2.01601e-005
88.6001 3.03408e-005
88.6501 2.68963e-005
88.7001 4.80599e-005
88.75 2.91493e-005
88.9001 2.47458e-005
90.3551 4.30419e-005
90.4051 5.01704e-005
90.4501 1.77937e-005
90.455 1.7785e-005
90.6001 3.03166e-005
90.605 3.03096e-005
90.6501 2.05616e-005
90.655 2.05538e-005
90.7051 5.30379e-005
90.7501 2.99682e-005
90.755 3.00026e-005
90.9001 2.59139e-005
90.905 2.59169e-005
92.4501 1.58359e-005
92.6001 2.75778e-005
92.65 1.75776e-005
92.7001 4.42316e-005
92.7501 4.38537e-005
92.9001 2.72179e-005
94.4501 1.74734e-005
94.6001 2.50336e-005
94.65 1.5044e-005
94.7001 3.63103e-005
94.9 2.86361e-005
95.4051 5.0408e-005
95.455 1.94466e-005
95.605 2.38484e-005
95.655 1.40197e-005
95.705 3.28829e-005
95.905 2.93867e-005
96.4501 2.19145e-005
96.6001 2.27492e-005
96.65 1.32223e-005
96.7001 3.00242e-005
96.9001 3.01523e-005
98.2001 4.96846e-005
98.4501 2.78487e-005
98.6 2.08104e-005
98.65 1.24296e-005
98.7 2.65607e-005
98.9 3.17526e-005
100.205 4.4831e-005
100.3 4.40428e-005
100.305 4.40885e-005
100.45 3.67811e-005
100.455 3.68234e-005
100.6 1.92579e-005
100.605 1.92558e-005
100.65 8.42884e-006
100.655 8.40096e-006
100.7 2.86825e-005
100.705 2.86989e-005
100.9 3.26455e-005
100.905 3.2646e-005
102.6 2.06839e-005
102.65 1.11267e-005
102.7 3.54157e-005
102.9 3.3365e-005
104.6 2.57607e-005
104.65 2.57255e-005
104.7 4.23263e-005
104.8 3.89851e-005
104.9 3.50706e-005
105.605 2.91481e-005
105.655 3.33963e-005
105.805 3.30247e-005
105.905 3.62592e-005
106.6 3.28367e-005
106.65 4.10491e-005
106.8 2.73251e-005
106.9 3.76283e-005
108.6 4.08865e-005
108.8 1.72908e-005
108.9 4.08785e-005
110.605 4.88038e-005
110.8 1.23439e-005
110.805 1.2338e-005
110.9 4.21699e-005
110.905 4.21658e-005
112.8 1.26887e-005
114.8 1.74405e-005
114.9 3.89173e-005
115.805 2.06616e-005
115.905 3.8105e-005
116.8 2.41221e-005
116.9 3.73031e-005
118.8 3.15298e-005
118.9 3.56985e-005
120 5.22675e-005
120.005 5.22754e-005
120.8 3.16759e-005
120.805 3.16484e-005
120.9 3.29409e-005
120.905 3.29312e-005
122.4 5.11372e-005
122.65 4.59418e-005
122.8 2.0551e-005
122.9 2.97311e-005
124.4 4.08087e-005
124.65 2.98475e-005
124.8 9.5991e-006
124.9 2.82076e-005
125.205 5.28529e-005
125.405 3.56476e-005
125.605 4.27892e-005
125.655 2.35202e-005
125.805 4.57225e-006
125.905 2.81768e-005
126.4 3.05698e-005
126.6 3.54733e-005
126.65 2.00071e-005
126.8 3.57416e-006
126.9 2.86408e-005
128.2 3.87217e-005
128.4 2.05561e-005
128.6 2.20593e-005
128.65 2.52765e-005
128.8 1.35736e-005
128.9 3.09487e-005
128.95 3.70041e-005
130.2 3.56915e-005
130.205 3.5702e-005
130.355 4.99108e-005
130.4 1.28436e-005
130.405 1.28413e-005
130.6 1.50892e-005
130.605 1.50838e-005
130.65 3.35492e-005
130.655 3.35397e-005
130.8 2.17366e-005
130.805 2.17463e-005
130.9 3.31917e-005
130.905 3.31935e-005
130.95 3.51379e-005
130.955 3.51664e-005
132.2 4.08008e-005
132.4 1.26577e-005
132.6 1.29328e-005
132.65 2.99276e-005
132.8 2.57074e-005
132.9 3.39735e-005
132.95 4.66931e-005
134.2 4.73178e-005
134.4 1.39375e-005
134.6 1.07858e-005
134.65 2.68529e-005
134.8 2.97725e-005
134.9 3.48925e-005
135.355 5.19478e-005
135.405 1.50331e-005
135.605 9.71246e-006
135.655 2.5578e-005
135.805 3.18395e-005
135.905 3.54028e-005
136.4 1.63422e-005
136.6 8.65522e-006
136.65 2.45319e-005
136.8 3.38979e-005
136.9 3.59382e-005
138.4 1.94591e-005
138.6 6.55703e-006
138.65 2.31918e-005
138.8 3.80641e-005
138.9 3.71e-005
140.4 2.06842e-005
140.405 2.06652e-005
140.455 5.20779e-005
140.6 6.63952e-006
140.605 6.65683e-006
140.65 2.21506e-005
140.655 2.21456e-005
140.8 4.22129e-005
140.805 4.22231e-005
140.9 3.64859e-005
140.905 3.64808e-005
142.4 1.54705e-005
142.6 1.56772e-005
142.65 2.15074e-005
142.8 4.63166e-005
142.9 3.64197e-005
144.4 1.74183e-005
144.6 2.58186e-005
144.65 2.35813e-005
144.8 5.04397e-005
144.9 4.0132e-005
145.405 2.07589e-005
145.605 3.09967e-005
145.655 2.5475e-005
145.805 5.25174e-005
145.905 4.31564e-005
146.4 2.49003e-005
146.6 3.61465e-005
146.65 2.77703e-005
146.9 4.67307e-005
148.35 5.06442e-005
148.4 3.44848e-005
148.6 4.65366e-005
148.65 3.3285e-005
150 3.72717e-005
150.005 3.73044e-005
150.355 5.09449e-005
150.4 4.22285e-005
150.405 4.22226e-005
150.65 3.49609e-005
150.655 3.49419e-005
152.4 4.0753e-005
152.6 5.26504e-005
152.65 2.75384e-005
154.45 4.73172e-005
154.65 2.09229e-005
154.9 4.5016e-005
155.405 4.20593e-005
155.455 4.55806e-005
155.655 1.8187e-005
155.905 4.30177e-005
155.955 5.12333e-005
156.4 4.33834e-005
156.45 4.56694e-005
156.65 1.61393e-005
156.9 4.1576e-005
156.95 4.42952e-005
158.4 4.71789e-005
158.45 5.10595e-005
158.65 1.50499e-005
158.75 4.87929e-005
158.9 4.05043e-005
158.95 3.46698e-005
160.405 5.00075e-005
160.65 1.54539e-005
160.655 1.54436e-005
160.755 4.80726e-005
160.9 4.60306e-005
160.905 4.60596e-005
160.95 3.61943e-005
160.955 3.62124e-005
162.6 4.3784e-005
162.65 1.22289e-005
162.8 4.22591e-005
162.95 4.52797e-005
164.4 3.9328e-005
164.6 3.41312e-005
164.65 1.17474e-005
164.8 3.08741e-005
165.405 3.67375e-005
165.605 3.10675e-005
165.655 1.27099e-005
165.805 2.72376e-005
166.4 3.42281e-005
166.55 4.71624e-005
166.6 2.97462e-005
166.65 1.42894e-005
166.8 2.5867e-005
168.35 4.00555e-005
168.4 2.94081e-005
168.55 2.71403e-005
168.6 3.28138e-005
168.65 1.86574e-005
168.8 3.05533e-005
170 3.74595e-005
170.005 3.74728e-005
170.35 3.58018e-005
170.355 3.58189e-005
170.4 2.65074e-005
170.405 2.65155e-005
170.55 1.85458e-005
170.555 1.8583e-005
170.6 3.77884e-005
170.605 3.77822e-005
170.65 2.01251e-005
170.655 2.01099e-005
170.8 3.39694e-005
170.805 3.39521e-005
172 4.2882e-005
172.35 4.26717e-005
172.4 2.98023e-005
172.55 3.53029e-005
172.6 3.63028e-005
172.65 1.4108e-005
172.8 2.74453e-005
174 4.84715e-005
174.35 4.95483e-005
174.4 3.31665e-005
174.45 3.72175e-005
174.55 5.33227e-005
174.6 3.69649e-005
174.65 8.54278e-006
174.8 2.23559e-005
175.005 5.13262e-005
175.355 5.30055e-005
175.405 3.4877e-005
175.455 3.16685e-005
175.605 3.80873e-005
175.655 6.3092e-006
175.805 2.06881e-005
176.4 3.65812e-005
176.45 2.62227e-005
176.6 3.96673e-005
176.65 5.1812e-006
176.8 1.9838e-005
178.4 4.00332e-005
178.45 1.56249e-005
178.6 4.40361e-005
178.65 7.78688e-006
178.8 2.08453e-005
178.95 4.60617e-005
180.4 4.4525e-005
180.405 4.45463e-005
180.45 1.25886e-005
180.455 1.26341e-005
180.605 4.87632e-005
180.65 9.89382e-006
180.655 9.88475e-006
180.8 2.2859e-005
180.805 2.2859e-005
180.95 4.07686e-005
180.955 4.07684e-005
182.45 3.19392e-005
182.65 9.69071e-006
182.8 2.38619e-005
182.95 4.16528e-005
184.65 1.50558e-005
184.8 2.66278e-005
184.9 4.76743e-005
184.95 4.43984e-005
185.655 1.85744e-005
185.805 2.8535e-005
185.905 4.83424e-005
185.955 4.63857e-005
186.65 2.22752e-005
186.8 3.06837e-005
186.9 4.99056e-005
186.95 4.86917e-005
188 5.22365e-005
188.65 3.00406e-005
188.8 3.55913e-005
190 4.88933e-005
190.005 4.88933e-005
190.65 3.54112e-005
190.655 3.54112e-005
190.8 3.88126e-005
190.805 3.88126e-005
192 4.88933e-005
192.65 3.54112e-005
192.8 3.88126e-005
194 4.88933e-005
194.65 3.54112e-005
194.8 3.88126e-005
195.005 4.88933e-005
195.655 3.54112e-005
196.65 3.54112e-005
196.8 3.88126e-005
198 4.88933e-005
198.65 3.54112e-005
198.8 3.88126e-005
200.005 4.88933e-005
200.65 3.54112e-005
200.655 3.54112e-005
200.8 3.88126e-005
200.805 3.88126e-005
202.65 3.54112e-005
202.8 3.88126e-005
204 4.88933e-005
204.65 3.54112e-005
204.8 3.88126e-005
205.005 4.88933e-005
205.655 3.54112e-005
205.805 3.88126e-005
206 4.88933e-005
206.65 3.54112e-005
206.8 3.88126e-005
208 4.88933e-005
208.65 3.54112e-005
208.8 3.88126e-005
210 4.88933e-005
210.005 4.88933e-005
210.65 3.54112e-005
210.655 3.54112e-005
210.8 3.88126e-005
210.805 3.88126e-005
212 4.88933e-005
212.65 3.54112e-005
212.8 3.88126e-005
214 4.88933e-005
214.65 3.54112e-005
214.8 3.88126e-005
215.005 4.88933e-005
215.655 3.54112e-005
215.805 3.88126e-005
216 4.88933e-005
216.65 3.54112e-005
216.8 3.88126e-005
218 4.88933e-005
218.65 3.54112e-005
218.8 3.88126e-005
220 4.88933e-005
220.005 4.88933e-005
220.65 3.54112e-005
220.655 3.54112e-005
220.8 3.88126e-005
220.805 3.88126e-005
222.65 3.54112e-005
222.8 3.88126e-005
224 4.88933e-005
224.65 3.54112e-005
224.8 3.88126e-005
225.005 4.88933e-005
225.655 3.54112e-005
225.805 3.88126e-005
226 4.88933e-005
226.65 3.54112e-005
226.8 3.88126e-005
228 4.88933e-005
228.65 3.54112e-005
228.8 3.88126e-005
230 4.88933e-005
230.005 4.88933e-005
230.65 3.54112e-005
230.655 3.54112e-005
230.8 3.88126e-005
230.805 3.88126e-005
232.65 3.54112e-005
232.8 3.88126e-005
234 4.88933e-005
234.65 3.54112e-005
234.8 3.88126e-005
235.005 4.88933e-005
235.655 3.54112e-005
235.805 3.88126e-005
236 4.88933e-005
236.65 3.54112e-005
236.8 3.88126e-005
238.65 3.54112e-005
238.8 3.88126e-005
240 4.88933e-005
240.005 4.88933e-005
240.65 3.54112e-005
240.655 3.54112e-005
240.8 3.88126e-005
240.805 3.88126e-005
242 4.88933e-005
242.65 3.54112e-005
242.8 3.88126e-005
244 4.88933e-005
244.65 3.54112e-005
244.8 3.88126e-005
245.005 4.88933e-005
245.655 3.54112e-005
245.805 3.88126e-005
246 4.88933e-005
246.65 3.54112e-005
246.8 3.88126e-005
248 4.88933e-005
248.65 3.54112e-005
248.8 3.88126e-005
250.005 4.88933e-005
250.65 3.54112e-005
250.655 3.54112e-005
250.8 3.88126e-005
250.805 3.88126e-005
252 4.88933e-005
252.65 3.54112e-005
252.8 3.88126e-005
254 4.88933e-005
254.65 3.54112e-005
254.8 3.88126e-005
255.655 3.54112e-005
255.805 3.88126e-005
256 4.88933e-005
256.65 3.54112e-005
256.8 3.88126e-005
258 4.88933e-005
258.65 3.54112e-005
258.8 3.88126e-005
260 4.88933e-005
260.005 4.88933e-005
260.65 3.54112e-005
260.655 3.54112e-005
260.8 3.88126e-005
260.805 3.88126e-005
262 4.88933e-005
262.65 3.54112e-005
262.8 3.88126e-005
264 4.88933e-005
264.65 3.54112e-005
264.8 3.88126e-005
265.005 4.88933e-005
265.655 3.54112e-005
265.805 3.88126e-005
266.65 3.54112e-005
266.8 3.88126e-005
268 4.88933e-005
268.65 3.54112e-005
268.8 3.88126e-005
270 4.88933e-005
270.005 4.88933e-005
270.65 3.54112e-005
270.655 3.54112e-005
270.8 3.88126e-005
270.805 3.88126e-005
272 4.88933e-005
272.65 3.54112e-005
272.8 3.88126e-005
274 4.88933e-005
274.65 3.54112e-005
274.8 3.88126e-005
275.005 4.88933e-005
275.655 3.54112e-005
275.805 3.88126e-005
276 4.88933e-005
276.65 3.54112e-005
276.8 3.88126e-005
278.65 3.54112e-005
278.8 3.88126e-005
280 4.88933e-005
280.005 4.88933e-005
280.65 3.54112e-005
280.655 3.54112e-005
280.8 3.88126e-005
280.805 3.88126e-005
282 4.88933e-005
282.65 3.54112e-005
282.8 3.88126e-005
284 4.88933e-005
284.65 3.54112e-005
284.8 3.88126e-005
285.005 4.88933e-005
285.655 3.54112e-005
285.805 3.88126e-005
286 4.88933e-005
286.65 3.54112e-005
286.8 3.88126e-005
288 4.88933e-005
288.65 3.54112e-005
288.8 3.88126e-005
290.005 4.88933e-005
290.65 3.54112e-005
290.655 3.54112e-005
290.8 3.88126e-005
290.805 3.88126e-005
292 4.88933e-005
292.65 3.54112e-005
294 4.88933e-005
294.65 3.54112e-005
294.8 3.88126e-005
295.005 4.88933e-005
295.655 3.54112e-005
295.805 3.88126e-005
296 4.88933e-005
296.65 3.54112e-005
296.8 3.88126e-005
298 4.88933e-005
298.65 3.54112e-005
298.8 3.88126e-005
300 4.88933e-005
300.65 3.54112e-005
300.655 3.54112e-005
300.8 3.88126e-005
300.805 3.88126e-005
302 4.88933e-005
302.65 3.54112e-005
302.8 3.88126e-005
304 4.88933e-005
304.65 3.54112e-005
304.8 3.88126e-005
305.005 4.88933e-005
305.655 3.54112e-005
305.805 3.88126e-005
306 4.88933e-005
306.65 3.54112e-005
306.8 3.88126e-005
308 4.88933e-005
308.65 3.54112e-005
308.8 3.88126e-005
310.005 4.88933e-005
310.65 3.54112e-005
310.655 3.54112e-005
310.8 3.88126e-005
310.805 3.88126e-005
312.65 3.54112e-005
312.8 3.88126e-005
314 4.88933e-005
314.65 3.54112e-005
314.8 3.88126e-005
315.005 4.88933e-005
315.655 3.54112e-005
315.805 3.88126e-005
316.65 3.54112e-005
316.8 3.88126e-005
318 4.88933e-005
318.65 3.54112e-005
318.8 3.88126e-005
320 4.88933e-005
320.005 4.88933e-005
320.65 3.54112e-005
320.655 3.54112e-005
320.8 3.88126e-005
320.805 3.88126e-005
322 4.88933e-005
322.65 3.54112e-005
322.8 3.88126e-005
324 4.88933e-005
324.65 3.54112e-005
324.8 3.88126e-005
325.005 4.88933e-005
325.655 3.54112e-005
325.805 3.88126e-005
326 4.88933e-005
326.65 3.54112e-005
326.8 3.88126e-005
328 4.88933e-005
328.65 3.54112e-005
328.8 3.88126e-005
330.005 4.88933e-005
330.65 3.54112e-005
330.655 3.54112e-005
330.8 3.88126e-005
330.805 3.88126e-005
332 4.88933e-005
332.65 3.54112e-005
332.8 3.88126e-005
334.65 3.54112e-005
334.8 3.88126e-005
335.005 4.88933e-005
335.655 3.54112e-005
335.805 3.88126e-005
336 4.88933e-005
336.65 3.54112e-005
336.8 3.88126e-005
338 4.88933e-005
338.65 3.54112e-005
338.8 3.88126e-005
340 4.88933e-005
340.005 4.88933e-005
340.65 3.54112e-005
340.655 3.54112e-005
340.8 3.88126e-005
340.805 3.88126e-005
342 4.88933e-005
342.65 3.54112e-005
342.8 3.88126e-005
344 4.88933e-005
344.65 3.54112e-005
344.8 3.88126e-005
345.005 4.88933e-005
345.655 3.54112e-005
346.65 3.54112e-005
346.8 3.88126e-005
348 4.88933e-005
348.65 3.54112e-005
348.8 3.88126e-005
350 4.88933e-005
350.005 4.88933e-005
350.65 3.54112e-005
350.655 3.54112e-005
350.8 3.88126e-005
350.805 3.88126e-005
352 4.88933e-005
352.65 3.54112e-005
352.8 3.88126e-005
354.65 3.54112e-005
354.8 3.88126e-005
355.005 4.88933e-005
355.655 3.54112e-005
355.805 3.88126e-005
356 4.88933e-005
356.65 3.54112e-005
356.8 3.88126e-005
358 4.88933e-005
358.65 3.54112e-005
358.8 3.88126e-005
360 4.88933e-005
360.005 4.88933e-005
360.65 3.54112e-005
360.655 3.54112e-005
360.8 3.88126e-005
360.805 3.88126e-005
362 4.88933e-005
362.65 3.54112e-005
362.8 3.88126e-005
364 4.88933e-005
364.65 3.54112e-005
364.8 3.88126e-005
365.005 4.88933e-005
365.655 3.54112e-005
365.805 3.88126e-005
366 4.88933e-005
366.65 3.54112e-005
366.8 3.88126e-005
368.65 3.54112e-005
368.8 3.88126e-005
370 4.88933e-005
370.005 4.88933e-005
370.65 3.54112e-005
370.655 3.54112e-005
370.8 3.88126e-005
370.805 3.88126e-005
372 4.88933e-005
372.65 3.54112e-005
372.8 3.88126e-005
374 4.88933e-005
374.65 3.54112e-005
374.8 3.88126e-005
375.005 4.88933e-005
375.655 3.54112e-005
375.805 3.88126e-005
376 4.88933e-005
376.65 3.54112e-005
376.8 3.88126e-005
378 4.88933e-005
378.65 3.54112e-005
378.8 3.88126e-005
380 4.88933e-005
380.005 4.88933e-005
380.65 3.54112e-005
380.655 3.54112e-005
380.8 3.88126e-005
380.805 3.88126e-005
382 4.88933e-005
382.65 3.54112e-005
382.8 3.88126e-005
384 4.88933e-005
384.65 3.54112e-005
384.8 3.88126e-005
385.005 4.88933e-005
385.655 3.54112e-005
385.805 3.88126e-005
386.65 3.54112e-005
386.8 3.88126e-005
388 4.88933e-005
388.65 3.54112e-005
388.8 3.88126e-005
390 4.88933e-005
390.005 4.88933e-005
390.65 3.54112e-005
390.655 3.54112e-005
390.8 3.88126e-005
390.805 3.88126e-005
392 4.88933e-005
392.65 3.54112e-005
392.8 3.88126e-005
394.65 3.54112e-005
394.8 3.88126e-005
395.005 4.88933e-005
395.655 3.54112e-005
395.805 3.88126e-005
396 4.88933e-005
396.65 3.54112e-005
396.8 3.88126e-005
398 4.88933e-005
398.65 3.54112e-005
398.8 3.88126e-005
400 4.88933e-005
400.005 4.88933e-005
400.65 3.54112e-005
400.655 3.54112e-005
400.8 3.88126e-005
400.805 3.88126e-005
402.65 3.54112e-005
402.8 3.88126e-005
404 4.88933e-005
404.65 3.54112e-005
404.8 3.88126e-005
405.005 4.88933e-005
405.655 3.54112e-005
405.805 3.88126e-005
406 4.88933e-005
406.65 3.54112e-005
406.8 3.88126e-005
408.65 3.54112e-005
408.8 3.88126e-005
410 4.88933e-005
410.005 4.88933e-005
410.65 3.54112e-005
410.655 3.54112e-005
410.805 3.88126e-005
412.65 3.54112e-005
412.8 3.88126e-005
414 4.88933e-005
414.65 3.54112e-005
414.8 3.88126e-005
415.005 4.88933e-005
415.655 3.54112e-005
415.805 3.88126e-005
416 4.88933e-005
416.65 3.54112e-005
416.8 3.88126e-005
418 4.88933e-005
418.65 3.54112e-005
418.8 3.88126e-005
420 4.88933e-005
420.005 4.88933e-005
420.65 3.54112e-005
420.655 3.54112e-005
420.8 3.88126e-005
420.805 3.88126e-005
422 4.88933e-005
422.65 3.54112e-005
422.8 3.88126e-005
424.65 3.54112e-005
424.8 3.88126e-005
425.005 4.88933e-005
425.655 3.54112e-005
425.805 3.88126e-005
426 4.88933e-005
426.65 3.54112e-005
426.8 3.88126e-005
428.65 3.54112e-005
428.8 3.88126e-005
430.005 4.88933e-005
430.65 3.54112e-005
430.655 3.54112e-005
430.8 3.88126e-005
430.805 3.88126e-005
432 4.88933e-005
432.65 3.54112e-005
432.8 3.88126e-005
434 4.88933e-005
434.65 3.54112e-005
434.8 3.88126e-005
435.005 4.88933e-005
435.655 3.54112e-005
435.805 3.88126e-005
436 4.88933e-005
436.65 3.54112e-005
438 4.88933e-005
438.65 3.54112e-005
438.8 3.88126e-005
440 4.88933e-005
440.005 4.88933e-005
440.65 3.54112e-005
440.655 3.54112e-005
440.8 3.88126e-005
440.805 3.88126e-005
442 4.88933e-005
442.65 3.54112e-005
442.8 3.88126e-005
444.65 3.54112e-005
444.8 3.88126e-005
445.005 4.88933e-005
445.655 3.54112e-005
445.805 3.88126e-005
446 4.88933e-005
446.65 3.54112e-005
446.8 3.88126e-005
448 4.88933e-005
448.65 3.54112e-005
448.8 3.88126e-005
450 4.88933e-005
450.005 4.88933e-005
450.65 3.54112e-005
450.655 3.54112e-005
450.8 3.88126e-005
450.805 3.88126e-005
452 4.88933e-005
452.65 3.54112e-005
452.8 3.88126e-005
454 4.88933e-005
454.65 3.54112e-005
454.8 3.88126e-005
455.005 4.88933e-005
455.655 3.54112e-005
456 4.88933e-005
456.65 3.54112e-005
456.8 3.88126e-005
458 4.88933e-005
458.65 3.54112e-005
458.8 3.88126e-005
460 4.88933e-005
460.005 4.88933e-005
460.65 3.54112e-005
460.655 3.54112e-005
460.8 3.88126e-005
460.805 3.88126e-005
462 4.88933e-005
462.65 3.54112e-005
462.8 3.88126e-005
464.65 3.54112e-005
464.8 3.88126e-005
465.005 4.88933e-005
465.655 3.54112e-005
465.805 3.88126e-005
466 4.88933e-005
466.65 3.54112e-005
466.8 3.88126e-005
468 4.88933e-005
468.65 3.54112e-005
468.8 3.88126e-005
470 4.88933e-005
470.005 4.88933e-005
470.65 3.54112e-005
470.655 3.54112e-005
470.8 3.88126e-005
470.805 3.88126e-005
472 4.88933e-005
472.65 3.54112e-005
472.8 3.88126e-005
474.65 3.54112e-005
474.8 3.88126e-005
475.005 4.88933e-005
475.655 3.54112e-005
475.805 3.88126e-005
476 4.88933e-005
476.65 3.54112e-005
476.8 3.88126e-005
478 4.88933e-005
478.65 3.54112e-005
478.8 3.88126e-005
480.005 4.88933e-005
480.65 3.54112e-005
480.655 3.54112e-005
480.8 3.88126e-005
480.805 3.88126e-005
482.65 3.54112e-005
482.8 3.88126e-005
484 4.88933e-005
484.65 3.54112e-005
484.8 3.88126e-005
485.005 4.88933e-005
485.655 3.54112e-005
485.805 3.88126e-005
486.65 3.54112e-005
486.8 3.88126e-005
488.65 3.54112e-005
488.8 3.88126e-005
490 4.88933e-005
490.005 4.88933e-005
490.65 3.54112e-005
490.655 3.54112e-005
490.8 3.88126e-005
490.805 3.88126e-005
492 4.88933e-005
492.65 3.54112e-005
492.8 3.88126e-005
494 4.88933e-005
494.65 3.54112e-005
494.8 3.88126e-005
495.005 4.88933e-005
495.655 3.54112e-005
495.805 3.88126e-005
496.65 3.54112e-005
496.8 3.88126e-005
498 4.88933e-005
498.65 3.54112e-005
498.8 3.88126e-005
500 4.88933e-005
500.005 4.88933e-005
500.65 3.54112e-005
500.655 3.54112e-005
500.8 3.88126e-005
500.805 3.88126e-005
502 4.88933e-005
502.65 3.54112e-005
502.8 3.88126e-005
504 4.88933e-005
504.65 3.54112e-005
504.8 3.88126e-005
505.005 4.88933e-005
505.655 3.54112e-005
505.805 3.88126e-005
506 4.88933e-005
506.65 3.54112e-005
506.8 3.88126e-005
508.65 3.54112e-005
508.8 3.88126e-005
510 4.88933e-005
510.005 4.88933e-005
510.65 3.54112e-005
510.655 3.54112e-005
510.8 3.88126e-005
510.805 3.88126e-005
512 4.88933e-005
512.65 3.54112e-005
512.8 3.88126e-005
514 4.88933e-005
514.65 3.54112e-005
514.8 3.88126e-005
515.005 4.88933e-005
515.655 3.54112e-005
515.805 3.88126e-005
516.65 3.54112e-005
516.8 3.88126e-005
518 4.88933e-005
518.65 3.54112e-005
518.8 3.88126e-005
520 4.88933e-005
520.005 4.88933e-005
520.65 3.54112e-005
520.655 3.54112e-005
520.8 3.88126e-005
520.805 3.88126e-005
522.65 3.54112e-005
522.8 3.88126e-005
524.65 3.54112e-005
524.8 3.88126e-005
525.005 4.88933e-005
526 4.88933e-005
526.65 3.54112e-005
526.8 3.88126e-005
528 4.88933e-005
528.65 3.54112e-005
528.8 3.88126e-005
530 4.88933e-005
530.005 4.88933e-005
530.65 3.54112e-005
530.655 3.54112e-005
530.8 3.88126e-005
530.805 3.88126e-005
532.65 3.54112e-005
532.8 3.88126e-005
534.65 3.54112e-005
534.8 3.88126e-005
535.005 4.88933e-005
535.655 3.54112e-005
535.805 3.88126e-005
536 4.88933e-005
536.65 3.54112e-005
536.8 3.88126e-005
538 4.88933e-005
538.65 3.54112e-005
538.8 3.88126e-005
540 4.88933e-005
540.005 4.88933e-005
540.65 3.54112e-005
540.655 3.54112e-005
540.805 3.88126e-005
542 4.88933e-005
542.65 3.54112e-005
542.8 3.88126e-005
544 4.88933e-005
544.65 3.54112e-005
544.8 3.88126e-005
545.005 4.88933e-005
545.655 3.54112e-005
545.805 3.88126e-005
546 4.88933e-005
546.65 3.54112e-005
546.8 3.88126e-005
548 4.88933e-005
548.65 3.54112e-005
548.8 3.88126e-005
550 4.88933e-005
550.005 4.88933e-005
550.65 3.54112e-005
550.655 3.54112e-005
550.8 3.88126e-005
550.805 3.88126e-005
552 4.88933e-005
552.65 3.54112e-005
552.8 3.88126e-005
554 4.88933e-005
554.65 3.54112e-005
554.8 3.88126e-005
555.005 4.88933e-005
555.655 3.54112e-005
555.805 3.88126e-005
556 4.88933e-005
556.65 3.54112e-005
556.8 3.88126e-005
558.65 3.54112e-005
558.8 3.88126e-005
560 4.88933e-005
560.005 4.88933e-005
560.65 3.54112e-005
560.655 3.54112e-005
560.8 3.88126e-005
560.805 3.88126e-005
562 4.88933e-005
562.65 3.54112e-005
562.8 3.88126e-005
564 4.88933e-005
564.65 3.54112e-005
564.8 3.88126e-005
565.005 4.88933e-005
565.655 3.54112e-005
565.805 3.88126e-005
566 4.88933e-005
566.65 3.54112e-005
566.8 3.88126e-005
568 4.88933e-005
568.65 3.54112e-005
568.8 3.88126e-005
570 4.88933e-005
570.005 4.88933e-005
570.65 3.54112e-005
570.655 3.54112e-005
570.8 3.88126e-005
570.805 3.88126e-005
572 4.88933e-005
572.65 3.54112e-005
572.8 3.88126e-005
574.65 3.54112e-005
575.005 4.88933e-005
575.655 3.54112e-005
575.805 3.88126e-005
576 4.88933e-005
576.65 3.54112e-005
576.8 3.88126e-005
578 4.88933e-005
578.65 3.54112e-005
578.8 3.88126e-005
580.005 4.88933e-005
580.65 3.54112e-005
580.655 3.54112e-005
580.8 3.88126e-005
580.805 3.88126e-005
582 4.88933e-005
582.65 3.54112e-005
582.8 3.88126e-005
584 4.88933e-005
584.65 3.54112e-005
584.8 3.88126e-005
585.005 4.88933e-005
585.655 3.54112e-005
585.805 3.88126e-005
586 4.88933e-005
586.65 3.54112e-005
586.8 3.88126e-005
588 4.88933e-005
588.65 3.54112e-005
588.8 3.88126e-005
590.65 3.54112e-005
590.655 3.54112e-005
590.8 3.88126e-005
590.805 3.88126e-005
592 4.88933e-005
592.65 3.54112e-005
592.8 3.88126e-005
594.65 3.54112e-005
594.8 3.88126e-005
595.005 4.88933e-005
595.655 3.54112e-005
595.805 3.88126e-005
596 4.88933e-005
596.65 3.54112e-005
596.8 3.88126e-005
598.65 3.54112e-005
598.8 3.88126e-005
600 4.88933e-005
600.005 4.88933e-005
600.65 3.54112e-005
600.655 3.54112e-005
600.8 3.88126e-005
600.805 3.88126e-005
602 4.88933e-005
602.65 3.54112e-005
602.8 3.88126e-005
604.65 3.54112e-005
604.8 3.88126e-005
605.005 4.88933e-005
605.655 3.54112e-005
605.805 3.88126e-005
606.65 3.54112e-005
606.8 3.88126e-005
608 4.88933e-005
608.65 3.54112e-005
608.8 3.88126e-005
610 4.88933e-005
610.005 4.88933e-005
610.65 3.54112e-005
610.655 3.54112e-005
610.8 3.88126e-005
610.805 3.88126e-005
612.65 3.54112e-005
612.8 3.88126e-005
614 4.88933e-005
614.65 3.54112e-005
614.8 3.88126e-005
615.005 4.88933e-005
615.655 3.54112e-005
615.805 3.88126e-005
616 4.88933e-005
616.65 3.54112e-005
616.8 3.88126e-005
618 4.88933e-005
618.65 3.54112e-005
618.8 3.88126e-005
620.005 4.88933e-005
620.655 3.54112e-005
620.8 3.88126e-005
620.805 3.88126e-005
622 4.88933e-005
622.65 3.54112e-005
622.8 3.88126e-005
624 4.88933e-005
624.65 3.54112e-005
624.8 3.88126e-005
625.005 4.88933e-005
625.655 3.54112e-005
625.805 3.88126e-005
626.65 3.54112e-005
626.8 3.88126e-005
628 4.88933e-005
628.65 3.54112e-005
628.8 3.88126e-005
630 4.88933e-005
630.65 3.54112e-005
630.655 3.54112e-005
630.8 3.88126e-005
630.805 3.88126e-005
632 4.88933e-005
632.65 3.54112e-005
632.8 3.88126e-005
634 4.88933e-005
634.65 3.54112e-005
634.8 3.88126e-005
635.005 4.88933e-005
635.655 3.54112e-005
635.805 3.88126e-005
636 4.88933e-005
636.65 3.54112e-005
636.8 3.88126e-005
638 4.88933e-005
638.65 3.54112e-005
638.8 3.88126e-005
640 4.88933e-005
640.005 4.88933e-005
640.65 3.54112e-005
640.655 3.54112e-005
640.8 3.88126e-005
640.805 3.88126e-005
642 4.88933e-005
642.65 3.54112e-005
642.8 3.88126e-005
644 4.88933e-005
644.65 3.54112e-005
644.8 3.88126e-005
645.005 4.88933e-005
645.655 3.54112e-005
645.805 3.88126e-005
646 4.88933e-005
646.65 3.54112e-005
646.8 3.88126e-005
648.65 3.54112e-005
648.8 3.88126e-005
650 4.88933e-005
650.005 4.88933e-005
650.65 3.54112e-005
650.655 3.54112e-005
650.8 3.88126e-005
650.805 3.88126e-005
652 4.88933e-005
652.65 3.54112e-005
652.8 3.88126e-005
654.65 3.54112e-005
654.8 3.88126e-005
655.005 4.88933e-005
655.655 3.54112e-005
655.805 3.88126e-005
656.65 3.54112e-005
656.8 3.88126e-005
658 4.88933e-005
658.65 3.54112e-005
658.8 3.88126e-005
660 4.88933e-005
660.005 4.88933e-005
660.65 3.54112e-005
660.655 3.54112e-005
660.8 3.88126e-005
660.805 3.88126e-005
662 4.88933e-005
662.65 3.54112e-005
662.8 3.88126e-005
664 4.88933e-005
664.65 3.54112e-005
664.8 3.88126e-005
665.005 4.88933e-005
665.655 3.54112e-005
665.805 3.88126e-005
666 4.88933e-005
666.65 3.54112e-005
666.8 3.88126e-005
668.65 3.54112e-005
668.8 3.88126e-005
670 4.88933e-005
670.005 4.88933e-005
670.65 3.54112e-005
670.655 3.54112e-005
670.8 3.88126e-005
670.805 3.88126e-005
672 4.88933e-005
672.65 3.54112e-005
672.8 3.88126e-005
674 4.88933e-005
674.65 3.54112e-005
674.8 3.88126e-005
675.005 4.88933e-005
675.655 3.54112e-005
675.805 3.88126e-005
676.65 3.54112e-005
676.8 3.88126e-005
678 4.88933e-005
678.65 3.54112e-005
678.8 3.88126e-005
680 4.88933e-005
680.005 4.88933e-005
680.65 3.54112e-005
680.655 3.54112e-005
680.8 3.88126e-005
680.805 3.88126e-005
682 4.88933e-005
682.65 3.54112e-005
682.8 3.88126e-005
684 4.88933e-005
684.65 3.54112e-005
684.8 3.88126e-005
685.005 4.88933e-005
685.655 3.54112e-005
685.805 3.88126e-005
686 4.88933e-005
686.65 3.54112e-005
688 4.88933e-005
688.65 3.54112e-005
688.8 3.88126e-005
690 4.88933e-005
690.005 4.88933e-005
690.65 3.54112e-005
690.655 3.54112e-005
690.8 3.88126e-005
690.805 3.88126e-005
692.65 3.54112e-005
692.8 3.88126e-005
694 4.88933e-005
694.65 3.54112e-005
694.8 3.88126e-005
695.005 4.88933e-005
695.655 3.54112e-005
695.805 3.88126e-005
696 4.88933e-005
696.65 3.54112e-005
696.8 3.88126e-005
698 4.88933e-005
698.65 3.54112e-005
698.8 3.88126e-005
700.005 4.88933e-005
700.65 3.54112e-005
700.655 3.54112e-005
700.8 3.88126e-005
700.805 3.88126e-005
702 4.88933e-005
702.65 3.54112e-005
702.8 3.88126e-005
704 4.88933e-005
704.65 3.54112e-005
704.8 3.88126e-005
705.005 4.88933e-005
705.655 3.54112e-005
705.805 3.88126e-005
706 4.88933e-005
706.65 3.54112e-005
706.8 3.88126e-005
708 4.88933e-005
708.65 3.54112e-005
708.8 3.88126e-005
710 4.88933e-005
710.005 4.88933e-005
710.65 3.54112e-005
710.655 3.54112e-005
710.8 3.88126e-005
710.805 3.88126e-005
712 4.88933e-005
712.65 3.54112e-005
712.8 3.88126e-005
714.65 3.54112e-005
714.8 3.88126e-005
715.005 4.88933e-005
715.655 3.54112e-005
715.805 3.88126e-005
716.65 3.54112e-005
716.8 3.88126e-005
718 4.88933e-005
718.65 3.54112e-005
718.8 3.88126e-005
720.005 4.88933e-005
720.65 3.54112e-005
720.655 3.54112e-005
720.8 3.88126e-005
720.805 3.88126e-005
722 4.88933e-005
722.65 3.54112e-005
722.8 3.88126e-005
724.65 3.54112e-005
724.8 3.88126e-005
725.005 4.88933e-005
725.655 3.54112e-005
725.805 3.88126e-005
726.65 3.54112e-005
726.8 3.88126e-005
728 4.88933e-005
728.65 3.54112e-005
728.8 3.88126e-005
730.005 4.88933e-005
730.65 3.54112e-005
730.655 3.54112e-005
730.8 3.88126e-005
730.805 3.88126e-005
732 4.88933e-005
732.65 3.54112e-005
732.8 3.88126e-005
734.65 3.54112e-005
734.8 3.88126e-005
735.005 4.88933e-005
735.655 3.54112e-005
735.805 3.88126e-005
736 4.88933e-005
736.65 3.54112e-005
736.8 3.88126e-005
738 4.88933e-005
738.65 3.54112e-005
738.8 3.88126e-005
740.005 4.88933e-005
740.65 3.54112e-005
740.655 3.54112e-005
740.8 3.88126e-005
740.805 3.88126e-005
742 4.88933e-005
742.65 3.54112e-005
742.8 3.88126e-005
744 4.88933e-005
744.65 3.54112e-005
744.8 3.88126e-005
745.005 4.88933e-005
745.655 3.54112e-005
745.805 3.88126e-005
746 4.88933e-005
746.65 3.54112e-005
746.8 3.88126e-005
748 4.88933e-005
748.65 3.54112e-005
748.8 3.88126e-005
750 4.88933e-005
750.005 4.88933e-005
750.65 3.54112e-005
750.655 3.54112e-005
750.805 3.88126e-005
752 4.88933e-005
752.65 3.54112e-005
752.8 3.88126e-005
754 4.88933e-005
754.65 3.54112e-005
754.8 3.88126e-005
755.005 4.88933e-005
755.655 3.54112e-005
755.805 3.88126e-005
756.65 3.54112e-005
756.8 3.88126e-005
758 4.88933e-005
758.65 3.54112e-005
758.8 3.88126e-005
760 4.88933e-005
760.005 4.88933e-005
760.65 3.54112e-005
760.655 3.54112e-005
760.8 3.88126e-005
760.805 3.88126e-005
762 4.88933e-005
762.65 3.54112e-005
762.8 3.88126e-005
764.65 3.54112e-005
764.8 3.88126e-005
765.005 4.88933e-005
765.655 3.54112e-005
765.805 3.88126e-005
766 4.88933e-005
766.65 3.54112e-005
766.8 3.88126e-005
768 4.88933e-005
768.65 3.54112e-005
768.8 3.88126e-005
770.005 4.88933e-005
770.65 3.54112e-005
770.655 3.54112e-005
770.8 3.88126e-005
770.805 3.88126e-005
772 4.88933e-005
772.65 3.54112e-005
772.8 3.88126e-005
774 4.88933e-005
774.65 3.54112e-005
774.8 3.88126e-005
775.005 4.88933e-005
775.655 3.54112e-005
775.805 3.88126e-005
776.65 3.54112e-005
776.8 3.88126e-005
778 4.88933e-005
778.65 3.54112e-005
778.8 3.88126e-005
780.65 3.54112e-005
780.655 3.54112e-005
780.8 3.88126e-005
780.805 3.88126e-005
782 4.88933e-005
782.65 3.54112e-005
782.8 3.88126e-005
784 4.88933e-005
784.65 3.54112e-005
784.8 3.88126e-005
785.005 4.88933e-005
785.655 3.54112e-005
785.805 3.88126e-005
786.65 3.54112e-005
786.8 3.88126e-005
788.65 3.54112e-005
788.8 3.88126e-005
790 4.88933e-005
790.005 4.88933e-005
790.65 3.54112e-005
790.655 3.54112e-005
790.8 3.88126e-005
790.805 3.88126e-005
792 4.88933e-005
792.65 3.54112e-005
792.8 3.88126e-005
794 4.88933e-005
794.65 3.54112e-005
794.8 3.88126e-005
795.005 4.88933e-005
795.655 3.54112e-005
795.805 3.88126e-005
796 4.88933e-005
796.65 3.54112e-005
796.8 3.88126e-005
798.65 3.54112e-005
798.8 3.88126e-005
800 4.88933e-005
800.005 4.88933e-005
800.65 3.54112e-005
800.655 3.54112e-005
800.805 3.88126e-005
802 4.88933e-005
802.65 3.54112e-005
802.8 3.88126e-005
804.65 3.54112e-005
805.005 4.88933e-005
805.655 3.54112e-005
805.805 3.88126e-005
806.65 3.54112e-005
806.8 3.88126e-005
808.65 3.54112e-005
808.8 3.88126e-005
810 4.88933e-005
810.005 4.88933e-005
810.65 3.54112e-005
810.655 3.54112e-005
810.8 3.88126e-005
810.805 3.88126e-005
812.65 3.54112e-005
812.8 3.88126e-005
814.65 3.54112e-005
814.8 3.88126e-005
815.005 4.88933e-005
815.655 3.54112e-005
815.805 3.88126e-005
816 4.88933e-005
816.65 3.54112e-005
816.8 3.88126e-005
818 4.88933e-005
818.65 3.54112e-005
818.8 3.88126e-005
820 4.88933e-005
820.005 4.88933e-005
820.65 3.54112e-005
820.655 3.54112e-005
820.805 3.88126e-005
822 4.88933e-005
822.65 3.54112e-005
822.8 3.88126e-005
824.65 3.54112e-005
824.8 3.88126e-005
825.005 4.88933e-005
825.655 3.54112e-005
825.805 3.88126e-005
826.65 3.54112e-005
826.8 3.88126e-005
828 4.88933e-005
828.65 3.54112e-005
828.8 3.88126e-005
830.005 4.88933e-005
830.65 3.54112e-005
830.655 3.54112e-005
830.8 3.88126e-005
830.805 3.88126e-005
832.65 3.54112e-005
832.8 3.88126e-005
834 4.88933e-005
834.65 3.54112e-005
834.8 3.88126e-005
835.005 4.88933e-005
835.655 3.54112e-005
835.805 3.88126e-005
836 4.88933e-005
836.65 3.54112e-005
836.8 3.88126e-005
838.65 3.54112e-005
838.8 3.88126e-005
840 4.88933e-005
840.005 4.88933e-005
840.65 3.54112e-005
840.655 3.54112e-005
840.8 3.88126e-005
840.805 3.88126e-005
842 4.88933e-005
842.65 3.54112e-005
842.8 3.88126e-005
844.65 3.54112e-005
844.8 3.88126e-005
845.005 4.88933e-005
845.655 3.54112e-005
845.805 3.88126e-005
846 4.88933e-005
846.65 3.54112e-005
846.8 3.88126e-005
848.65 3.54112e-005
848.8 3.88126e-005
850 4.88933e-005
850.005 4.88933e-005
850.65 3.54112e-005
850.655 3.54112e-005
850.8 3.88126e-005
850.805 3.88126e-005
852 4.88933e-005
852.65 3.54112e-005
852.8 3.88126e-005
854.65 3.54112e-005
854.8 3.88126e-005
855.005 4.88933e-005
855.655 3.54112e-005
855.805 3.88126e-005
856 4.88933e-005
856.65 3.54112e-005
858 4.88933e-005
858.65 3.54112e-005
858.8 3.88126e-005
860 4.88933e-005
860.005 4.88933e-005
860.65 3.54112e-005
860.655 3.54112e-005
860.8 3.88126e-005
860.805 3.88126e-005
862 4.88933e-005
862.65 3.54112e-005
862.8 3.88126e-005
864 4.88933e-005
864.65 3.54112e-005
864.8 3.88126e-005
865.005 4.88933e-005
865.655 3.54112e-005
865.805 3.88126e-005
866 4.88933e-005
866.65 3.54112e-005
866.8 3.88126e-005
868 4.88933e-005
868.65 3.54112e-005
868.8 3.88126e-005
870 4.88933e-005
870.005 4.88933e-005
870.65 3.54112e-005
870.655 3.54112e-005
870.8 3.88126e-005
870.805 3.88126e-005
872.65 3.54112e-005
872.8 3.88126e-005
874 4.88933e-005
874.65 3.54112e-005
874.8 3.88126e-005
875.005 4.88933e-005
875.655 3.54112e-005
875.805 3.88126e-005
876 4.88933e-005
876.65 3.54112e-005
876.8 3.88126e-005
878.65 3.54112e-005
878.8 3.88126e-005
880 4.88933e-005
880.005 4.88933e-005
880.65 3.54112e-005
880.655 3.54112e-005
880.8 3.88126e-005
880.805 3.88126e-005
882 4.88933e-005
882.65 3.54112e-005
882.8 3.88126e-005
884 4.88933e-005
884.65 3.54112e-005
884.8 3.88126e-005
885.005 4.88933e-005
885.655 3.54112e-005
885.805 3.88126e-005
886.65 3.54112e-005
886.8 3.88126e-005
888.65 3.54112e-005
888.8 3.88126e-005
890 4.88933e-005
890.005 4.88933e-005
890.65 3.54112e-005
890.655 3.54112e-005
890.8 3.88126e-005
890.805 3.88126e-005
892 4.88933e-005
892.65 3.54112e-005
892.8 3.88126e-005
894 4.88933e-005
894.65 3.54112e-005
894.8 3.88126e-005
895.005 4.88933e-005
895.655 3.54112e-005
895.805 3.88126e-005
896.65 3.54112e-005
896.8 3.88126e-005
898 4.88933e-005
898.65 3.54112e-005
898.8 3.88126e-005
900 4.88933e-005
900.005 4.88933e-005
900.65 3.54112e-005
900.655 3.54112e-005
900.8 3.88126e-005
900.805 3.88126e-005
902 4.88933e-005
902.65 3.54112e-005
902.8 3.88126e-005
904 4.88933e-005
904.65 3.54112e-005
904.8 3.88126e-005
905.005 4.88933e-005
905.655 3.54112e-005
905.805 3.88126e-005
906 4.88933e-005
906.65 3.54112e-005
906.8 3.88126e-005
908.65 3.54112e-005
908.8 3.88126e-005
910 4.88933e-005
910.005 4.88933e-005
910.65 3.54112e-005
910.655 3.54112e-005
910.8 3.88126e-005
910.805 3.88126e-005
912 4.88933e-005
912.65 3.54112e-005
912.8 3.88126e-005
914 4.88933e-005
914.65 3.54112e-005
914.8 3.88126e-005
915.005 4.88933e-005
915.655 3.54112e-005
915.805 3.88126e-005
916 4.88933e-005
916.65 3.54112e-005
916.8 3.88126e-005
918 4.88933e-005
918.65 3.54112e-005
918.8 3.88126e-005
920 4.88933e-005
920.005 4.88933e-005
920.65 3.54112e-005
920.655 3.54112e-005
920.8 3.88126e-005
920.805 3.88126e-005
922 4.88933e-005
922.65 3.54112e-005
922.8 3.88126e-005
924 4.88933e-005
924.65 3.54112e-005
924.8 3.88126e-005
925.005 4.88933e-005
925.655 3.54112e-005
925.805 3.88126e-005
926 4.88933e-005
926.65 3.54112e-005
926.8 3.88126e-005
928 4.88933e-005
928.65 3.54112e-005
928.8 3.88126e-005
930.005 4.88933e-005
930.65 3.54112e-005
930.655 3.54112e-005
930.8 3.88126e-005
930.805 3.88126e-005
932 4.88933e-005
932.65 3.54112e-005
932.8 3.88126e-005
934 4.88933e-005
934.65 3.54112e-005
934.8 3.88126e-005
935.005 4.88933e-005
935.655 3.54112e-005
935.805 3.88126e-005
936 4.88933e-005
936.65 3.54112e-005
936.8 3.88126e-005
938 4.88933e-005
938.65 3.54112e-005
940.005 4.88933e-005
940.65 3.54112e-005
940.655 3.54112e-005
940.8 3.88126e-005
940.805 3.88126e-005
942 4.88933e-005
942.65 3.54112e-005
942.8 3.88126e-005
944 4.88933e-005
944.65 3.54112e-005
944.8 3.88126e-005
945.005 4.88933e-005
945.655 3.54112e-005
945.805 3.88126e-005
946 4.88933e-005
946.65 3.54112e-005
946.8 3.88126e-005
948 4.88933e-005
948.65 3.54112e-005
948.8 3.88126e-005
950.005 4.88933e-005
950.65 3.54112e-005
950.655 3.54112e-005
950.8 3.88126e-005
950.805 3.88126e-005
952.65 3.54112e-005
952.8 3.88126e-005
954 4.88933e-005
954.65 3.54112e-005
954.8 3.88126e-005
955.005 4.88933e-005
955.655 3.54112e-005
955.805 3.88126e-005
956 4.88933e-005
956.65 3.54112e-005
956.8 3.88126e-005
958 4.88933e-005
958.65 3.54112e-005
958.8 3.88126e-005
960 4.88933e-005
960.005 4.88933e-005
960.65 3.54112e-005
960.655 3.54112e-005
960.8 3.88126e-005
960.805 3.88126e-005
962 4.88933e-005
962.65 3.54112e-005
962.8 3.88126e-005
964 4.88933e-005
964.65 3.54112e-005
964.8 3.88126e-005
965.005 4.88933e-005
965.655 3.54112e-005
965.805 3.88126e-005
966 4.88933e-005
966.65 3.54112e-005
966.8 3.88126e-005
968.65 3.54112e-005
968.8 3.88126e-005
970 4.88933e-005
970.005 4.88933e-005
970.65 3.54112e-005
970.655 3.54112e-005
970.8 3.88126e-005
970.805 3.88126e-005
972.65 3.54112e-005
972.8 3.88126e-005
974 4.88933e-005
974.65 3.54112e-005
974.8 3.88126e-005
975.005 4.88933e-005
975.655 3.54112e-005
975.805 3.88126e-005
976 4.88933e-005
976.65 3.54112e-005
976.8 3.88126e-005
978 4.88933e-005
978.65 3.54112e-005
978.8 3.88126e-005
980 4.88933e-005
980.005 4.88933e-005
980.65 3.54112e-005
980.655 3.54112e-005
980.8 3.88126e-005
980.805 3.88126e-005
982 4.88933e-005
982.65 3.54112e-005
982.8 3.88126e-005
984 4.88933e-005
984.65 3.54112e-005
984.8 3.88126e-005
985.655 3.54112e-005
985.805 3.88126e-005
986 4.88933e-005
986.65 3.54112e-005
986.8 3.88126e-005
988 4.88933e-005
988.65 3.54112e-005
988.8 3.88126e-005
990 4.88933e-005
990.005 4.88933e-005
990.65 3.54112e-005
990.655 3.54112e-005
990.8 3.88126e-005
990.805 3.88126e-005
992 4.88933e-005
992.65 3.54112e-005
992.8 3.88126e-005
994 4.88933e-005
994.65 3.54112e-005
994.8 3.88126e-005
995.005 4.88933e-005
995.655 3.54112e-005
995.805 3.88126e-005
996 4.88933e-005
996.65 3.54112e-005
996.8 3.88126e-005
998 4.88933e-005
998.65 3.54112e-005
998.8 3.88126e-005
1000 4.88933e-005
1000.01 4.88933e-005
1000.65 3.54112e-005
1000.66 3.54112e-005
1000.8 3.88126e-005
1000.81 3.88126e-005
1002 4.88933e-005
1002.65 3.54112e-005
1002.8 3.88126e-005
1004 4.88933e-005
1004.65 3.54112e-005
1004.8 3.88126e-005
1005.01 4.88933e-005
1005.66 3.54112e-005
1005.81 3.88126e-005
1006 4.88933e-005
1006.65 3.54112e-005
1008.65 3.54112e-005
1008.8 3.88126e-005
1010 4.88933e-005
1010.01 4.88933e-005
1010.65 3.54112e-005
1010.66 3.54112e-005
1010.8 3.88126e-005
1010.81 3.88126e-005
1012 4.88933e-005
1012.65 3.54112e-005
1012.8 3.88126e-005
1014 4.88933e-005
1014.65 3.54112e-005
1014.8 3.88126e-005
1015.01 4.88933e-005
1015.66 3.54112e-005
1015.81 3.88126e-005
1016 4.88933e-005
1016.65 3.54112e-005
1016.8 3.88126e-005
1018.65 3.54112e-005
1018.8 3.88126e-005
1020 4.88933e-005
1020.01 4.88933e-005
1020.65 3.54112e-005
1020.66 3.54112e-005
1020.8 3.88126e-005
1020.81 3.88126e-005
1022.65 3.54112e-005
1022.8 3.88126e-005
1024 4.88933e-005
1024.65 3.54112e-005
1024.8 3.88126e-005
1025.01 4.88933e-005
1025.66 3.54112e-005
1025.81 3.88126e-005
1026 4.88933e-005
1026.65 3.54112e-005
1026.8 3.88126e-005
1028.65 3.54112e-005
1028.8 3.88126e-005
1030 4.88933e-005
1030.01 4.88933e-005
1030.65 3.54112e-005
1030.66 3.54112e-005
1030.8 3.88126e-005
1030.81 3.88126e-005
1032 4.88933e-005
1032.65 3.54112e-005
1032.8 3.88126e-005
1034 4.88933e-005
1034.65 3.54112e-005
1034.8 3.88126e-005
1035.01 4.88933e-005
1035.66 3.54112e-005
1035.81 3.88126e-005
1036 4.88933e-005
1036.65 3.54112e-005
1036.8 3.88126e-005
1038 4.88933e-005
1038.65 3.54112e-005
1038.8 3.88126e-005
1040 4.88933e-005
1040.01 4.88933e-005
1040.65 3.54112e-005
1040.66 3.54112e-005
1040.8 3.88126e-005
1040.81 3.88126e-005
1042 4.88933e-005
1042.65 3.54112e-005
1042.8 3.88126e-005
1044 4.88933e-005
1044.65 3.54112e-005
1044.8 3.88126e-005
1045.01 4.88933e-005
1045.66 3.54112e-005
1045.81 3.88126e-005
1046 4.88933e-005
1046.65 3.54112e-005
1046.8 3.88126e-005
1048 4.88933e-005
1048.65 3.54112e-005
1048.8 3.88126e-005
1050 4.88933e-005
1050.01 4.88933e-005
1050.65 3.54112e-005
1050.66 3.54112e-005
1050.8 3.88126e-005
1050.81 3.88126e-005
1052.65 3.54112e-005
1052.8 3.88126e-005
1054 4.88933e-005
1054.65 3.54112e-005
1054.8 3.88126e-005
1055.01 4.88933e-005
1055.66 3.54112e-005
1055.81 3.88126e-005
1056 4.88933e-005
1056.65 3.54112e-005
1056.8 3.88126e-005
1058 4.88933e-005
1058.65 3.54112e-005
1058.8 3.88126e-005
1060 4.88933e-005
1060.01 4.88933e-005
1060.65 3.54112e-005
1060.66 3.54112e-005
1060.8 3.88126e-005
1060.81 3.88126e-005
1062 4.88933e-005
1062.65 3.54112e-005
1062.8 3.88126e-005
1064 4.88933e-005
1064.65 3.54112e-005
1064.8 3.88126e-005
1065.01 4.88933e-005
1065.66 3.54112e-005
1065.81 3.88126e-005
1066 4.88933e-005
1066.65 3.54112e-005
1066.8 3.88126e-005
1068.65 3.54112e-005
1068.8 3.88126e-005
1070 4.88933e-005
1070.01 4.88933e-005
1070.65 3.54112e-005
1070.66 3.54112e-005
1070.8 3.88126e-005
1070.81 3.88126e-005
1072.65 3.54112e-005
1072.8 3.88126e-005
1074 4.88933e-005
1074.65 3.54112e-005
1074.8 3.88126e-005
1075.01 4.88933e-005
1075.66 3.54112e-005
1075.81 3.88126e-005
1076 4.88933e-005
1076.65 3.54112e-005
1076.8 3.88126e-005
1078 4.88933e-005
1078.65 3.54112e-005
1078.8 3.88126e-005
1080 4.88933e-005
1080.01 4.88933e-005
1080.65 3.54112e-005
1080.66 3.54112e-005
1080.8 3.88126e-005
1080.81 3.88126e-005
1082 4.88933e-005
1082.65 3.54112e-005
1084 4.88933e-005
1084.65 3.54112e-005
1084.8 3.88126e-005
1085.01 4.88933e-005
1085.66 3.54112e-005
1085.81 3.88126e-005
1086 4.88933e-005
1086.65 3.54112e-005
1086.8 3.88126e-005
1088 4.88933e-005
1088.65 3.54112e-005
1088.8 3.88126e-005
1090 4.88933e-005
1090.01 4.88933e-005
1090.65 3.54112e-005
1090.66 3.54112e-005
1090.8 3.88126e-005
1090.81 3.88126e-005
1092 4.88933e-005
1092.65 3.54112e-005
1092.8 3.88126e-005
1094 4.88933e-005
1094.65 3.54112e-005
1094.8 3.88126e-005
1095.01 4.88933e-005
1095.66 3.54112e-005
1095.81 3.88126e-005
1096 4.88933e-005
1096.65 3.54112e-005
1096.8 3.88126e-005
1098 4.88933e-005
1098.65 3.54112e-005
1098.8 3.88126e-005
1100 4.88933e-005
1100.01 4.88933e-005
1100.65 3.54112e-005
1100.66 3.54112e-005
1100.8 3.88126e-005
1100.81 3.88126e-005
1102 4.88933e-005
1102.65 3.54112e-005
1102.8 3.88126e-005
1104.65 3.54112e-005
1104.8 3.88126e-005
1105.01 4.88933e-005
1105.66 3.54112e-005
1105.81 3.88126e-005
1106.65 3.54112e-005
1106.8 3.88126e-005
1108 4.88933e-005
1108.65 3.54112e-005
1108.8 3.88126e-005
1110 4.88933e-005
1110.01 4.88933e-005
1110.65 3.54112e-005
1110.66 3.54112e-005
1110.8 3.88126e-005
1110.81 3.88126e-005
1112 4.88933e-005
1112.65 3.54112e-005
1112.8 3.88126e-005
1114 4.88933e-005
1114.65 3.54112e-005
1114.8 3.88126e-005
1115.01 4.88933e-005
1115.66 3.54112e-005
1115.81 3.88126e-005
1116 4.88933e-005
1116.65 3.54112e-005
1116.8 3.88126e-005
1118 4.88933e-005
1118.65 3.54112e-005
1118.8 3.88126e-005
1120 4.88933e-005
1120.01 4.88933e-005
1120.65 3.54112e-005
1120.66 3.54112e-005
1120.81 3.88126e-005
1122 4.88933e-005
1122.65 3.54112e-005
1122.8 3.88126e-005
1124 4.88933e-005
1124.65 3.54112e-005
1125.01 4.88933e-005
1125.66 3.54112e-005
1125.81 3.88126e-005
1126 4.88933e-005
1126.65 3.54112e-005
1126.8 3.88126e-005
1128 4.88933e-005
1128.65 3.54112e-005
1128.8 3.88126e-005
1130.01 4.88933e-005
1130.65 3.54112e-005
1130.66 3.54112e-005
1130.8 3.88126e-005
1130.81 3.88126e-005
1132.65 3.54112e-005
1132.8 3.88126e-005
1134 4.88933e-005
1134.65 3.54112e-005
1134.8 3.88126e-005
1135.01 4.88933e-005
1135.66 3.54112e-005
1135.81 3.88126e-005
1136 4.88933e-005
1136.65 3.54112e-005
1136.8 3.88126e-005
1138 4.88933e-005
1138.65 3.54112e-005
1138.8 3.88126e-005
1140 4.88933e-005
1140.01 4.88933e-005
1140.65 3.54112e-005
1140.66 3.54112e-005
1140.8 3.88126e-005
1140.81 3.88126e-005
1142 4.88933e-005
1142.65 3.54112e-005
1142.8 3.88126e-005
1144 4.88933e-005
1144.65 3.54112e-005
1144.8 3.88126e-005
1145.01 4.88933e-005
1145.66 3.54112e-005
1145.81 3.88126e-005
1146.65 3.54112e-005
1146.8 3.88126e-005
1148 4.88933e-005
1148.65 3.54112e-005
1148.8 3.88126e-005
1150 4.88933e-005
1150.01 4.88933e-005
1150.65 3.54112e-005
1150.66 3.54112e-005
1150.8 3.88126e-005
1150.81 3.88126e-005
1152.65 3.54112e-005
1152.8 3.88126e-005
1154 4.88933e-005
1154.65 3.54112e-005
1154.8 3.88126e-005
1155.01 4.88933e-005
1155.66 3.54112e-005
1155.81 3.88126e-005
1156 4.88933e-005
1156.65 3.54112e-005
1156.8 3.88126e-005
1158 4.88933e-005
1158.65 3.54112e-005
1158.8 3.88126e-005
1160 4.88933e-005
1160.01 4.88933e-005
1160.65 3.54112e-005
1160.66 3.54112e-005
1160.8 3.88126e-005
1160.81 3.88126e-005
1162.65 3.54112e-005
1162.8 3.88126e-005
1164 4.88933e-005
1164.65 3.54112e-005
1164.8 3.88126e-005
1165.01 4.88933e-005
1165.66 3.54112e-005
1165.81 3.88126e-005
1166.65 3.54112e-005
1166.8 3.88126e-005
1168 4.88933e-005
1168.65 3.54112e-005
1168.8 3.88126e-005
1170 4.88933e-005
1170.01 4.88933e-005
1170.65 3.54112e-005
1170.66 3.54112e-005
1170.8 3.88126e-005
1170.81 3.88126e-005
1172 4.88933e-005
1172.65 3.54112e-005
1172.8 3.88126e-005
1174 4.88933e-005
1174.65 3.54112e-005
1174.8 3.88126e-005
1175.01 4.88933e-005
1175.66 3.54112e-005
1175.81 3.88126e-005
1176 4.88933e-005
1176.65 3.54112e-005
1176.8 3.88126e-005
1178 4.88933e-005
1178.65 3.54112e-005
1178.8 3.88126e-005
1180.01 4.88933e-005
1180.65 3.54112e-005
1180.66 3.54112e-005
1180.8 3.88126e-005
1180.81 3.88126e-005
1182 4.88933e-005
1182.65 3.54112e-005
1182.8 3.88126e-005
1184 4.88933e-005
1184.65 3.54112e-005
1184.8 3.88126e-005
1185.01 4.88933e-005
1185.66 3.54112e-005
1185.81 3.88126e-005
1186 4.88933e-005
1186.65 3.54112e-005
1186.8 3.88126e-005
1188 4.88933e-005
1188.65 3.54112e-005
1188.8 3.88126e-005
1190 4.88933e-005
1190.01 4.88933e-005
1190.65 3.54112e-005
1190.66 3.54112e-005
1190.8 3.88126e-005
1190.81 3.88126e-005
1192 4.88933e-005
1192.65 3.54112e-005
1192.8 3.88126e-005
1194 4.88933e-005
1194.65 3.54112e-005
1194.8 3.88126e-005
1195.01 4.88933e-005
1195.66 3.54112e-005
1195.81 3.88126e-005
1196 4.88933e-005
1196.65 3.54112e-005
1196.8 3.88126e-005
1198 4.88933e-005
1198.65 3.54112e-005
1198.8 3.88126e-005
