0.700043 3.33477e-005
0.705035 3.33406e-005
0.900042 3.252e-005
0.905034 3.25198e-005
2.70004 3.06941e-005
2.90004 3.26564e-005
4.70004 2.84476e-005
4.90004 3.32263e-005
5.45505 4.77851e-005
5.70503 2.75046e-005
5.90504 3.367e-005
6.70008 2.67111e-005
6.90008 3.42079e-005
8.70006 2.55887e-005
8.90005 3.55671e-005
10.4501 4.11408e-005
10.455 4.11697e-005
10.7001 2.70574e-005
10.705 2.70711e-005
10.9001 3.1893e-005
10.905 3.1868e-005
12.7001 3.31082e-005
12.9 2.20796e-005
14.7001 3.99364e-005
14.9 1.35739e-005
15.7051 4.35477e-005
15.905 1.08319e-005
16.7001 4.7206e-005
16.9 1.03631e-005
18.9 1.60293e-005
20.8551 5.29889e-005
20.9 2.09499e-005
20.905 2.0955e-005
22.8501 4.95405e-005
22.9 2.63313e-005
24.8501 4.64457e-005
24.9 3.59011e-005
25.8551 4.50514e-005
25.905 4.14358e-005
26.4501 4.56821e-005
26.7501 4.55456e-005
26.8501 4.37906e-005
26.9001 4.71759e-005
28.4501 3.02089e-005
28.7501 3.31652e-005
28.8501 4.16593e-005
30.4001 5.12473e-005
30.45 2.32869e-005
30.455 2.33214e-005
30.5001 4.34129e-005
30.505 4.3436e-005
30.7051 4.96393e-005
30.75 2.80516e-005
30.755 2.8061e-005
30.8501 4.59985e-005
30.8551 4.60301e-005
32.4501 3.73592e-005
32.75 3.19653e-005
34.7501 3.60744e-005
34.9001 4.20869e-005
35.7551 3.81933e-005
35.905 3.86627e-005
36.7501 4.03192e-005
36.9 3.61355e-005
38.7501 4.46609e-005
38.9 3.43638e-005
40.7501 4.89892e-005
40.7551 4.90004e-005
40.9 3.10665e-005
40.905 3.10425e-005
42.9 2.19541e-005
44.9 1.51058e-005
45.905 1.36832e-005
46.9 1.42736e-005
48.9 2.02147e-005
50.8551 4.81738e-005
50.9 2.56701e-005
50.905 2.56753e-005
52.8501 4.28594e-005
52.9 2.83137e-005
54.7001 5.16675e-005
54.8501 3.78819e-005
54.9 3.19219e-005
55.855 3.55598e-005
55.905 3.40059e-005
56.8501 3.34118e-005
56.9001 3.62076e-005
58.7001 4.74196e-005
58.85 2.96794e-005
58.9001 4.09587e-005
60.6551 5.20832e-005
60.7001 4.68204e-005
60.7051 4.68214e-005
60.8501 2.89937e-005
60.855 2.89998e-005
60.9 3.94604e-005
60.905 3.94373e-005
62.8501 3.16067e-005
62.9 3.09011e-005
64.85 3.44921e-005
64.9 2.46335e-005
65.7051 4.80748e-005
65.8551 3.60245e-005
65.905 2.2975e-005
66.8501 3.75873e-005
66.9 2.26475e-005
68.7001 4.90074e-005
68.8501 4.08445e-005
68.9 2.59457e-005
70.7051 4.81137e-005
70.8501 3.98557e-005
70.855 3.98386e-005
70.9001 2.49707e-005
70.905 2.49458e-005
72.7001 4.6185e-005
72.85 3.31621e-005
72.9 1.49969e-005
74.7001 4.72138e-005
74.85 2.68708e-005
74.9 5.55208e-006
75.855 2.3962e-005
75.905 3.24279e-006
76.85 2.13404e-005
76.9 6.42568e-006
78.85 1.73161e-005
78.9 1.60094e-005
80.7551 5.19488e-005
80.85 1.6589e-005
80.855 1.6601e-005
80.9 1.47657e-005
80.905 1.47297e-005
82.85 2.703e-005
82.9 6.82056e-006
84.7001 4.69976e-005
84.8501 4.21585e-005
84.9 1.96333e-005
85.7051 4.40834e-005
85.905 2.73584e-005
86.7001 4.13387e-005
86.9 3.51406e-005
88.7001 3.63719e-005
90.7001 3.54403e-005
90.705 3.54535e-005
92.7001 4.13233e-005
94.7001 4.80427e-005
95.7051 5.16338e-005
112.7 4.78852e-005
114.7 4.48078e-005
115.705 4.35605e-005
116.45 4.65168e-005
116.7 4.25466e-005
118.45 2.93836e-005
118.7 4.12358e-005
118.75 3.52751e-005
120.45 1.80926e-005
120.455 1.80724e-005
120.7 3.53506e-005
120.705 3.53108e-005
120.75 2.73054e-005
120.755 2.72948e-005
122.45 1.14901e-005
122.7 1.93831e-005
122.75 2.70787e-005
124.45 1.15069e-005
124.7 3.43278e-006
124.75 3.40891e-005
125.455 1.43693e-005
125.705 4.62997e-006
125.755 3.92948e-005
126.45 1.81244e-005
126.7 1.25643e-005
126.75 4.5078e-005
126.85 5.32781e-005
128.4 4.32225e-005
128.45 2.68381e-005
128.7 2.85297e-005
128.8 5.02795e-005
128.85 3.77407e-005
128.9 4.70044e-005
130.4 3.86881e-005
130.405 3.87237e-005
130.45 3.3117e-005
130.455 3.31084e-005
130.6 4.81695e-005
130.605 4.81929e-005
130.7 3.56727e-005
130.705 3.56499e-005
130.805 5.13386e-005
130.85 3.45624e-005
130.855 3.4591e-005
130.9 4.36677e-005
130.905 4.36796e-005
132.45 3.25411e-005
132.7 2.68748e-005
132.85 4.61136e-005
132.9 4.91157e-005
134.45 3.75186e-005
134.7 1.94494e-005
135.455 4.15786e-005
135.705 1.68317e-005
136.45 4.62913e-005
136.7 1.55111e-005
138.7 1.75843e-005
140.7 2.11399e-005
140.705 2.1137e-005
142.7 2.00301e-005
144.45 4.91221e-005
144.7 1.90276e-005
145.455 4.55812e-005
145.705 1.85699e-005
146.45 4.22706e-005
146.7 1.81502e-005
146.75 5.27931e-005
146.9 5.22623e-005
148.45 3.64156e-005
148.7 1.74168e-005
148.9 4.58275e-005
150.45 3.31232e-005
150.455 3.31281e-005
150.7 1.54933e-005
150.705 1.54876e-005
150.75 5.15145e-005
150.755 5.15273e-005
150.9 3.74881e-005
150.905 3.74613e-005
152.45 3.89913e-005
152.7 1.93042e-005
152.9 2.67146e-005
154.45 5.03057e-005
154.7 3.02113e-005
154.9 1.59877e-005
155.705 3.65777e-005
155.905 1.06591e-005
156.7 4.3131e-005
156.85 4.49456e-005
156.9 5.58116e-006
158.65 4.86784e-005
158.85 3.49549e-005
158.9 6.34902e-006
160.65 4.41709e-005
160.655 4.41977e-005
160.85 3.5837e-005
160.855 3.58545e-005
160.9 1.22609e-005
160.905 1.22627e-005
162.85 4.47554e-005
162.9 1.34067e-005
164.9 1.5269e-005
165.905 1.64022e-005
166.9 1.76221e-005
168.9 2.0296e-005
170.9 2.20955e-005
170.905 2.20983e-005
172.9 2.44117e-005
174.9 2.86474e-005
175.905 3.12696e-005
176.65 5.30076e-005
176.75 5.11918e-005
176.9 3.40947e-005
178.45 4.28357e-005
178.65 4.01099e-005
178.75 4.18856e-005
178.85 4.65422e-005
178.9 4.02646e-005
180.45 3.33586e-005
180.455 3.33474e-005
180.65 3.17259e-005
180.655 3.17271e-005
180.75 3.93926e-005
180.755 3.9411e-005
180.85 4.07766e-005
180.855 4.0776e-005
180.9 4.19347e-005
180.905 4.19243e-005
182.45 3.10147e-005
182.65 3.22461e-005
182.75 4.71735e-005
182.85 4.15624e-005
182.9 3.80543e-005
184.45 3.33845e-005
184.65 3.27833e-005
184.85 4.42213e-005
184.9 3.48593e-005
185.455 3.61358e-005
185.655 3.30593e-005
185.855 4.61717e-005
185.905 3.35758e-005
186.45 3.96315e-005
186.65 3.33366e-005
186.9 3.2552e-005
188.45 4.82729e-005
188.65 3.39052e-005
188.9 3.13293e-005
190.65 3.42974e-005
190.655 3.42974e-005
190.7 4.94252e-005
190.705 4.94252e-005
190.9 3.117e-005
190.905 3.117e-005
192.65 3.42974e-005
192.7 4.94252e-005
192.9 3.117e-005
194.65 3.42974e-005
194.7 4.94252e-005
194.9 3.117e-005
195.655 3.42974e-005
195.905 3.117e-005
196.65 3.42974e-005
196.7 4.94252e-005
196.9 3.117e-005
198.65 3.42974e-005
198.7 4.94252e-005
198.9 3.117e-005
200.65 3.42974e-005
200.655 3.42974e-005
200.705 4.94252e-005
200.9 3.117e-005
200.905 3.117e-005
202.65 3.42974e-005
202.9 3.117e-005
204.65 3.42974e-005
204.7 4.94252e-005
204.9 3.117e-005
205.655 3.42974e-005
205.705 4.94252e-005
205.905 3.117e-005
206.65 3.42974e-005
206.7 4.94252e-005
206.9 3.117e-005
208.65 3.42974e-005
208.7 4.94252e-005
208.9 3.117e-005
210.65 3.42974e-005
210.655 3.42974e-005
210.705 4.94252e-005
210.9 3.117e-005
210.905 3.117e-005
212.65 3.42974e-005
212.7 4.94252e-005
212.9 3.117e-005
214.65 3.42974e-005
214.7 4.94252e-005
214.9 3.117e-005
215.655 3.42974e-005
215.905 3.117e-005
216.65 3.42974e-005
216.7 4.94252e-005
216.9 3.117e-005
218.65 3.42974e-005
218.9 3.117e-005
220.65 3.42974e-005
220.655 3.42974e-005
220.7 4.94252e-005
220.705 4.94252e-005
220.9 3.117e-005
220.905 3.117e-005
222.65 3.42974e-005
222.7 4.94252e-005
222.9 3.117e-005
224.65 3.42974e-005
224.9 3.117e-005
225.655 3.42974e-005
225.905 3.117e-005
226.65 3.42974e-005
226.7 4.94252e-005
226.9 3.117e-005
228.65 3.42974e-005
228.7 4.94252e-005
228.9 3.117e-005
230.65 3.42974e-005
230.655 3.42974e-005
230.705 4.94252e-005
230.9 3.117e-005
230.905 3.117e-005
232.65 3.42974e-005
232.9 3.117e-005
234.65 3.42974e-005
234.7 4.94252e-005
234.9 3.117e-005
235.655 3.42974e-005
235.705 4.94252e-005
235.905 3.117e-005
236.65 3.42974e-005
236.7 4.94252e-005
236.9 3.117e-005
238.65 3.42974e-005
238.7 4.94252e-005
238.9 3.117e-005
240.65 3.42974e-005
240.655 3.42974e-005
240.7 4.94252e-005
240.705 4.94252e-005
240.9 3.117e-005
240.905 3.117e-005
242.65 3.42974e-005
242.7 4.94252e-005
242.9 3.117e-005
244.65 3.42974e-005
244.7 4.94252e-005
244.9 3.117e-005
245.655 3.42974e-005
245.705 4.94252e-005
245.905 3.117e-005
246.65 3.42974e-005
246.7 4.94252e-005
246.9 3.117e-005
248.65 3.42974e-005
248.7 4.94252e-005
248.9 3.117e-005
250.65 3.42974e-005
250.655 3.42974e-005
250.7 4.94252e-005
250.705 4.94252e-005
250.9 3.117e-005
250.905 3.117e-005
252.65 3.42974e-005
252.9 3.117e-005
254.65 3.42974e-005
254.7 4.94252e-005
254.9 3.117e-005
255.655 3.42974e-005
255.905 3.117e-005
256.65 3.42974e-005
256.7 4.94252e-005
256.9 3.117e-005
258.65 3.42974e-005
258.7 4.94252e-005
258.9 3.117e-005
260.65 3.42974e-005
260.655 3.42974e-005
260.705 4.94252e-005
260.9 3.117e-005
260.905 3.117e-005
262.65 3.42974e-005
262.7 4.94252e-005
262.9 3.117e-005
264.65 3.42974e-005
264.7 4.94252e-005
264.9 3.117e-005
265.655 3.42974e-005
265.905 3.117e-005
266.65 3.42974e-005
266.7 4.94252e-005
266.9 3.117e-005
268.65 3.42974e-005
268.9 3.117e-005
270.65 3.42974e-005
270.655 3.42974e-005
270.7 4.94252e-005
270.705 4.94252e-005
270.9 3.117e-005
270.905 3.117e-005
272.65 3.42974e-005
272.9 3.117e-005
274.65 3.42974e-005
274.7 4.94252e-005
274.9 3.117e-005
275.655 3.42974e-005
275.705 4.94252e-005
275.905 3.117e-005
276.65 3.42974e-005
276.7 4.94252e-005
276.9 3.117e-005
278.65 3.42974e-005
278.9 3.117e-005
280.65 3.42974e-005
280.655 3.42974e-005
280.705 4.94252e-005
280.9 3.117e-005
280.905 3.117e-005
282.65 3.42974e-005
282.9 3.117e-005
284.65 3.42974e-005
284.9 3.117e-005
285.655 3.42974e-005
285.905 3.117e-005
286.65 3.42974e-005
286.9 3.117e-005
288.65 3.42974e-005
288.7 4.94252e-005
288.9 3.117e-005
290.65 3.42974e-005
290.655 3.42974e-005
290.7 4.94252e-005
290.9 3.117e-005
290.905 3.117e-005
292.65 3.42974e-005
292.9 3.117e-005
294.65 3.42974e-005
294.9 3.117e-005
295.655 3.42974e-005
295.905 3.117e-005
296.65 3.42974e-005
296.7 4.94252e-005
296.9 3.117e-005
298.65 3.42974e-005
298.9 3.117e-005
300.65 3.42974e-005
300.655 3.42974e-005
300.9 3.117e-005
300.905 3.117e-005
302.65 3.42974e-005
302.9 3.117e-005
304.65 3.42974e-005
304.9 3.117e-005
305.655 3.42974e-005
305.905 3.117e-005
306.65 3.42974e-005
306.9 3.117e-005
308.65 3.42974e-005
308.7 4.94252e-005
308.9 3.117e-005
310.65 3.42974e-005
310.655 3.42974e-005
310.705 4.94252e-005
310.9 3.117e-005
310.905 3.117e-005
312.65 3.42974e-005
312.7 4.94252e-005
312.9 3.117e-005
314.65 3.42974e-005
314.7 4.94252e-005
314.9 3.117e-005
315.655 3.42974e-005
315.705 4.94252e-005
315.905 3.117e-005
316.65 3.42974e-005
316.9 3.117e-005
318.65 3.42974e-005
318.7 4.94252e-005
318.9 3.117e-005
320.65 3.42974e-005
320.655 3.42974e-005
320.705 4.94252e-005
320.9 3.117e-005
320.905 3.117e-005
322.65 3.42974e-005
322.7 4.94252e-005
322.9 3.117e-005
324.65 3.42974e-005
324.7 4.94252e-005
324.9 3.117e-005
325.655 3.42974e-005
325.705 4.94252e-005
325.905 3.117e-005
326.65 3.42974e-005
326.7 4.94252e-005
326.9 3.117e-005
328.65 3.42974e-005
328.9 3.117e-005
330.65 3.42974e-005
330.655 3.42974e-005
330.705 4.94252e-005
330.9 3.117e-005
330.905 3.117e-005
332.65 3.42974e-005
332.9 3.117e-005
334.65 3.42974e-005
334.9 3.117e-005
335.655 3.42974e-005
335.905 3.117e-005
336.65 3.42974e-005
336.9 3.117e-005
338.65 3.42974e-005
338.9 3.117e-005
340.65 3.42974e-005
340.655 3.42974e-005
340.705 4.94252e-005
340.9 3.117e-005
340.905 3.117e-005
342.65 3.42974e-005
342.7 4.94252e-005
342.9 3.117e-005
344.65 3.42974e-005
344.7 4.94252e-005
344.9 3.117e-005
345.655 3.42974e-005
345.705 4.94252e-005
345.905 3.117e-005
346.65 3.42974e-005
346.7 4.94252e-005
346.9 3.117e-005
348.65 3.42974e-005
348.7 4.94252e-005
348.9 3.117e-005
350.65 3.42974e-005
350.655 3.42974e-005
350.9 3.117e-005
350.905 3.117e-005
352.65 3.42974e-005
352.9 3.117e-005
354.65 3.42974e-005
354.9 3.117e-005
355.655 3.42974e-005
355.905 3.117e-005
356.65 3.42974e-005
356.7 4.94252e-005
356.9 3.117e-005
358.65 3.42974e-005
358.7 4.94252e-005
358.9 3.117e-005
360.65 3.42974e-005
360.655 3.42974e-005
360.7 4.94252e-005
360.705 4.94252e-005
360.9 3.117e-005
360.905 3.117e-005
362.65 3.42974e-005
362.7 4.94252e-005
362.9 3.117e-005
364.65 3.42974e-005
364.7 4.94252e-005
364.9 3.117e-005
365.655 3.42974e-005
365.905 3.117e-005
366.65 3.42974e-005
366.7 4.94252e-005
366.9 3.117e-005
368.65 3.42974e-005
368.7 4.94252e-005
368.9 3.117e-005
370.65 3.42974e-005
370.655 3.42974e-005
370.7 4.94252e-005
370.9 3.117e-005
370.905 3.117e-005
372.65 3.42974e-005
372.9 3.117e-005
374.65 3.42974e-005
374.7 4.94252e-005
374.9 3.117e-005
375.655 3.42974e-005
375.905 3.117e-005
376.65 3.42974e-005
376.9 3.117e-005
378.65 3.42974e-005
378.7 4.94252e-005
378.9 3.117e-005
380.65 3.42974e-005
380.655 3.42974e-005
380.7 4.94252e-005
380.705 4.94252e-005
380.9 3.117e-005
380.905 3.117e-005
382.65 3.42974e-005
382.9 3.117e-005
384.65 3.42974e-005
384.9 3.117e-005
385.655 3.42974e-005
385.905 3.117e-005
386.65 3.42974e-005
386.7 4.94252e-005
386.9 3.117e-005
388.65 3.42974e-005
388.7 4.94252e-005
388.9 3.117e-005
390.65 3.42974e-005
390.655 3.42974e-005
390.7 4.94252e-005
390.705 4.94252e-005
390.9 3.117e-005
390.905 3.117e-005
392.65 3.42974e-005
392.9 3.117e-005
394.65 3.42974e-005
394.9 3.117e-005
395.655 3.42974e-005
395.705 4.94252e-005
395.905 3.117e-005
396.65 3.42974e-005
396.9 3.117e-005
398.65 3.42974e-005
398.9 3.117e-005
400.65 3.42974e-005
400.655 3.42974e-005
400.705 4.94252e-005
400.9 3.117e-005
400.905 3.117e-005
402.65 3.42974e-005
402.7 4.94252e-005
402.9 3.117e-005
404.65 3.42974e-005
404.7 4.94252e-005
404.9 3.117e-005
405.655 3.42974e-005
405.905 3.117e-005
406.65 3.42974e-005
406.9 3.117e-005
408.65 3.42974e-005
408.7 4.94252e-005
408.9 3.117e-005
410.65 3.42974e-005
410.655 3.42974e-005
410.705 4.94252e-005
410.9 3.117e-005
410.905 3.117e-005
412.65 3.42974e-005
412.9 3.117e-005
414.65 3.42974e-005
414.7 4.94252e-005
414.9 3.117e-005
415.655 3.42974e-005
415.705 4.94252e-005
415.905 3.117e-005
416.65 3.42974e-005
416.7 4.94252e-005
416.9 3.117e-005
418.65 3.42974e-005
418.9 3.117e-005
420.65 3.42974e-005
420.655 3.42974e-005
420.705 4.94252e-005
420.9 3.117e-005
420.905 3.117e-005
422.65 3.42974e-005
422.7 4.94252e-005
422.9 3.117e-005
424.65 3.42974e-005
424.7 4.94252e-005
424.9 3.117e-005
425.655 3.42974e-005
425.905 3.117e-005
426.65 3.42974e-005
426.9 3.117e-005
428.65 3.42974e-005
428.7 4.94252e-005
428.9 3.117e-005
430.65 3.42974e-005
430.655 3.42974e-005
430.7 4.94252e-005
430.705 4.94252e-005
430.9 3.117e-005
430.905 3.117e-005
432.65 3.42974e-005
432.7 4.94252e-005
432.9 3.117e-005
434.65 3.42974e-005
434.9 3.117e-005
435.655 3.42974e-005
435.905 3.117e-005
436.65 3.42974e-005
436.7 4.94252e-005
436.9 3.117e-005
438.65 3.42974e-005
438.9 3.117e-005
440.65 3.42974e-005
440.655 3.42974e-005
440.7 4.94252e-005
440.9 3.117e-005
440.905 3.117e-005
442.65 3.42974e-005
442.7 4.94252e-005
442.9 3.117e-005
444.65 3.42974e-005
444.7 4.94252e-005
444.9 3.117e-005
445.655 3.42974e-005
445.905 3.117e-005
446.65 3.42974e-005
446.9 3.117e-005
448.65 3.42974e-005
448.9 3.117e-005
450.65 3.42974e-005
450.655 3.42974e-005
450.705 4.94252e-005
450.9 3.117e-005
450.905 3.117e-005
452.65 3.42974e-005
452.9 3.117e-005
454.65 3.42974e-005
454.9 3.117e-005
455.655 3.42974e-005
455.705 4.94252e-005
455.905 3.117e-005
456.65 3.42974e-005
456.9 3.117e-005
458.65 3.42974e-005
458.9 3.117e-005
460.65 3.42974e-005
460.655 3.42974e-005
460.7 4.94252e-005
460.705 4.94252e-005
460.9 3.117e-005
460.905 3.117e-005
462.65 3.42974e-005
462.9 3.117e-005
464.65 3.42974e-005
464.7 4.94252e-005
464.9 3.117e-005
465.655 3.42974e-005
465.905 3.117e-005
466.65 3.42974e-005
466.9 3.117e-005
468.65 3.42974e-005
468.9 3.117e-005
470.65 3.42974e-005
470.655 3.42974e-005
470.705 4.94252e-005
470.9 3.117e-005
470.905 3.117e-005
472.65 3.42974e-005
472.9 3.117e-005
474.65 3.42974e-005
474.7 4.94252e-005
474.9 3.117e-005
475.655 3.42974e-005
475.705 4.94252e-005
475.905 3.117e-005
476.65 3.42974e-005
476.7 4.94252e-005
476.9 3.117e-005
478.65 3.42974e-005
478.7 4.94252e-005
478.9 3.117e-005
480.65 3.42974e-005
480.655 3.42974e-005
480.7 4.94252e-005
480.705 4.94252e-005
480.9 3.117e-005
480.905 3.117e-005
482.65 3.42974e-005
482.7 4.94252e-005
482.9 3.117e-005
484.65 3.42974e-005
484.9 3.117e-005
485.655 3.42974e-005
485.905 3.117e-005
486.65 3.42974e-005
486.7 4.94252e-005
486.9 3.117e-005
488.65 3.42974e-005
488.7 4.94252e-005
488.9 3.117e-005
490.65 3.42974e-005
490.655 3.42974e-005
490.9 3.117e-005
490.905 3.117e-005
492.65 3.42974e-005
492.7 4.94252e-005
492.9 3.117e-005
494.65 3.42974e-005
494.7 4.94252e-005
494.9 3.117e-005
495.655 3.42974e-005
495.905 3.117e-005
496.65 3.42974e-005
496.9 3.117e-005
498.65 3.42974e-005
498.7 4.94252e-005
498.9 3.117e-005
500.65 3.42974e-005
500.655 3.42974e-005
500.7 4.94252e-005
500.705 4.94252e-005
500.9 3.117e-005
500.905 3.117e-005
502.65 3.42974e-005
502.9 3.117e-005
504.65 3.42974e-005
504.7 4.94252e-005
504.9 3.117e-005
505.655 3.42974e-005
505.705 4.94252e-005
505.905 3.117e-005
506.65 3.42974e-005
506.7 4.94252e-005
506.9 3.117e-005
508.65 3.42974e-005
508.7 4.94252e-005
508.9 3.117e-005
510.65 3.42974e-005
510.655 3.42974e-005
510.705 4.94252e-005
510.9 3.117e-005
510.905 3.117e-005
512.65 3.42974e-005
512.7 4.94252e-005
512.9 3.117e-005
514.65 3.42974e-005
514.9 3.117e-005
515.655 3.42974e-005
515.705 4.94252e-005
515.905 3.117e-005
516.65 3.42974e-005
516.7 4.94252e-005
516.9 3.117e-005
518.65 3.42974e-005
518.7 4.94252e-005
518.9 3.117e-005
520.65 3.42974e-005
520.655 3.42974e-005
520.705 4.94252e-005
520.9 3.117e-005
520.905 3.117e-005
522.65 3.42974e-005
522.9 3.117e-005
524.65 3.42974e-005
524.7 4.94252e-005
524.9 3.117e-005
525.655 3.42974e-005
525.905 3.117e-005
526.65 3.42974e-005
526.9 3.117e-005
528.65 3.42974e-005
528.9 3.117e-005
530.65 3.42974e-005
530.655 3.42974e-005
530.705 4.94252e-005
530.9 3.117e-005
530.905 3.117e-005
532.65 3.42974e-005
532.9 3.117e-005
534.65 3.42974e-005
534.9 3.117e-005
535.655 3.42974e-005
535.705 4.94252e-005
535.905 3.117e-005
536.65 3.42974e-005
536.7 4.94252e-005
536.9 3.117e-005
538.65 3.42974e-005
538.7 4.94252e-005
538.9 3.117e-005
540.65 3.42974e-005
540.655 3.42974e-005
540.705 4.94252e-005
540.9 3.117e-005
540.905 3.117e-005
542.65 3.42974e-005
542.9 3.117e-005
544.65 3.42974e-005
544.9 3.117e-005
545.655 3.42974e-005
545.705 4.94252e-005
545.905 3.117e-005
546.65 3.42974e-005
546.7 4.94252e-005
546.9 3.117e-005
548.65 3.42974e-005
548.9 3.117e-005
550.65 3.42974e-005
550.655 3.42974e-005
550.705 4.94252e-005
550.9 3.117e-005
550.905 3.117e-005
552.65 3.42974e-005
552.9 3.117e-005
554.65 3.42974e-005
554.7 4.94252e-005
554.9 3.117e-005
555.655 3.42974e-005
555.905 3.117e-005
556.65 3.42974e-005
556.7 4.94252e-005
556.9 3.117e-005
558.65 3.42974e-005
558.9 3.117e-005
560.65 3.42974e-005
560.655 3.42974e-005
560.7 4.94252e-005
560.705 4.94252e-005
560.9 3.117e-005
560.905 3.117e-005
562.65 3.42974e-005
562.9 3.117e-005
564.65 3.42974e-005
564.9 3.117e-005
565.655 3.42974e-005
565.705 4.94252e-005
565.905 3.117e-005
566.65 3.42974e-005
566.7 4.94252e-005
566.9 3.117e-005
568.65 3.42974e-005
568.7 4.94252e-005
568.9 3.117e-005
570.65 3.42974e-005
570.655 3.42974e-005
570.705 4.94252e-005
570.9 3.117e-005
570.905 3.117e-005
572.65 3.42974e-005
572.7 4.94252e-005
572.9 3.117e-005
574.65 3.42974e-005
574.7 4.94252e-005
574.9 3.117e-005
575.655 3.42974e-005
575.905 3.117e-005
576.65 3.42974e-005
576.9 3.117e-005
578.65 3.42974e-005
578.7 4.94252e-005
578.9 3.117e-005
580.65 3.42974e-005
580.655 3.42974e-005
580.705 4.94252e-005
580.9 3.117e-005
580.905 3.117e-005
582.65 3.42974e-005
582.7 4.94252e-005
582.9 3.117e-005
584.65 3.42974e-005
584.7 4.94252e-005
584.9 3.117e-005
585.655 3.42974e-005
585.705 4.94252e-005
585.905 3.117e-005
586.65 3.42974e-005
586.7 4.94252e-005
586.9 3.117e-005
588.65 3.42974e-005
588.7 4.94252e-005
588.9 3.117e-005
590.65 3.42974e-005
590.655 3.42974e-005
590.7 4.94252e-005
590.705 4.94252e-005
590.9 3.117e-005
590.905 3.117e-005
592.65 3.42974e-005
592.7 4.94252e-005
592.9 3.117e-005
594.65 3.42974e-005
594.9 3.117e-005
595.655 3.42974e-005
595.705 4.94252e-005
595.905 3.117e-005
596.65 3.42974e-005
596.9 3.117e-005
598.65 3.42974e-005
598.7 4.94252e-005
598.9 3.117e-005
600.65 3.42974e-005
600.655 3.42974e-005
600.705 4.94252e-005
600.9 3.117e-005
600.905 3.117e-005
602.65 3.42974e-005
602.9 3.117e-005
604.65 3.42974e-005
604.7 4.94252e-005
604.9 3.117e-005
605.655 3.42974e-005
605.905 3.117e-005
606.65 3.42974e-005
606.9 3.117e-005
608.65 3.42974e-005
608.7 4.94252e-005
608.9 3.117e-005
610.65 3.42974e-005
610.655 3.42974e-005
610.7 4.94252e-005
610.705 4.94252e-005
610.9 3.117e-005
610.905 3.117e-005
612.65 3.42974e-005
612.7 4.94252e-005
612.9 3.117e-005
614.65 3.42974e-005
614.9 3.117e-005
615.655 3.42974e-005
615.705 4.94252e-005
615.905 3.117e-005
616.65 3.42974e-005
616.9 3.117e-005
618.65 3.42974e-005
618.7 4.94252e-005
618.9 3.117e-005
620.65 3.42974e-005
620.655 3.42974e-005
620.7 4.94252e-005
620.705 4.94252e-005
620.9 3.117e-005
620.905 3.117e-005
622.65 3.42974e-005
622.7 4.94252e-005
622.9 3.117e-005
624.65 3.42974e-005
624.7 4.94252e-005
624.9 3.117e-005
625.655 3.42974e-005
625.705 4.94252e-005
625.905 3.117e-005
626.65 3.42974e-005
626.9 3.117e-005
628.65 3.42974e-005
628.7 4.94252e-005
628.9 3.117e-005
630.65 3.42974e-005
630.655 3.42974e-005
630.705 4.94252e-005
630.9 3.117e-005
630.905 3.117e-005
632.65 3.42974e-005
632.7 4.94252e-005
632.9 3.117e-005
634.65 3.42974e-005
634.9 3.117e-005
635.655 3.42974e-005
635.705 4.94252e-005
635.905 3.117e-005
636.65 3.42974e-005
636.7 4.94252e-005
636.9 3.117e-005
638.65 3.42974e-005
638.7 4.94252e-005
638.9 3.117e-005
640.65 3.42974e-005
640.655 3.42974e-005
640.7 4.94252e-005
640.705 4.94252e-005
640.9 3.117e-005
640.905 3.117e-005
642.65 3.42974e-005
642.7 4.94252e-005
642.9 3.117e-005
644.65 3.42974e-005
644.9 3.117e-005
645.655 3.42974e-005
645.705 4.94252e-005
645.905 3.117e-005
646.65 3.42974e-005
646.9 3.117e-005
648.65 3.42974e-005
648.7 4.94252e-005
648.9 3.117e-005
650.65 3.42974e-005
650.655 3.42974e-005
650.7 4.94252e-005
650.9 3.117e-005
650.905 3.117e-005
652.65 3.42974e-005
652.7 4.94252e-005
652.9 3.117e-005
654.65 3.42974e-005
654.9 3.117e-005
655.655 3.42974e-005
655.905 3.117e-005
656.65 3.42974e-005
656.7 4.94252e-005
656.9 3.117e-005
658.65 3.42974e-005
658.9 3.117e-005
660.65 3.42974e-005
660.655 3.42974e-005
660.7 4.94252e-005
660.705 4.94252e-005
660.9 3.117e-005
660.905 3.117e-005
662.65 3.42974e-005
662.9 3.117e-005
664.65 3.42974e-005
664.7 4.94252e-005
664.9 3.117e-005
665.655 3.42974e-005
665.705 4.94252e-005
665.905 3.117e-005
666.65 3.42974e-005
666.9 3.117e-005
668.65 3.42974e-005
668.7 4.94252e-005
668.9 3.117e-005
670.65 3.42974e-005
670.655 3.42974e-005
670.7 4.94252e-005
670.705 4.94252e-005
670.9 3.117e-005
670.905 3.117e-005
672.65 3.42974e-005
672.9 3.117e-005
674.65 3.42974e-005
674.7 4.94252e-005
674.9 3.117e-005
675.655 3.42974e-005
675.905 3.117e-005
676.65 3.42974e-005
676.7 4.94252e-005
676.9 3.117e-005
678.65 3.42974e-005
678.7 4.94252e-005
678.9 3.117e-005
680.65 3.42974e-005
680.655 3.42974e-005
680.705 4.94252e-005
680.9 3.117e-005
680.905 3.117e-005
682.65 3.42974e-005
682.7 4.94252e-005
682.9 3.117e-005
684.65 3.42974e-005
684.9 3.117e-005
685.705 4.94252e-005
685.905 3.117e-005
686.65 3.42974e-005
686.9 3.117e-005
688.65 3.42974e-005
688.9 3.117e-005
690.65 3.42974e-005
690.655 3.42974e-005
690.705 4.94252e-005
690.9 3.117e-005
690.905 3.117e-005
692.65 3.42974e-005
692.9 3.117e-005
694.65 3.42974e-005
694.7 4.94252e-005
694.9 3.117e-005
695.655 3.42974e-005
695.905 3.117e-005
696.65 3.42974e-005
696.9 3.117e-005
698.65 3.42974e-005
698.9 3.117e-005
700.65 3.42974e-005
700.655 3.42974e-005
700.705 4.94252e-005
700.9 3.117e-005
700.905 3.117e-005
702.65 3.42974e-005
702.9 3.117e-005
704.65 3.42974e-005
704.7 4.94252e-005
704.9 3.117e-005
705.655 3.42974e-005
705.705 4.94252e-005
705.905 3.117e-005
706.65 3.42974e-005
706.7 4.94252e-005
706.9 3.117e-005
708.65 3.42974e-005
708.9 3.117e-005
710.65 3.42974e-005
710.655 3.42974e-005
710.705 4.94252e-005
710.9 3.117e-005
710.905 3.117e-005
712.65 3.42974e-005
712.9 3.117e-005
714.65 3.42974e-005
714.9 3.117e-005
715.655 3.42974e-005
715.905 3.117e-005
716.65 3.42974e-005
716.9 3.117e-005
718.65 3.42974e-005
718.9 3.117e-005
720.65 3.42974e-005
720.655 3.42974e-005
720.7 4.94252e-005
720.705 4.94252e-005
720.9 3.117e-005
720.905 3.117e-005
722.65 3.42974e-005
722.7 4.94252e-005
722.9 3.117e-005
724.65 3.42974e-005
724.9 3.117e-005
725.655 3.42974e-005
725.905 3.117e-005
726.65 3.42974e-005
726.9 3.117e-005
728.65 3.42974e-005
728.7 4.94252e-005
728.9 3.117e-005
730.65 3.42974e-005
730.655 3.42974e-005
730.7 4.94252e-005
730.705 4.94252e-005
730.9 3.117e-005
730.905 3.117e-005
732.65 3.42974e-005
732.9 3.117e-005
734.65 3.42974e-005
734.7 4.94252e-005
734.9 3.117e-005
735.655 3.42974e-005
735.705 4.94252e-005
735.905 3.117e-005
736.65 3.42974e-005
736.9 3.117e-005
738.65 3.42974e-005
738.9 3.117e-005
740.65 3.42974e-005
740.655 3.42974e-005
740.7 4.94252e-005
740.705 4.94252e-005
740.9 3.117e-005
740.905 3.117e-005
742.65 3.42974e-005
742.9 3.117e-005
744.65 3.42974e-005
744.7 4.94252e-005
744.9 3.117e-005
745.655 3.42974e-005
745.705 4.94252e-005
745.905 3.117e-005
746.65 3.42974e-005
746.9 3.117e-005
748.65 3.42974e-005
748.9 3.117e-005
750.65 3.42974e-005
750.655 3.42974e-005
750.705 4.94252e-005
750.9 3.117e-005
750.905 3.117e-005
752.65 3.42974e-005
752.9 3.117e-005
754.65 3.42974e-005
754.9 3.117e-005
755.655 3.42974e-005
755.905 3.117e-005
756.65 3.42974e-005
756.9 3.117e-005
758.65 3.42974e-005
758.7 4.94252e-005
758.9 3.117e-005
760.65 3.42974e-005
760.655 3.42974e-005
760.705 4.94252e-005
760.9 3.117e-005
760.905 3.117e-005
762.65 3.42974e-005
762.9 3.117e-005
764.65 3.42974e-005
764.9 3.117e-005
765.655 3.42974e-005
765.705 4.94252e-005
765.905 3.117e-005
766.65 3.42974e-005
766.7 4.94252e-005
766.9 3.117e-005
768.65 3.42974e-005
768.9 3.117e-005
770.65 3.42974e-005
770.655 3.42974e-005
770.705 4.94252e-005
770.9 3.117e-005
770.905 3.117e-005
772.65 3.42974e-005
772.9 3.117e-005
774.65 3.42974e-005
774.9 3.117e-005
775.655 3.42974e-005
775.905 3.117e-005
776.65 3.42974e-005
776.7 4.94252e-005
776.9 3.117e-005
778.65 3.42974e-005
778.9 3.117e-005
780.65 3.42974e-005
780.655 3.42974e-005
780.705 4.94252e-005
780.9 3.117e-005
780.905 3.117e-005
782.65 3.42974e-005
782.7 4.94252e-005
782.9 3.117e-005
784.65 3.42974e-005
784.7 4.94252e-005
784.9 3.117e-005
785.655 3.42974e-005
785.705 4.94252e-005
785.905 3.117e-005
786.65 3.42974e-005
786.9 3.117e-005
788.65 3.42974e-005
788.9 3.117e-005
790.65 3.42974e-005
790.655 3.42974e-005
790.7 4.94252e-005
790.705 4.94252e-005
790.9 3.117e-005
790.905 3.117e-005
792.65 3.42974e-005
792.7 4.94252e-005
792.9 3.117e-005
794.65 3.42974e-005
794.9 3.117e-005
795.655 3.42974e-005
795.705 4.94252e-005
795.905 3.117e-005
796.65 3.42974e-005
796.7 4.94252e-005
796.9 3.117e-005
798.65 3.42974e-005
798.7 4.94252e-005
798.9 3.117e-005
800.65 3.42974e-005
800.655 3.42974e-005
800.7 4.94252e-005
800.705 4.94252e-005
800.9 3.117e-005
800.905 3.117e-005
802.65 3.42974e-005
802.9 3.117e-005
804.65 3.42974e-005
804.7 4.94252e-005
804.9 3.117e-005
805.655 3.42974e-005
805.705 4.94252e-005
805.905 3.117e-005
806.65 3.42974e-005
806.7 4.94252e-005
806.9 3.117e-005
808.65 3.42974e-005
808.7 4.94252e-005
808.9 3.117e-005
810.65 3.42974e-005
810.655 3.42974e-005
810.705 4.94252e-005
810.9 3.117e-005
810.905 3.117e-005
812.65 3.42974e-005
812.9 3.117e-005
814.65 3.42974e-005
814.7 4.94252e-005
814.9 3.117e-005
815.655 3.42974e-005
815.905 3.117e-005
816.65 3.42974e-005
816.9 3.117e-005
818.65 3.42974e-005
818.7 4.94252e-005
818.9 3.117e-005
820.65 3.42974e-005
820.655 3.42974e-005
820.705 4.94252e-005
820.9 3.117e-005
820.905 3.117e-005
822.65 3.42974e-005
822.9 3.117e-005
824.65 3.42974e-005
824.9 3.117e-005
825.655 3.42974e-005
825.705 4.94252e-005
825.905 3.117e-005
826.65 3.42974e-005
826.9 3.117e-005
828.65 3.42974e-005
828.9 3.117e-005
830.65 3.42974e-005
830.655 3.42974e-005
830.705 4.94252e-005
830.9 3.117e-005
830.905 3.117e-005
832.65 3.42974e-005
832.7 4.94252e-005
832.9 3.117e-005
834.65 3.42974e-005
834.7 4.94252e-005
834.9 3.117e-005
835.655 3.42974e-005
835.705 4.94252e-005
835.905 3.117e-005
836.65 3.42974e-005
836.7 4.94252e-005
836.9 3.117e-005
838.65 3.42974e-005
838.9 3.117e-005
840.65 3.42974e-005
840.655 3.42974e-005
840.705 4.94252e-005
840.9 3.117e-005
840.905 3.117e-005
842.65 3.42974e-005
842.9 3.117e-005
844.65 3.42974e-005
844.7 4.94252e-005
844.9 3.117e-005
845.655 3.42974e-005
845.905 3.117e-005
846.65 3.42974e-005
846.9 3.117e-005
848.65 3.42974e-005
848.9 3.117e-005
850.65 3.42974e-005
850.655 3.42974e-005
850.705 4.94252e-005
850.9 3.117e-005
850.905 3.117e-005
852.65 3.42974e-005
852.7 4.94252e-005
852.9 3.117e-005
854.65 3.42974e-005
854.9 3.117e-005
855.655 3.42974e-005
855.905 3.117e-005
856.65 3.42974e-005
856.9 3.117e-005
858.65 3.42974e-005
858.9 3.117e-005
860.65 3.42974e-005
860.655 3.42974e-005
860.705 4.94252e-005
860.9 3.117e-005
860.905 3.117e-005
862.65 3.42974e-005
862.7 4.94252e-005
862.9 3.117e-005
864.65 3.42974e-005
864.9 3.117e-005
865.655 3.42974e-005
865.705 4.94252e-005
865.905 3.117e-005
866.65 3.42974e-005
866.9 3.117e-005
868.65 3.42974e-005
868.7 4.94252e-005
868.9 3.117e-005
870.65 3.42974e-005
870.655 3.42974e-005
870.7 4.94252e-005
870.705 4.94252e-005
870.9 3.117e-005
870.905 3.117e-005
872.65 3.42974e-005
872.9 3.117e-005
874.65 3.42974e-005
874.7 4.94252e-005
874.9 3.117e-005
875.655 3.42974e-005
875.705 4.94252e-005
875.905 3.117e-005
876.65 3.42974e-005
876.7 4.94252e-005
876.9 3.117e-005
878.65 3.42974e-005
878.7 4.94252e-005
878.9 3.117e-005
880.65 3.42974e-005
880.655 3.42974e-005
880.7 4.94252e-005
880.705 4.94252e-005
880.9 3.117e-005
880.905 3.117e-005
882.65 3.42974e-005
882.7 4.94252e-005
882.9 3.117e-005
884.65 3.42974e-005
884.7 4.94252e-005
884.9 3.117e-005
885.655 3.42974e-005
885.905 3.117e-005
886.65 3.42974e-005
886.7 4.94252e-005
886.9 3.117e-005
888.65 3.42974e-005
888.9 3.117e-005
890.65 3.42974e-005
890.655 3.42974e-005
890.705 4.94252e-005
890.9 3.117e-005
890.905 3.117e-005
892.65 3.42974e-005
892.7 4.94252e-005
892.9 3.117e-005
894.65 3.42974e-005
894.7 4.94252e-005
894.9 3.117e-005
895.655 3.42974e-005
895.905 3.117e-005
896.65 3.42974e-005
896.7 4.94252e-005
896.9 3.117e-005
898.65 3.42974e-005
898.7 4.94252e-005
898.9 3.117e-005
900.65 3.42974e-005
900.655 3.42974e-005
900.7 4.94252e-005
900.705 4.94252e-005
900.9 3.117e-005
900.905 3.117e-005
902.65 3.42974e-005
902.9 3.117e-005
904.65 3.42974e-005
904.7 4.94252e-005
904.9 3.117e-005
905.655 3.42974e-005
905.705 4.94252e-005
905.905 3.117e-005
906.65 3.42974e-005
906.9 3.117e-005
908.65 3.42974e-005
908.7 4.94252e-005
908.9 3.117e-005
910.65 3.42974e-005
910.655 3.42974e-005
910.705 4.94252e-005
910.9 3.117e-005
910.905 3.117e-005
912.65 3.42974e-005
912.7 4.94252e-005
912.9 3.117e-005
914.65 3.42974e-005
914.9 3.117e-005
915.655 3.42974e-005
915.705 4.94252e-005
915.905 3.117e-005
916.65 3.42974e-005
916.9 3.117e-005
918.65 3.42974e-005
918.7 4.94252e-005
918.9 3.117e-005
920.65 3.42974e-005
920.655 3.42974e-005
920.705 4.94252e-005
920.9 3.117e-005
920.905 3.117e-005
922.65 3.42974e-005
922.9 3.117e-005
924.65 3.42974e-005
924.7 4.94252e-005
924.9 3.117e-005
925.655 3.42974e-005
925.905 3.117e-005
926.65 3.42974e-005
926.7 4.94252e-005
926.9 3.117e-005
928.65 3.42974e-005
928.7 4.94252e-005
928.9 3.117e-005
930.65 3.42974e-005
930.655 3.42974e-005
930.705 4.94252e-005
930.9 3.117e-005
930.905 3.117e-005
932.65 3.42974e-005
932.9 3.117e-005
934.65 3.42974e-005
934.7 4.94252e-005
934.9 3.117e-005
935.655 3.42974e-005
935.705 4.94252e-005
935.905 3.117e-005
936.65 3.42974e-005
936.9 3.117e-005
938.65 3.42974e-005
938.9 3.117e-005
940.65 3.42974e-005
940.655 3.42974e-005
940.7 4.94252e-005
940.705 4.94252e-005
940.9 3.117e-005
940.905 3.117e-005
942.65 3.42974e-005
942.9 3.117e-005
944.65 3.42974e-005
944.7 4.94252e-005
944.9 3.117e-005
945.655 3.42974e-005
945.705 4.94252e-005
945.905 3.117e-005
946.65 3.42974e-005
946.7 4.94252e-005
946.9 3.117e-005
948.65 3.42974e-005
948.7 4.94252e-005
948.9 3.117e-005
950.65 3.42974e-005
950.655 3.42974e-005
950.705 4.94252e-005
950.9 3.117e-005
950.905 3.117e-005
952.65 3.42974e-005
952.7 4.94252e-005
952.9 3.117e-005
954.65 3.42974e-005
954.9 3.117e-005
955.655 3.42974e-005
955.705 4.94252e-005
955.905 3.117e-005
956.65 3.42974e-005
956.7 4.94252e-005
956.9 3.117e-005
958.65 3.42974e-005
958.7 4.94252e-005
958.9 3.117e-005
960.65 3.42974e-005
960.655 3.42974e-005
960.9 3.117e-005
960.905 3.117e-005
962.65 3.42974e-005
962.7 4.94252e-005
962.9 3.117e-005
964.65 3.42974e-005
964.7 4.94252e-005
964.9 3.117e-005
965.655 3.42974e-005
965.905 3.117e-005
966.65 3.42974e-005
966.7 4.94252e-005
966.9 3.117e-005
968.65 3.42974e-005
968.9 3.117e-005
970.65 3.42974e-005
970.655 3.42974e-005
970.7 4.94252e-005
970.705 4.94252e-005
970.9 3.117e-005
970.905 3.117e-005
972.65 3.42974e-005
972.7 4.94252e-005
972.9 3.117e-005
974.65 3.42974e-005
974.7 4.94252e-005
974.9 3.117e-005
975.655 3.42974e-005
975.705 4.94252e-005
975.905 3.117e-005
976.65 3.42974e-005
976.9 3.117e-005
978.65 3.42974e-005
978.7 4.94252e-005
978.9 3.117e-005
980.65 3.42974e-005
980.655 3.42974e-005
980.9 3.117e-005
980.905 3.117e-005
982.65 3.42974e-005
982.7 4.94252e-005
982.9 3.117e-005
984.65 3.42974e-005
984.9 3.117e-005
985.655 3.42974e-005
985.705 4.94252e-005
985.905 3.117e-005
986.65 3.42974e-005
986.7 4.94252e-005
986.9 3.117e-005
988.65 3.42974e-005
988.9 3.117e-005
990.65 3.42974e-005
990.655 3.42974e-005
990.9 3.117e-005
990.905 3.117e-005
992.65 3.42974e-005
992.7 4.94252e-005
992.9 3.117e-005
994.65 3.42974e-005
994.7 4.94252e-005
994.9 3.117e-005
995.655 3.42974e-005
995.705 4.94252e-005
995.905 3.117e-005
996.65 3.42974e-005
996.9 3.117e-005
998.65 3.42974e-005
998.7 4.94252e-005
998.9 3.117e-005
1000.65 3.42974e-005
1000.66 3.42974e-005
1000.71 4.94252e-005
1000.9 3.117e-005
1000.91 3.117e-005
1002.65 3.42974e-005
1002.7 4.94252e-005
1002.9 3.117e-005
1004.65 3.42974e-005
1004.9 3.117e-005
1005.66 3.42974e-005
1005.71 4.94252e-005
1005.91 3.117e-005
1006.65 3.42974e-005
1006.7 4.94252e-005
1006.9 3.117e-005
1008.65 3.42974e-005
1008.7 4.94252e-005
1008.9 3.117e-005
1010.65 3.42974e-005
1010.66 3.42974e-005
1010.7 4.94252e-005
1010.9 3.117e-005
1010.91 3.117e-005
1012.65 3.42974e-005
1012.9 3.117e-005
1014.65 3.42974e-005
1014.9 3.117e-005
1015.66 3.42974e-005
1015.91 3.117e-005
1016.65 3.42974e-005
1016.7 4.94252e-005
1016.9 3.117e-005
1018.65 3.42974e-005
1018.7 4.94252e-005
1018.9 3.117e-005
1020.65 3.42974e-005
1020.66 3.42974e-005
1020.7 4.94252e-005
1020.71 4.94252e-005
1020.9 3.117e-005
1020.91 3.117e-005
1022.65 3.42974e-005
1022.9 3.117e-005
1024.65 3.42974e-005
1024.7 4.94252e-005
1024.9 3.117e-005
1025.66 3.42974e-005
1025.71 4.94252e-005
1025.91 3.117e-005
1026.65 3.42974e-005
1026.9 3.117e-005
1028.65 3.42974e-005
1028.7 4.94252e-005
1028.9 3.117e-005
1030.65 3.42974e-005
1030.66 3.42974e-005
1030.7 4.94252e-005
1030.9 3.117e-005
1030.91 3.117e-005
1032.65 3.42974e-005
1032.7 4.94252e-005
1032.9 3.117e-005
1034.65 3.42974e-005
1034.7 4.94252e-005
1034.9 3.117e-005
1035.66 3.42974e-005
1035.71 4.94252e-005
1035.91 3.117e-005
1036.65 3.42974e-005
1036.7 4.94252e-005
1036.9 3.117e-005
1038.65 3.42974e-005
1038.7 4.94252e-005
1038.9 3.117e-005
1040.65 3.42974e-005
1040.66 3.42974e-005
1040.7 4.94252e-005
1040.71 4.94252e-005
1040.9 3.117e-005
1040.91 3.117e-005
1042.65 3.42974e-005
1042.7 4.94252e-005
1042.9 3.117e-005
1044.65 3.42974e-005
1044.7 4.94252e-005
1044.9 3.117e-005
1045.66 3.42974e-005
1045.71 4.94252e-005
1045.91 3.117e-005
1046.65 3.42974e-005
1046.7 4.94252e-005
1046.9 3.117e-005
1048.65 3.42974e-005
1048.9 3.117e-005
1050.65 3.42974e-005
1050.66 3.42974e-005
1050.71 4.94252e-005
1050.9 3.117e-005
1050.91 3.117e-005
1052.65 3.42974e-005
1052.9 3.117e-005
1054.65 3.42974e-005
1054.7 4.94252e-005
1054.9 3.117e-005
1055.66 3.42974e-005
1055.71 4.94252e-005
1055.91 3.117e-005
1056.65 3.42974e-005
1056.7 4.94252e-005
1056.9 3.117e-005
1058.65 3.42974e-005
1058.9 3.117e-005
1060.65 3.42974e-005
1060.66 3.42974e-005
1060.7 4.94252e-005
1060.71 4.94252e-005
1060.9 3.117e-005
1060.91 3.117e-005
1062.65 3.42974e-005
1062.9 3.117e-005
1064.65 3.42974e-005
1064.7 4.94252e-005
1064.9 3.117e-005
1065.66 3.42974e-005
1065.71 4.94252e-005
1065.91 3.117e-005
1066.65 3.42974e-005
1066.7 4.94252e-005
1066.9 3.117e-005
1068.65 3.42974e-005
1068.7 4.94252e-005
1068.9 3.117e-005
1070.65 3.42974e-005
1070.66 3.42974e-005
1070.71 4.94252e-005
1070.9 3.117e-005
1070.91 3.117e-005
1072.65 3.42974e-005
1072.9 3.117e-005
1074.65 3.42974e-005
1074.7 4.94252e-005
1074.9 3.117e-005
1075.66 3.42974e-005
1075.91 3.117e-005
1076.65 3.42974e-005
1076.7 4.94252e-005
1076.9 3.117e-005
1078.65 3.42974e-005
1078.7 4.94252e-005
1078.9 3.117e-005
1080.65 3.42974e-005
1080.66 3.42974e-005
1080.71 4.94252e-005
1080.9 3.117e-005
1080.91 3.117e-005
1082.65 3.42974e-005
1082.7 4.94252e-005
1082.9 3.117e-005
1084.65 3.42974e-005
1084.7 4.94252e-005
1084.9 3.117e-005
1085.66 3.42974e-005
1085.91 3.117e-005
1086.65 3.42974e-005
1086.7 4.94252e-005
1086.9 3.117e-005
1088.65 3.42974e-005
1088.7 4.94252e-005
1088.9 3.117e-005
1090.65 3.42974e-005
1090.66 3.42974e-005
1090.7 4.94252e-005
1090.9 3.117e-005
1090.91 3.117e-005
1092.65 3.42974e-005
1092.7 4.94252e-005
1092.9 3.117e-005
1094.65 3.42974e-005
1094.7 4.94252e-005
1094.9 3.117e-005
1095.66 3.42974e-005
1095.71 4.94252e-005
1095.91 3.117e-005
1096.65 3.42974e-005
1096.7 4.94252e-005
1096.9 3.117e-005
1098.65 3.42974e-005
1098.7 4.94252e-005
1098.9 3.117e-005
1100.66 3.42974e-005
1100.7 4.94252e-005
1100.71 4.94252e-005
1100.9 3.117e-005
1100.91 3.117e-005
1102.65 3.42974e-005
1102.7 4.94252e-005
1102.9 3.117e-005
1104.65 3.42974e-005
1104.9 3.117e-005
1105.66 3.42974e-005
1105.91 3.117e-005
1106.65 3.42974e-005
1106.9 3.117e-005
1108.65 3.42974e-005
1108.7 4.94252e-005
1108.9 3.117e-005
1110.65 3.42974e-005
1110.66 3.42974e-005
1110.7 4.94252e-005
1110.71 4.94252e-005
1110.9 3.117e-005
1110.91 3.117e-005
1112.65 3.42974e-005
1112.7 4.94252e-005
1112.9 3.117e-005
1114.65 3.42974e-005
1114.7 4.94252e-005
1114.9 3.117e-005
1115.66 3.42974e-005
1115.71 4.94252e-005
1115.91 3.117e-005
1116.65 3.42974e-005
1116.7 4.94252e-005
1116.9 3.117e-005
1118.65 3.42974e-005
1118.9 3.117e-005
1120.65 3.42974e-005
1120.66 3.42974e-005
1120.71 4.94252e-005
1120.9 3.117e-005
1120.91 3.117e-005
1122.65 3.42974e-005
1122.7 4.94252e-005
1122.9 3.117e-005
1124.65 3.42974e-005
1124.9 3.117e-005
1125.66 3.42974e-005
1125.71 4.94252e-005
1125.91 3.117e-005
1126.65 3.42974e-005
1126.7 4.94252e-005
1126.9 3.117e-005
1128.65 3.42974e-005
1128.7 4.94252e-005
1128.9 3.117e-005
1130.65 3.42974e-005
1130.66 3.42974e-005
1130.7 4.94252e-005
1130.9 3.117e-005
1130.91 3.117e-005
1132.65 3.42974e-005
1132.9 3.117e-005
1134.65 3.42974e-005
1134.9 3.117e-005
1135.66 3.42974e-005
1135.71 4.94252e-005
1135.91 3.117e-005
1136.65 3.42974e-005
1136.7 4.94252e-005
1136.9 3.117e-005
1138.65 3.42974e-005
1138.9 3.117e-005
1140.65 3.42974e-005
1140.66 3.42974e-005
1140.71 4.94252e-005
1140.9 3.117e-005
1140.91 3.117e-005
1142.65 3.42974e-005
1142.7 4.94252e-005
1142.9 3.117e-005
1144.65 3.42974e-005
1144.7 4.94252e-005
1144.9 3.117e-005
1145.66 3.42974e-005
1145.71 4.94252e-005
1145.91 3.117e-005
1146.65 3.42974e-005
1146.9 3.117e-005
1148.65 3.42974e-005
1148.9 3.117e-005
1150.65 3.42974e-005
1150.66 3.42974e-005
1150.7 4.94252e-005
1150.71 4.94252e-005
1150.9 3.117e-005
1150.91 3.117e-005
1152.65 3.42974e-005
1152.9 3.117e-005
1154.65 3.42974e-005
1154.7 4.94252e-005
1154.9 3.117e-005
1155.66 3.42974e-005
1155.91 3.117e-005
1156.65 3.42974e-005
1156.9 3.117e-005
1158.65 3.42974e-005
1158.9 3.117e-005
1160.65 3.42974e-005
1160.66 3.42974e-005
1160.71 4.94252e-005
1160.9 3.117e-005
1160.91 3.117e-005
1162.65 3.42974e-005
1162.7 4.94252e-005
1162.9 3.117e-005
1164.65 3.42974e-005
1164.7 4.94252e-005
1164.9 3.117e-005
1165.66 3.42974e-005
1165.91 3.117e-005
1166.65 3.42974e-005
1166.7 4.94252e-005
1166.9 3.117e-005
1168.65 3.42974e-005
1168.7 4.94252e-005
1168.9 3.117e-005
1170.65 3.42974e-005
1170.66 3.42974e-005
1170.9 3.117e-005
1170.91 3.117e-005
1172.65 3.42974e-005
1172.9 3.117e-005
1174.65 3.42974e-005
1174.7 4.94252e-005
1174.9 3.117e-005
1175.66 3.42974e-005
1175.91 3.117e-005
1176.7 4.94252e-005
1176.9 3.117e-005
1178.65 3.42974e-005
1178.7 4.94252e-005
1178.9 3.117e-005
1180.65 3.42974e-005
1180.66 3.42974e-005
1180.7 4.94252e-005
1180.9 3.117e-005
1180.91 3.117e-005
1182.65 3.42974e-005
1182.7 4.94252e-005
1182.9 3.117e-005
1184.65 3.42974e-005
1184.7 4.94252e-005
1184.9 3.117e-005
1185.66 3.42974e-005
1185.71 4.94252e-005
1185.91 3.117e-005
1186.65 3.42974e-005
1186.7 4.94252e-005
1186.9 3.117e-005
1188.65 3.42974e-005
1188.7 4.94252e-005
1188.9 3.117e-005
1190.65 3.42974e-005
1190.66 3.42974e-005
1190.71 4.94252e-005
1190.9 3.117e-005
1190.91 3.117e-005
1192.65 3.42974e-005
1192.9 3.117e-005
1194.65 3.42974e-005
1194.9 3.117e-005
1195.66 3.42974e-005
1195.91 3.117e-005
1196.65 3.42974e-005
1196.9 3.117e-005
1198.65 3.42974e-005
1198.7 4.94252e-005
1198.9 3.117e-005
