0.10003 2.34114e-005
0.105025 2.34125e-005
0.200039 3.07185e-005
0.205032 3.07394e-005
0.250041 3.25703e-005
0.255034 3.25791e-005
0.355038 3.69882e-005
0.405054 5.2439e-005
2.10004 2.38589e-005
2.20006 3.91154e-005
2.25005 3.61142e-005
2.35005 3.84146e-005
4.10004 2.43112e-005
4.20007 4.75342e-005
4.25006 3.96585e-005
4.35005 3.99552e-005
5.10503 2.45403e-005
5.20506 5.17696e-005
5.25505 4.14396e-005
5.35506 4.07673e-005
6.10004 2.47682e-005
6.25005 4.3203e-005
6.35008 4.15943e-005
8.10005 2.52295e-005
8.35007 4.33208e-005
10.1 2.56787e-005
10.105 2.56793e-005
10.2501 4.91859e-005
10.2551 4.91729e-005
10.3501 4.3563e-005
10.3551 4.35454e-005
12.1 2.76655e-005
12.2501 4.46716e-005
12.3501 3.65519e-005
14.1 3.25474e-005
14.2501 4.18709e-005
14.3501 2.97429e-005
15.1051 3.57491e-005
15.2551 4.12289e-005
15.3051 5.15362e-005
15.3551 2.6447e-005
15.4051 4.1127e-005
16.1001 3.92587e-005
16.2001 5.23913e-005
16.2501 4.11352e-005
16.3501 2.33136e-005
16.4001 3.33762e-005
18.2001 4.74277e-005
18.2501 4.25719e-005
18.3001 3.83514e-005
18.35 1.76832e-005
18.4001 2.11595e-005
20.205 4.35284e-005
20.2501 4.48092e-005
20.255 4.47971e-005
20.3001 3.43272e-005
20.305 3.43321e-005
20.3501 1.55536e-005
20.355 1.55723e-005
20.4001 2.12848e-005
20.405 2.13072e-005
20.6051 4.9427e-005
20.6501 5.01526e-005
20.6551 5.01891e-005
22.1001 4.22165e-005
22.2001 4.01816e-005
22.2501 4.26232e-005
22.3001 3.68261e-005
22.3501 2.50042e-005
22.4001 3.44237e-005
24.0501 4.79182e-005
24.1 3.01709e-005
24.2001 3.68823e-005
24.2501 4.60117e-005
24.3001 4.02202e-005
24.3501 3.61211e-005
25.055 4.62065e-005
25.105 2.42013e-005
25.205 3.52505e-005
25.2551 4.95331e-005
25.3051 4.21978e-005
25.3551 4.19286e-005
26.0501 4.47027e-005
26.1 1.84171e-005
26.2001 3.36553e-005
26.3001 4.4304e-005
26.3501 4.77544e-005
28.0501 4.23347e-005
28.1 8.30393e-006
28.2001 3.05235e-005
28.3001 4.89053e-005
30.0501 4.10176e-005
30.055 4.10211e-005
30.1 9.77053e-006
30.105 9.78233e-006
30.2001 2.81017e-005
30.205 2.81089e-005
32.0501 4.24347e-005
32.1 1.45182e-005
32.2001 3.11164e-005
34.1 1.92849e-005
34.2 3.43204e-005
35.0551 4.4604e-005
35.105 2.16833e-005
35.2051 3.59861e-005
36.0501 4.53319e-005
36.1 2.40593e-005
36.2001 3.76655e-005
38.0501 4.68079e-005
38.1001 2.88375e-005
38.2001 4.11171e-005
38.2501 5.12671e-005
38.3501 5.09235e-005
40.0501 4.8336e-005
40.1 3.29632e-005
40.105 3.29426e-005
40.2001 4.40903e-005
40.205 4.40856e-005
40.2551 5.05238e-005
40.3551 4.7189e-005
42.0501 5.12794e-005
42.1001 2.58072e-005
42.2001 4.38477e-005
44.1001 2.22391e-005
44.2001 4.67986e-005
44.2501 4.54923e-005
44.3501 4.40503e-005
45.105 2.2416e-005
45.2551 4.48635e-005
45.3551 4.40846e-005
46.1001 2.39221e-005
46.2501 4.45209e-005
46.3501 4.44541e-005
48.1001 2.99847e-005
48.2501 4.46957e-005
50.1001 3.78711e-005
50.105 3.78673e-005
50.2501 4.29805e-005
50.255 4.29249e-005
50.3501 4.85644e-005
50.3551 4.85657e-005
52.1001 3.7534e-005
52.2501 2.0704e-005
54.1001 3.95771e-005
54.2001 3.32651e-005
54.25 4.71169e-006
54.5001 4.12697e-005
55.105 4.14076e-005
55.205 2.52962e-005
55.255 1.4144e-005
55.405 4.73523e-005
55.4551 5.00551e-005
55.505 3.56984e-005
56.1001 4.36678e-005
56.2001 1.78386e-005
56.25 2.50586e-005
56.4001 4.18483e-005
56.4501 4.35681e-005
56.5 3.14614e-005
58.1001 4.92988e-005
58.2 9.70556e-006
58.2501 4.73906e-005
58.3501 5.09937e-005
58.4001 3.11534e-005
58.4501 3.11379e-005
58.5 2.89702e-005
58.6001 4.51015e-005
60.2 1.9101e-005
60.205 1.90943e-005
60.3501 5.02537e-005
60.4 2.33086e-005
60.405 2.33098e-005
60.4501 2.50263e-005
60.455 2.50513e-005
60.5001 3.3231e-005
60.505 3.3234e-005
60.605 3.67388e-005
62.1001 4.76084e-005
62.2001 1.64434e-005
62.3501 4.29298e-005
62.4 2.62701e-005
62.4501 3.50811e-005
62.5001 3.69505e-005
62.6001 4.4005e-005
64.1001 4.07751e-005
64.2 1.37862e-005
64.3501 3.59479e-005
64.4001 3.29955e-005
64.4501 4.51393e-005
64.5001 4.45978e-005
65.105 3.77893e-005
65.205 1.2451e-005
65.2551 4.78948e-005
65.355 3.26381e-005
65.405 3.72025e-005
65.4551 5.01941e-005
65.5051 4.93885e-005
66.1 3.52305e-005
66.2 1.11292e-005
66.35 2.95511e-005
66.4001 4.17019e-005
68.1001 3.16593e-005
68.2 8.47307e-006
68.25 3.71935e-005
68.35 2.42078e-005
70.1 3.04331e-005
70.105 3.04183e-005
70.2 6.23786e-006
70.205 6.24194e-006
70.2501 3.03276e-005
70.255 3.03131e-005
70.3501 2.12041e-005
70.355 2.12059e-005
72.1001 2.46699e-005
72.2 8.60184e-006
72.25 2.66657e-005
72.3501 2.45789e-005
74.1 1.9556e-005
74.2 1.17637e-005
74.25 2.81591e-005
74.35 3.17478e-005
75.105 1.74153e-005
75.205 1.34836e-005
75.255 3.07207e-005
75.3551 3.61241e-005
76.1 1.57374e-005
76.2 1.52345e-005
76.2501 3.41376e-005
76.3501 4.07558e-005
78.1 1.42931e-005
78.2 1.88443e-005
78.2501 4.27599e-005
78.6001 4.4132e-005
80.1001 1.5724e-005
80.105 1.57237e-005
80.2001 2.18691e-005
80.205 2.1862e-005
80.2501 5.22105e-005
80.2551 5.22257e-005
80.4551 4.92372e-005
80.6001 4.27712e-005
80.605 4.27981e-005
82.1001 1.91146e-005
82.2001 1.9198e-005
84.1001 2.69724e-005
84.2 1.69976e-005
84.4001 5.11739e-005
85.105 3.1648e-005
85.205 1.61319e-005
85.3551 4.90246e-005
85.4051 4.96641e-005
86.1001 3.65194e-005
86.2 1.54699e-005
86.3501 4.83385e-005
88.1001 4.67316e-005
88.2001 1.48246e-005
88.4001 4.52364e-005
90.2 1.54735e-005
90.205 1.54831e-005
90.3501 4.79082e-005
90.3551 4.78847e-005
90.405 4.20258e-005
92.0501 4.68974e-005
92.1001 4.51539e-005
92.2001 1.97929e-005
92.3501 3.86996e-005
92.4001 3.94692e-005
94.05 3.55064e-005
94.1 3.72392e-005
94.2001 2.47151e-005
94.3501 3.02425e-005
94.4001 4.03513e-005
95.055 2.9899e-005
95.105 3.51043e-005
95.2051 2.73153e-005
95.355 2.65063e-005
96.05 2.44942e-005
96.1001 3.45479e-005
96.2001 2.99445e-005
96.3501 2.3367e-005
96.4001 4.44776e-005
98.05 1.47359e-005
98.1001 3.82004e-005
98.2001 3.53448e-005
98.3001 4.88248e-005
98.3501 1.97965e-005
98.4001 5.10676e-005
100.05 1.06359e-005
100.055 1.06439e-005
100.1 4.55209e-005
100.105 4.54859e-005
100.2 4.04988e-005
100.205 4.05039e-005
100.3 4.57856e-005
100.305 4.57631e-005
100.35 2.0116e-005
100.355 2.01096e-005
102.05 1.63155e-005
102.1 3.26097e-005
102.2 4.25407e-005
102.3 3.78362e-005
102.35 2.03669e-005
104.05 2.42933e-005
104.1 2.43808e-005
104.2 4.45825e-005
104.3 3.30862e-005
104.35 2.5532e-005
105.055 2.85914e-005
105.105 2.37179e-005
105.205 4.56085e-005
105.305 3.2391e-005
105.355 2.9269e-005
106.05 3.29397e-005
106.1 2.57924e-005
106.2 4.66243e-005
106.3 3.29494e-005
106.35 3.34046e-005
108.05 4.18424e-005
108.1 3.57192e-005
108.3 3.74766e-005
108.35 4.25063e-005
110.05 5.08467e-005
110.055 5.08673e-005
110.1 4.85842e-005
110.105 4.85865e-005
110.205 5.04601e-005
110.3 4.5785e-005
110.305 4.58155e-005
110.35 5.05964e-005
110.355 5.05993e-005
112.1 4.96807e-005
114.1 5.10849e-005
115.255 4.92473e-005
115.505 4.95945e-005
116.1 5.27721e-005
116.25 4.58546e-005
116.5 4.57185e-005
118.25 4.00538e-005
118.5 3.99805e-005
120.25 3.43547e-005
120.255 3.43118e-005
120.5 3.82005e-005
120.505 3.82033e-005
122.1 5.31306e-005
122.25 1.77232e-005
122.5 4.17251e-005
124.1 4.97166e-005
124.25 8.82127e-006
124.35 5.27834e-005
124.5 4.91005e-005
125.105 4.80267e-005
125.205 4.67016e-005
125.255 1.40301e-005
125.355 4.33144e-005
126.1 4.6373e-005
126.2 4.25837e-005
126.25 2.17109e-005
126.35 3.41325e-005
128.1 4.31163e-005
128.2 3.43397e-005
128.25 3.86621e-005
128.35 1.75228e-005
128.4 4.85954e-005
130.05 4.47689e-005
130.055 4.47849e-005
130.1 4.00679e-005
130.105 4.00654e-005
130.2 2.61928e-005
130.205 2.61732e-005
130.25 5.32659e-005
130.255 5.3253e-005
130.35 1.20329e-005
130.355 1.20168e-005
130.4 4.41498e-005
130.405 4.41507e-005
130.605 5.10193e-005
132.05 5.12184e-005
132.1 4.05182e-005
132.2 1.82654e-005
132.25 4.83574e-005
132.35 6.74543e-006
134.1 4.37361e-005
134.2 1.03381e-005
134.35 7.60288e-006
134.4 4.73512e-005
135.105 4.62355e-005
135.205 6.35475e-006
135.255 4.22205e-005
135.355 1.0301e-005
136.2 2.41153e-006
136.25 4.0617e-005
136.35 1.34795e-005
138.2 5.51757e-006
138.25 3.8208e-005
138.35 2.04251e-005
138.5 4.08471e-005
140.2 1.19871e-005
140.205 1.1973e-005
140.25 3.69603e-005
140.255 3.69579e-005
140.35 2.67494e-005
140.355 2.67558e-005
140.5 3.79528e-005
140.505 3.79806e-005
142.1 4.409e-005
142.2 1.67555e-005
142.25 3.88574e-005
142.35 3.14755e-005
142.5 5.0759e-005
144.1 2.55181e-005
144.2 3.10607e-005
144.25 4.5624e-005
144.35 3.92318e-005
145.105 1.65818e-005
145.205 3.89227e-005
145.255 5.03023e-005
146.1 9.0899e-006
146.2 4.6859e-005
148.05 5.13898e-005
148.1 1.54368e-005
150.05 5.07781e-005
150.055 5.07478e-005
150.1 3.1686e-005
150.105 3.16449e-005
152.05 4.07652e-005
152.1 1.55112e-005
154.05 3.71261e-005
154.1 6.39336e-006
154.2 5.11829e-005
154.35 4.12798e-005
155.055 3.84048e-005
155.105 1.23817e-005
155.205 4.51002e-005
155.355 3.52935e-005
155.605 5.06893e-005
156.05 4.15698e-005
156.1 2.01208e-005
156.2 3.9279e-005
156.35 2.94396e-005
158.05 5.20662e-005
158.1 3.65032e-005
158.2 2.86803e-005
158.35 1.8177e-005
158.4 4.83332e-005
158.6 4.36919e-005
160.105 5.15748e-005
160.2 2.11693e-005
160.205 2.11518e-005
160.35 1.19122e-005
160.355 1.19315e-005
160.4 4.45781e-005
160.405 4.45709e-005
160.55 4.78708e-005
160.555 4.7883e-005
160.6 4.2825e-005
160.605 4.28416e-005
162.1 3.85258e-005
162.2 1.63992e-005
162.35 2.22287e-005
162.4 4.43551e-005
164.1 2.85103e-005
164.2 1.80891e-005
164.3 4.97464e-005
164.35 3.43571e-005
165.105 2.58299e-005
165.205 2.11222e-005
165.255 5.06926e-005
165.305 4.6566e-005
165.355 4.06373e-005
166.1 2.54816e-005
166.2 2.49596e-005
166.25 4.89204e-005
166.3 4.43584e-005
166.35 4.69128e-005
168.1 3.15227e-005
168.2 3.40035e-005
168.25 4.87279e-005
168.3 4.32766e-005
170.1 4.20698e-005
170.105 4.20572e-005
170.2 4.24606e-005
170.205 4.245e-005
170.25 5.10686e-005
170.255 5.10459e-005
170.3 4.61501e-005
170.305 4.61532e-005
172.1 3.73194e-005
172.2 3.82741e-005
172.25 4.21156e-005
174.1 3.33444e-005
174.2 3.42379e-005
174.25 3.3702e-005
175.105 3.17337e-005
175.205 3.22842e-005
175.255 2.98235e-005
175.355 5.09442e-005
176.1 3.04498e-005
176.2 3.04116e-005
176.25 2.63505e-005
178.1 2.89617e-005
178.2 2.68852e-005
178.25 2.11957e-005
178.35 4.1836e-005
180.1 2.966e-005
180.105 2.96905e-005
180.2 2.3766e-005
180.205 2.3759e-005
180.25 1.97216e-005
180.255 1.97185e-005
180.35 3.95795e-005
180.355 3.96057e-005
182.1 4.2282e-005
182.2 2.42432e-005
182.25 1.96748e-005
184.2 3.03788e-005
184.25 2.19328e-005
185.205 3.47727e-005
185.255 2.37575e-005
186.2 3.96262e-005
186.25 2.58997e-005
188.25 3.09245e-005
190.25 3.58434e-005
190.255 3.58434e-005
192.25 3.58434e-005
194.25 3.58434e-005
195.255 3.58434e-005
196.25 3.58434e-005
198.25 3.58434e-005
200.25 3.58434e-005
200.255 3.58434e-005
202.25 3.58434e-005
204.25 3.58434e-005
205.255 3.58434e-005
206.25 3.58434e-005
208.25 3.58434e-005
210.25 3.58434e-005
210.255 3.58434e-005
212.25 3.58434e-005
214.25 3.58434e-005
215.255 3.58434e-005
216.25 3.58434e-005
218.25 3.58434e-005
220.25 3.58434e-005
220.255 3.58434e-005
222.25 3.58434e-005
224.25 3.58434e-005
225.255 3.58434e-005
226.25 3.58434e-005
228.25 3.58434e-005
230.25 3.58434e-005
230.255 3.58434e-005
232.25 3.58434e-005
234.25 3.58434e-005
235.255 3.58434e-005
236.25 3.58434e-005
238.25 3.58434e-005
240.25 3.58434e-005
240.255 3.58434e-005
242.25 3.58434e-005
244.25 3.58434e-005
245.255 3.58434e-005
246.25 3.58434e-005
248.25 3.58434e-005
250.25 3.58434e-005
250.255 3.58434e-005
252.25 3.58434e-005
254.25 3.58434e-005
255.255 3.58434e-005
256.25 3.58434e-005
258.25 3.58434e-005
260.25 3.58434e-005
260.255 3.58434e-005
262.25 3.58434e-005
264.25 3.58434e-005
265.255 3.58434e-005
266.25 3.58434e-005
268.25 3.58434e-005
270.25 3.58434e-005
270.255 3.58434e-005
272.25 3.58434e-005
274.25 3.58434e-005
275.255 3.58434e-005
276.25 3.58434e-005
278.25 3.58434e-005
280.25 3.58434e-005
280.255 3.58434e-005
282.25 3.58434e-005
284.25 3.58434e-005
285.255 3.58434e-005
286.25 3.58434e-005
288.25 3.58434e-005
290.25 3.58434e-005
290.255 3.58434e-005
292.25 3.58434e-005
294.25 3.58434e-005
295.255 3.58434e-005
296.25 3.58434e-005
298.25 3.58434e-005
300.25 3.58434e-005
300.255 3.58434e-005
302.25 3.58434e-005
304.25 3.58434e-005
305.255 3.58434e-005
306.25 3.58434e-005
308.25 3.58434e-005
310.25 3.58434e-005
310.255 3.58434e-005
312.25 3.58434e-005
314.25 3.58434e-005
315.255 3.58434e-005
316.25 3.58434e-005
318.25 3.58434e-005
320.25 3.58434e-005
320.255 3.58434e-005
322.25 3.58434e-005
324.25 3.58434e-005
325.255 3.58434e-005
326.25 3.58434e-005
328.25 3.58434e-005
330.25 3.58434e-005
330.255 3.58434e-005
332.25 3.58434e-005
334.25 3.58434e-005
335.255 3.58434e-005
336.25 3.58434e-005
338.25 3.58434e-005
340.25 3.58434e-005
340.255 3.58434e-005
342.25 3.58434e-005
344.25 3.58434e-005
345.255 3.58434e-005
346.25 3.58434e-005
348.25 3.58434e-005
350.25 3.58434e-005
350.255 3.58434e-005
352.25 3.58434e-005
354.25 3.58434e-005
355.255 3.58434e-005
356.25 3.58434e-005
358.25 3.58434e-005
360.25 3.58434e-005
360.255 3.58434e-005
362.25 3.58434e-005
364.25 3.58434e-005
365.255 3.58434e-005
366.25 3.58434e-005
368.25 3.58434e-005
370.25 3.58434e-005
370.255 3.58434e-005
372.25 3.58434e-005
374.25 3.58434e-005
375.255 3.58434e-005
376.25 3.58434e-005
378.25 3.58434e-005
380.25 3.58434e-005
380.255 3.58434e-005
382.25 3.58434e-005
384.25 3.58434e-005
385.255 3.58434e-005
386.25 3.58434e-005
388.25 3.58434e-005
390.25 3.58434e-005
390.255 3.58434e-005
392.25 3.58434e-005
394.25 3.58434e-005
395.255 3.58434e-005
396.25 3.58434e-005
398.25 3.58434e-005
400.25 3.58434e-005
400.255 3.58434e-005
402.25 3.58434e-005
404.25 3.58434e-005
405.255 3.58434e-005
406.25 3.58434e-005
408.25 3.58434e-005
410.25 3.58434e-005
410.255 3.58434e-005
412.25 3.58434e-005
414.25 3.58434e-005
415.255 3.58434e-005
416.25 3.58434e-005
418.25 3.58434e-005
420.25 3.58434e-005
420.255 3.58434e-005
422.25 3.58434e-005
424.25 3.58434e-005
425.255 3.58434e-005
426.25 3.58434e-005
428.25 3.58434e-005
430.25 3.58434e-005
430.255 3.58434e-005
432.25 3.58434e-005
434.25 3.58434e-005
435.255 3.58434e-005
436.25 3.58434e-005
438.25 3.58434e-005
440.25 3.58434e-005
440.255 3.58434e-005
442.25 3.58434e-005
444.25 3.58434e-005
445.255 3.58434e-005
446.25 3.58434e-005
448.25 3.58434e-005
450.25 3.58434e-005
450.255 3.58434e-005
452.25 3.58434e-005
454.25 3.58434e-005
455.255 3.58434e-005
456.25 3.58434e-005
458.25 3.58434e-005
460.25 3.58434e-005
460.255 3.58434e-005
462.25 3.58434e-005
464.25 3.58434e-005
465.255 3.58434e-005
466.25 3.58434e-005
468.25 3.58434e-005
470.25 3.58434e-005
470.255 3.58434e-005
472.25 3.58434e-005
474.25 3.58434e-005
475.255 3.58434e-005
476.25 3.58434e-005
478.25 3.58434e-005
480.25 3.58434e-005
480.255 3.58434e-005
482.25 3.58434e-005
484.25 3.58434e-005
485.255 3.58434e-005
486.25 3.58434e-005
488.25 3.58434e-005
490.25 3.58434e-005
490.255 3.58434e-005
492.25 3.58434e-005
494.25 3.58434e-005
495.255 3.58434e-005
496.25 3.58434e-005
498.25 3.58434e-005
500.25 3.58434e-005
500.255 3.58434e-005
502.25 3.58434e-005
504.25 3.58434e-005
505.255 3.58434e-005
506.25 3.58434e-005
508.25 3.58434e-005
510.25 3.58434e-005
510.255 3.58434e-005
512.25 3.58434e-005
514.25 3.58434e-005
515.255 3.58434e-005
516.25 3.58434e-005
518.25 3.58434e-005
520.25 3.58434e-005
520.255 3.58434e-005
522.25 3.58434e-005
524.25 3.58434e-005
525.255 3.58434e-005
526.25 3.58434e-005
528.25 3.58434e-005
530.25 3.58434e-005
530.255 3.58434e-005
532.25 3.58434e-005
534.25 3.58434e-005
535.255 3.58434e-005
536.25 3.58434e-005
538.25 3.58434e-005
540.25 3.58434e-005
540.255 3.58434e-005
542.25 3.58434e-005
544.25 3.58434e-005
545.255 3.58434e-005
546.25 3.58434e-005
548.25 3.58434e-005
550.25 3.58434e-005
550.255 3.58434e-005
552.25 3.58434e-005
554.25 3.58434e-005
555.255 3.58434e-005
556.25 3.58434e-005
558.25 3.58434e-005
560.25 3.58434e-005
560.255 3.58434e-005
562.25 3.58434e-005
564.25 3.58434e-005
565.255 3.58434e-005
566.25 3.58434e-005
568.25 3.58434e-005
570.25 3.58434e-005
570.255 3.58434e-005
572.25 3.58434e-005
574.25 3.58434e-005
575.255 3.58434e-005
576.25 3.58434e-005
578.25 3.58434e-005
580.25 3.58434e-005
580.255 3.58434e-005
582.25 3.58434e-005
584.25 3.58434e-005
585.255 3.58434e-005
586.25 3.58434e-005
588.25 3.58434e-005
590.25 3.58434e-005
590.255 3.58434e-005
592.25 3.58434e-005
594.25 3.58434e-005
595.255 3.58434e-005
596.25 3.58434e-005
598.25 3.58434e-005
600.25 3.58434e-005
600.255 3.58434e-005
602.25 3.58434e-005
604.25 3.58434e-005
605.255 3.58434e-005
606.25 3.58434e-005
608.25 3.58434e-005
610.25 3.58434e-005
610.255 3.58434e-005
612.25 3.58434e-005
614.25 3.58434e-005
615.255 3.58434e-005
616.25 3.58434e-005
618.25 3.58434e-005
620.25 3.58434e-005
620.255 3.58434e-005
622.25 3.58434e-005
624.25 3.58434e-005
625.255 3.58434e-005
626.25 3.58434e-005
628.25 3.58434e-005
630.25 3.58434e-005
630.255 3.58434e-005
632.25 3.58434e-005
634.25 3.58434e-005
635.255 3.58434e-005
636.25 3.58434e-005
638.25 3.58434e-005
640.25 3.58434e-005
640.255 3.58434e-005
642.25 3.58434e-005
644.25 3.58434e-005
645.255 3.58434e-005
646.25 3.58434e-005
648.25 3.58434e-005
650.25 3.58434e-005
650.255 3.58434e-005
652.25 3.58434e-005
654.25 3.58434e-005
655.255 3.58434e-005
656.25 3.58434e-005
658.25 3.58434e-005
660.25 3.58434e-005
660.255 3.58434e-005
662.25 3.58434e-005
664.25 3.58434e-005
665.255 3.58434e-005
666.25 3.58434e-005
668.25 3.58434e-005
670.25 3.58434e-005
670.255 3.58434e-005
672.25 3.58434e-005
674.25 3.58434e-005
675.255 3.58434e-005
676.25 3.58434e-005
678.25 3.58434e-005
680.25 3.58434e-005
680.255 3.58434e-005
682.25 3.58434e-005
684.25 3.58434e-005
685.255 3.58434e-005
686.25 3.58434e-005
688.25 3.58434e-005
690.25 3.58434e-005
690.255 3.58434e-005
692.25 3.58434e-005
694.25 3.58434e-005
695.255 3.58434e-005
696.25 3.58434e-005
698.25 3.58434e-005
700.25 3.58434e-005
700.255 3.58434e-005
702.25 3.58434e-005
704.25 3.58434e-005
705.255 3.58434e-005
706.25 3.58434e-005
708.25 3.58434e-005
710.25 3.58434e-005
710.255 3.58434e-005
712.25 3.58434e-005
714.25 3.58434e-005
715.255 3.58434e-005
716.25 3.58434e-005
718.25 3.58434e-005
720.25 3.58434e-005
720.255 3.58434e-005
722.25 3.58434e-005
724.25 3.58434e-005
725.255 3.58434e-005
726.25 3.58434e-005
728.25 3.58434e-005
730.25 3.58434e-005
730.255 3.58434e-005
732.25 3.58434e-005
734.25 3.58434e-005
735.255 3.58434e-005
736.25 3.58434e-005
738.25 3.58434e-005
740.25 3.58434e-005
740.255 3.58434e-005
742.25 3.58434e-005
744.25 3.58434e-005
745.255 3.58434e-005
746.25 3.58434e-005
748.25 3.58434e-005
750.25 3.58434e-005
750.255 3.58434e-005
752.25 3.58434e-005
754.25 3.58434e-005
755.255 3.58434e-005
756.25 3.58434e-005
758.25 3.58434e-005
760.25 3.58434e-005
760.255 3.58434e-005
762.25 3.58434e-005
764.25 3.58434e-005
765.255 3.58434e-005
766.25 3.58434e-005
768.25 3.58434e-005
770.25 3.58434e-005
770.255 3.58434e-005
772.25 3.58434e-005
774.25 3.58434e-005
775.255 3.58434e-005
776.25 3.58434e-005
778.25 3.58434e-005
780.25 3.58434e-005
780.255 3.58434e-005
782.25 3.58434e-005
784.25 3.58434e-005
785.255 3.58434e-005
786.25 3.58434e-005
788.25 3.58434e-005
790.25 3.58434e-005
790.255 3.58434e-005
792.25 3.58434e-005
794.25 3.58434e-005
795.255 3.58434e-005
796.25 3.58434e-005
798.25 3.58434e-005
800.25 3.58434e-005
800.255 3.58434e-005
802.25 3.58434e-005
804.25 3.58434e-005
805.255 3.58434e-005
806.25 3.58434e-005
808.25 3.58434e-005
810.25 3.58434e-005
810.255 3.58434e-005
812.25 3.58434e-005
814.25 3.58434e-005
815.255 3.58434e-005
816.25 3.58434e-005
818.25 3.58434e-005
820.25 3.58434e-005
820.255 3.58434e-005
822.25 3.58434e-005
824.25 3.58434e-005
825.255 3.58434e-005
826.25 3.58434e-005
828.25 3.58434e-005
830.25 3.58434e-005
830.255 3.58434e-005
832.25 3.58434e-005
834.25 3.58434e-005
835.255 3.58434e-005
836.25 3.58434e-005
838.25 3.58434e-005
840.25 3.58434e-005
840.255 3.58434e-005
842.25 3.58434e-005
844.25 3.58434e-005
845.255 3.58434e-005
846.25 3.58434e-005
848.25 3.58434e-005
850.25 3.58434e-005
850.255 3.58434e-005
852.25 3.58434e-005
854.25 3.58434e-005
855.255 3.58434e-005
856.25 3.58434e-005
858.25 3.58434e-005
860.25 3.58434e-005
860.255 3.58434e-005
862.25 3.58434e-005
864.25 3.58434e-005
865.255 3.58434e-005
866.25 3.58434e-005
868.25 3.58434e-005
870.25 3.58434e-005
870.255 3.58434e-005
872.25 3.58434e-005
874.25 3.58434e-005
875.255 3.58434e-005
876.25 3.58434e-005
878.25 3.58434e-005
880.25 3.58434e-005
880.255 3.58434e-005
882.25 3.58434e-005
884.25 3.58434e-005
885.255 3.58434e-005
886.25 3.58434e-005
888.25 3.58434e-005
890.25 3.58434e-005
890.255 3.58434e-005
892.25 3.58434e-005
894.25 3.58434e-005
895.255 3.58434e-005
896.25 3.58434e-005
898.25 3.58434e-005
900.25 3.58434e-005
900.255 3.58434e-005
902.25 3.58434e-005
904.25 3.58434e-005
905.255 3.58434e-005
906.25 3.58434e-005
908.25 3.58434e-005
910.25 3.58434e-005
910.255 3.58434e-005
912.25 3.58434e-005
914.25 3.58434e-005
915.255 3.58434e-005
916.25 3.58434e-005
918.25 3.58434e-005
920.25 3.58434e-005
920.255 3.58434e-005
922.25 3.58434e-005
924.25 3.58434e-005
925.255 3.58434e-005
926.25 3.58434e-005
928.25 3.58434e-005
930.25 3.58434e-005
930.255 3.58434e-005
932.25 3.58434e-005
934.25 3.58434e-005
935.255 3.58434e-005
936.25 3.58434e-005
938.25 3.58434e-005
940.25 3.58434e-005
940.255 3.58434e-005
942.25 3.58434e-005
944.25 3.58434e-005
945.255 3.58434e-005
946.25 3.58434e-005
948.25 3.58434e-005
950.25 3.58434e-005
950.255 3.58434e-005
952.25 3.58434e-005
954.25 3.58434e-005
955.255 3.58434e-005
956.25 3.58434e-005
958.25 3.58434e-005
960.25 3.58434e-005
960.255 3.58434e-005
962.25 3.58434e-005
964.25 3.58434e-005
965.255 3.58434e-005
966.25 3.58434e-005
968.25 3.58434e-005
970.25 3.58434e-005
970.255 3.58434e-005
972.25 3.58434e-005
974.25 3.58434e-005
975.255 3.58434e-005
976.25 3.58434e-005
978.25 3.58434e-005
980.25 3.58434e-005
980.255 3.58434e-005
982.25 3.58434e-005
984.25 3.58434e-005
985.255 3.58434e-005
986.25 3.58434e-005
988.25 3.58434e-005
990.25 3.58434e-005
990.255 3.58434e-005
992.25 3.58434e-005
994.25 3.58434e-005
995.255 3.58434e-005
996.25 3.58434e-005
998.25 3.58434e-005
1000.25 3.58434e-005
1000.26 3.58434e-005
1002.25 3.58434e-005
1004.25 3.58434e-005
1005.26 3.58434e-005
1006.25 3.58434e-005
1008.25 3.58434e-005
1010.25 3.58434e-005
1010.26 3.58434e-005
1012.25 3.58434e-005
1014.25 3.58434e-005
1015.26 3.58434e-005
1016.25 3.58434e-005
1018.25 3.58434e-005
1020.25 3.58434e-005
1020.26 3.58434e-005
1022.25 3.58434e-005
1024.25 3.58434e-005
1025.26 3.58434e-005
1026.25 3.58434e-005
1028.25 3.58434e-005
1030.25 3.58434e-005
1030.26 3.58434e-005
1032.25 3.58434e-005
1034.25 3.58434e-005
1035.26 3.58434e-005
1036.25 3.58434e-005
1038.25 3.58434e-005
1040.25 3.58434e-005
1040.26 3.58434e-005
1042.25 3.58434e-005
1044.25 3.58434e-005
1045.26 3.58434e-005
1046.25 3.58434e-005
1048.25 3.58434e-005
1050.25 3.58434e-005
1050.26 3.58434e-005
1052.25 3.58434e-005
1054.25 3.58434e-005
1055.26 3.58434e-005
1056.25 3.58434e-005
1058.25 3.58434e-005
1060.25 3.58434e-005
1060.26 3.58434e-005
1062.25 3.58434e-005
1064.25 3.58434e-005
1065.26 3.58434e-005
1066.25 3.58434e-005
1068.25 3.58434e-005
1070.25 3.58434e-005
1070.26 3.58434e-005
1072.25 3.58434e-005
1074.25 3.58434e-005
1075.26 3.58434e-005
1076.25 3.58434e-005
1078.25 3.58434e-005
1080.25 3.58434e-005
1080.26 3.58434e-005
1082.25 3.58434e-005
1084.25 3.58434e-005
1085.26 3.58434e-005
1086.25 3.58434e-005
1088.25 3.58434e-005
1090.25 3.58434e-005
1090.26 3.58434e-005
1092.25 3.58434e-005
1094.25 3.58434e-005
1095.26 3.58434e-005
1096.25 3.58434e-005
1098.25 3.58434e-005
1100.25 3.58434e-005
1100.26 3.58434e-005
1102.25 3.58434e-005
1104.25 3.58434e-005
1105.26 3.58434e-005
1106.25 3.58434e-005
1108.25 3.58434e-005
1110.25 3.58434e-005
1110.26 3.58434e-005
1112.25 3.58434e-005
1114.25 3.58434e-005
1115.26 3.58434e-005
1116.25 3.58434e-005
1118.25 3.58434e-005
1120.25 3.58434e-005
1120.26 3.58434e-005
1122.25 3.58434e-005
1124.25 3.58434e-005
1125.26 3.58434e-005
1126.25 3.58434e-005
1128.25 3.58434e-005
1130.25 3.58434e-005
1130.26 3.58434e-005
1132.25 3.58434e-005
1134.25 3.58434e-005
1135.26 3.58434e-005
1136.25 3.58434e-005
1138.25 3.58434e-005
1140.25 3.58434e-005
1140.26 3.58434e-005
1142.25 3.58434e-005
1144.25 3.58434e-005
1145.26 3.58434e-005
1146.25 3.58434e-005
1148.25 3.58434e-005
1150.25 3.58434e-005
1150.26 3.58434e-005
1152.25 3.58434e-005
1154.25 3.58434e-005
1155.26 3.58434e-005
1156.25 3.58434e-005
1158.25 3.58434e-005
1160.25 3.58434e-005
1160.26 3.58434e-005
1162.25 3.58434e-005
1164.25 3.58434e-005
1165.26 3.58434e-005
1166.25 3.58434e-005
1168.25 3.58434e-005
1170.25 3.58434e-005
1170.26 3.58434e-005
1172.25 3.58434e-005
1174.25 3.58434e-005
1175.26 3.58434e-005
1176.25 3.58434e-005
1178.25 3.58434e-005
1180.25 3.58434e-005
1180.26 3.58434e-005
1182.25 3.58434e-005
1184.25 3.58434e-005
1185.26 3.58434e-005
1186.25 3.58434e-005
1188.25 3.58434e-005
1190.25 3.58434e-005
1190.26 3.58434e-005
1192.25 3.58434e-005
1194.25 3.58434e-005
1195.26 3.58434e-005
1196.25 3.58434e-005
1198.25 3.58434e-005
