0.100055 4.83938e-005
0.10505 4.84126e-005
0.150038 3.0509e-005
0.155032 3.05299e-005
0.250031 2.30736e-005
0.255024 2.3086e-005
0.350042 3.07471e-005
0.355032 3.07482e-005
0.400036 2.77046e-005
0.405029 2.77098e-005
0.450046 3.67457e-005
0.455038 3.67475e-005
0.500047 3.76135e-005
0.505039 3.75951e-005
0.650064 5.13982e-005
0.655053 5.14032e-005
2.15005 3.89051e-005
2.25004 2.84118e-005
2.35005 3.17366e-005
2.40004 3.03116e-005
2.45005 3.81626e-005
2.50005 3.06642e-005
2.75005 4.017e-005
4.25005 3.42135e-005
4.35005 3.37792e-005
4.40005 3.37881e-005
4.45006 4.0843e-005
4.50004 2.50085e-005
4.75004 2.57182e-005
5.15506 5.15588e-005
5.25504 3.72363e-005
5.35505 3.5149e-005
5.40504 3.57861e-005
5.45505 4.25962e-005
5.50503 2.29664e-005
5.75502 1.84617e-005
6.25005 4.02789e-005
6.35007 3.66993e-005
6.40006 3.78956e-005
6.45009 4.45595e-005
6.50004 2.16832e-005
6.75003 1.12898e-005
8.25006 4.6505e-005
8.35007 4.03068e-005
8.40011 4.24514e-005
8.50006 2.17832e-005
8.75007 3.42486e-006
10.2501 5.19837e-005
10.3551 4.39445e-005
10.4001 4.46817e-005
10.4051 4.46613e-005
10.4501 5.00479e-005
10.5 2.32065e-005
10.505 2.31976e-005
10.75 7.0561e-006
10.755 7.02971e-006
12.3501 4.54738e-005
12.4001 3.69628e-005
12.4501 3.80123e-005
12.5 2.03337e-005
12.75 1.49869e-005
14.3501 4.7081e-005
14.4001 3.05937e-005
14.4501 2.93703e-005
14.5001 1.9225e-005
14.7501 3.23927e-005
15.3551 4.79144e-005
15.4051 2.81998e-005
15.455 2.73909e-005
15.505 1.94479e-005
15.7051 4.76819e-005
16.2501 5.20774e-005
16.4001 2.65633e-005
16.4501 2.75283e-005
16.5001 2.01733e-005
16.6501 4.94267e-005
16.7001 4.43487e-005
18.3501 5.04898e-005
18.4001 2.59839e-005
18.4501 3.36231e-005
18.5 2.29247e-005
18.6501 4.33189e-005
18.7001 3.76993e-005
20.1551 4.36129e-005
20.2501 5.15445e-005
20.2551 5.15055e-005
20.3551 5.07231e-005
20.4001 2.42101e-005
20.405 2.4161e-005
20.4501 4.19333e-005
20.455 4.19367e-005
20.5 2.91304e-005
20.505 2.91637e-005
20.6051 5.16851e-005
20.6501 4.06835e-005
20.655 4.06961e-005
20.7001 3.53006e-005
20.705 3.53145e-005
22.1501 4.02649e-005
22.25 3.69532e-005
22.3501 4.54324e-005
22.4001 6.97441e-006
22.4501 4.66091e-005
22.5001 4.28383e-005
22.7001 4.16006e-005
24.1501 3.6964e-005
24.25 2.66554e-005
24.4001 1.88019e-005
25.1551 3.53312e-005
25.255 2.49309e-005
25.3551 4.42523e-005
25.4051 2.87176e-005
25.7051 5.27663e-005
26.1001 5.19476e-005
26.1501 3.37349e-005
26.25 2.6301e-005
26.4001 3.87397e-005
28.1 3.84408e-005
28.1501 3.06004e-005
28.25 3.61834e-005
30.1 2.64487e-005
30.105 2.64516e-005
30.1501 2.80293e-005
30.155 2.80365e-005
30.2501 4.72502e-005
30.255 4.72214e-005
32.1 2.7627e-005
32.1501 3.10385e-005
32.2501 3.58685e-005
32.3501 4.77677e-005
34.1 2.88545e-005
34.15 3.42384e-005
34.25 2.51767e-005
34.3501 3.91987e-005
35.105 2.94879e-005
35.155 3.59025e-005
35.2551 2.04113e-005
35.3551 3.49417e-005
36.1 3.01252e-005
36.1501 3.75805e-005
36.25 1.65686e-005
36.3501 3.07768e-005
38.1001 3.1434e-005
38.1501 4.10298e-005
38.25 1.44401e-005
38.35 2.26665e-005
38.4501 4.844e-005
40.1 3.25274e-005
40.105 3.25189e-005
40.1501 4.41382e-005
40.2501 1.88118e-005
40.255 1.87925e-005
40.35 1.54557e-005
40.355 1.54404e-005
40.4001 5.16268e-005
40.4051 5.16084e-005
40.4501 4.12617e-005
40.455 4.12565e-005
40.5051 5.23104e-005
40.6551 5.17374e-005
42.1001 3.28764e-005
42.1501 4.38136e-005
42.2501 1.13387e-005
42.3501 9.82153e-006
42.4001 4.42328e-005
42.4501 3.9306e-005
42.6501 4.37627e-005
44.1001 3.99579e-005
44.1501 4.66894e-005
44.25 6.01215e-006
44.35 6.9724e-006
44.4001 3.6883e-005
44.4501 3.76427e-005
44.6501 3.58455e-005
44.7001 4.85445e-005
45.0551 4.95709e-005
45.1051 4.51873e-005
45.1551 4.91905e-005
45.255 6.31452e-006
45.355 7.76337e-006
45.4051 3.32156e-005
45.4551 3.693e-005
45.6551 3.19144e-005
45.7051 4.55739e-005
46.0501 4.67977e-005
46.1001 5.10428e-005
46.2501 8.7534e-006
46.35 9.76383e-006
46.4001 2.96102e-005
46.6501 2.80711e-005
48.0501 4.21242e-005
48.25 1.58111e-005
48.3501 1.53824e-005
48.4 2.24896e-005
48.4501 3.53514e-005
48.6001 4.61392e-005
48.6501 2.06021e-005
48.7001 3.7163e-005
50.0501 3.92128e-005
50.055 3.92281e-005
50.2501 2.32388e-005
50.255 2.32515e-005
50.35 1.8006e-005
50.355 1.79701e-005
50.4 1.65765e-005
50.405 1.65719e-005
50.4501 3.40927e-005
50.455 3.40842e-005
50.605 4.35906e-005
50.6501 1.84127e-005
50.655 1.84315e-005
50.7001 3.36228e-005
50.705 3.36233e-005
52.0501 4.61022e-005
52.1501 5.00032e-005
52.2501 2.8494e-005
52.3501 1.03856e-005
52.4001 1.70705e-005
52.4501 3.10069e-005
52.6001 4.39702e-005
52.6501 2.59896e-005
52.7001 3.58226e-005
54.15 3.36679e-005
54.2501 3.39104e-005
54.3501 2.22988e-005
54.4001 2.152e-005
54.4501 2.87626e-005
54.5001 4.81546e-005
54.6001 4.47941e-005
54.6501 3.357e-005
54.7001 4.1419e-005
55.155 2.56856e-005
55.255 3.66706e-005
55.3551 3.03572e-005
55.405 2.46563e-005
55.455 2.80192e-005
55.505 4.0854e-005
55.6051 4.53686e-005
55.6551 3.73798e-005
55.7051 4.51473e-005
56.15 1.8195e-005
56.2501 3.94217e-005
56.3501 3.8631e-005
56.4 2.81052e-005
56.4501 2.7566e-005
56.5 3.39223e-005
56.6001 4.60381e-005
56.6501 4.1152e-005
56.7001 4.92679e-005
58.15 9.63954e-006
58.2501 4.49931e-005
58.4001 3.56621e-005
58.45 2.75539e-005
58.5 2.20292e-005
58.6001 4.76694e-005
60.1051 5.21304e-005
60.15 1.91674e-005
60.155 1.91608e-005
60.2551 4.92935e-005
60.4001 4.11232e-005
60.405 4.11124e-005
60.4501 2.9799e-005
60.455 2.98155e-005
60.5 1.69107e-005
60.505 1.69058e-005
60.6001 4.96447e-005
60.6051 4.96506e-005
62.1001 4.68256e-005
62.15 1.65099e-005
62.2501 4.45522e-005
62.4001 3.8579e-005
62.4501 3.73245e-005
62.5001 2.09109e-005
64.1001 4.21963e-005
64.15 1.38526e-005
64.2501 3.98298e-005
64.3501 4.92957e-005
64.4001 3.99517e-005
64.4501 4.60215e-005
64.5001 3.19914e-005
65.155 1.25174e-005
65.2551 3.74722e-005
65.3551 4.47847e-005
65.405 4.20422e-005
65.4551 5.06475e-005
65.5051 3.84992e-005
66.1001 3.8506e-005
66.15 1.11957e-005
66.2501 3.51509e-005
66.3501 4.04595e-005
66.4001 4.48834e-005
66.5001 4.52164e-005
68.1001 3.60442e-005
68.15 8.53947e-006
68.25 3.05353e-005
68.3501 3.24174e-005
70.1001 3.49754e-005
70.105 3.49701e-005
70.15 6.19753e-006
70.155 6.20149e-006
70.2501 2.58227e-005
70.255 2.5808e-005
70.3501 2.74695e-005
70.355 2.74782e-005
72.1001 3.29302e-005
72.15 8.52977e-006
72.25 2.07711e-005
72.3501 3.19979e-005
74.1 3.10438e-005
74.15 1.16798e-005
74.25 1.83804e-005
74.3501 3.8033e-005
75.105 3.01652e-005
75.155 1.33967e-005
75.255 1.85559e-005
75.3551 4.14341e-005
75.4051 5.06728e-005
75.4551 4.72163e-005
75.6051 4.92183e-005
76.1 2.93466e-005
76.15 1.51456e-005
76.25 1.96471e-005
76.4001 4.94112e-005
76.4501 4.25894e-005
76.6001 4.51944e-005
78.1 2.78733e-005
78.15 1.8753e-005
78.2501 2.3999e-005
78.4501 3.33207e-005
78.5001 5.10651e-005
78.6001 3.84691e-005
78.7001 5.03209e-005
80.1001 2.69673e-005
80.105 2.698e-005
80.15 2.19405e-005
80.155 2.19334e-005
80.2501 3.04354e-005
80.255 3.0458e-005
80.4051 4.53429e-005
80.4501 2.89195e-005
80.455 2.89496e-005
80.5001 4.85971e-005
80.6001 3.70134e-005
80.605 3.70285e-005
80.7001 4.80014e-005
80.7051 4.80385e-005
82.1001 3.28014e-005
82.1501 1.92598e-005
82.2501 3.96305e-005
82.4501 4.10625e-005
82.6001 4.40916e-005
84.1001 3.96553e-005
84.15 1.70453e-005
84.2501 4.89389e-005
84.3501 3.87624e-005
84.4001 3.78405e-005
84.6001 5.25737e-005
85.105 4.33351e-005
85.155 1.61705e-005
85.355 3.57887e-005
85.405 3.59909e-005
86.15 1.54982e-005
86.3501 3.38726e-005
86.4001 3.41796e-005
88.15 1.48288e-005
88.3501 3.37339e-005
88.4001 3.06128e-005
90.15 1.53778e-005
90.155 1.53873e-005
90.3501 3.45177e-005
90.355 3.44784e-005
90.4001 2.61929e-005
90.405 2.61728e-005
92.15 1.96757e-005
92.3501 1.89607e-005
92.4001 1.94797e-005
94.0501 4.9682e-005
94.15 2.45875e-005
94.35 6.90013e-006
94.4 1.75678e-005
95.055 4.67029e-005
95.1551 2.71845e-005
95.305 4.02714e-005
95.355 9.33836e-006
95.405 1.90274e-005
96.0501 4.38236e-005
96.1501 2.98113e-005
96.3001 3.57571e-005
96.35 1.59928e-005
96.4 2.17618e-005
96.4501 4.23513e-005
96.6001 5.06402e-005
98.05 3.83112e-005
98.1501 3.52083e-005
98.3001 2.66848e-005
98.3501 3.13687e-005
98.4001 2.95686e-005
98.4501 2.9216e-005
98.6001 4.21483e-005
98.6501 5.29823e-005
98.7001 4.94115e-005
98.8501 4.76074e-005
100.05 3.36235e-005
100.055 3.36425e-005
100.155 4.04528e-005
100.3 1.9417e-005
100.305 1.94263e-005
100.35 4.29181e-005
100.355 4.28963e-005
100.4 3.62676e-005
100.405 3.62592e-005
100.45 1.97448e-005
100.455 1.97419e-005
100.6 3.73628e-005
100.605 3.73723e-005
100.655 4.99125e-005
100.7 4.08279e-005
100.705 4.08409e-005
100.85 4.78169e-005
100.855 4.78409e-005
102.05 4.18007e-005
102.15 4.24896e-005
102.3 2.71895e-005
102.35 3.4137e-005
102.4 3.29178e-005
102.45 1.90632e-005
102.6 4.12317e-005
102.65 4.63402e-005
102.7 4.66669e-005
104.05 5.07413e-005
104.15 4.45314e-005
104.3 3.91919e-005
104.35 2.5358e-005
104.4 2.96033e-005
104.45 1.93795e-005
104.6 4.51936e-005
104.65 4.29865e-005
105.155 4.55574e-005
105.305 4.58299e-005
105.355 2.09479e-005
105.405 2.79549e-005
105.455 1.9906e-005
105.655 4.14049e-005
105.755 4.76885e-005
106.35 1.65838e-005
106.4 2.63371e-005
106.45 2.06478e-005
106.65 3.99182e-005
106.75 4.17555e-005
108.15 4.86151e-005
108.25 4.88028e-005
108.35 7.83139e-006
108.4 2.31399e-005
108.45 2.27091e-005
108.65 3.72058e-005
108.75 3.22772e-005
110.25 4.23167e-005
110.255 4.2317e-005
110.35 2.16154e-006
110.355 2.1767e-006
110.4 1.90172e-005
110.405 1.89969e-005
110.45 2.47474e-005
110.455 2.47488e-005
110.65 3.46517e-005
110.655 3.46446e-005
110.75 3.02223e-005
110.755 3.02294e-005
112.25 4.2583e-005
112.35 8.25631e-006
112.4 1.14254e-005
112.45 2.73283e-005
112.65 3.22e-005
112.75 3.31514e-005
114.25 4.3146e-005
114.35 1.43532e-005
114.4 7.42551e-006
114.45 3.30769e-005
114.6 4.66176e-005
114.65 3.06723e-005
114.75 3.62191e-005
115.255 4.35375e-005
115.355 1.74169e-005
115.405 8.71943e-006
115.455 3.67276e-005
115.605 4.70644e-005
115.655 3.03007e-005
115.755 3.78024e-005
116.25 4.39942e-005
116.35 2.04503e-005
116.4 1.16381e-005
116.45 4.06715e-005
116.65 3.0209e-005
116.75 3.93931e-005
118.25 4.51116e-005
118.35 2.65475e-005
118.4 1.92733e-005
118.65 3.08582e-005
118.75 4.26496e-005
120.255 4.66175e-005
120.35 2.9574e-005
120.355 2.95455e-005
120.4 2.479e-005
120.405 2.4776e-005
120.5 4.79881e-005
120.65 3.13437e-005
120.655 3.13404e-005
120.75 4.4968e-005
120.755 4.49716e-005
120.805 5.18699e-005
122.25 5.05466e-005
122.35 1.82623e-005
122.4 1.98505e-005
122.6 4.20262e-005
122.65 3.12525e-005
124.15 5.10757e-005
124.35 7.93833e-006
124.4 1.69701e-005
124.6 3.01774e-005
124.65 3.35345e-005
124.8 4.61623e-005
125.155 4.69087e-005
125.355 5.40775e-006
125.405 1.667e-005
125.605 2.51604e-005
125.655 3.54517e-005
125.855 4.91954e-005
126.15 4.27904e-005
126.35 7.94485e-006
126.4 1.72152e-005
126.6 2.14132e-005
126.65 3.77618e-005
126.8 4.37222e-005
126.85 4.41367e-005
128.15 3.45451e-005
128.35 1.82708e-005
128.4 2.04738e-005
128.6 2.02427e-005
128.65 4.33694e-005
128.8 4.16276e-005
128.85 3.69075e-005
130.055 5.03771e-005
130.15 2.6391e-005
130.155 2.63713e-005
130.35 2.54532e-005
130.355 2.5423e-005
130.4 2.45893e-005
130.405 2.45923e-005
130.6 2.73566e-005
130.605 2.73779e-005
130.655 4.89601e-005
130.8 4.52252e-005
130.805 4.52547e-005
130.85 3.71588e-005
130.855 3.71708e-005
132.15 1.84636e-005
132.35 1.34093e-005
132.4 2.90466e-005
132.6 3.62034e-005
132.85 4.27927e-005
134.15 1.05362e-005
134.35 3.73658e-006
134.4 3.79623e-005
134.6 4.53587e-005
135.155 6.55292e-006
135.255 4.83085e-005
135.355 6.68622e-006
135.405 4.33201e-005
136.15 2.60961e-006
136.25 4.27818e-005
136.35 1.22605e-005
136.4 4.89585e-005
136.5 4.95341e-005
138.1 5.14265e-005
138.15 5.31938e-006
138.25 3.31082e-005
138.35 2.4267e-005
138.5 3.86913e-005
140.105 5.13189e-005
140.15 1.21356e-005
140.155 1.21203e-005
140.25 2.70404e-005
140.255 2.70305e-005
140.35 3.60291e-005
140.355 3.60535e-005
140.5 3.09504e-005
140.505 3.09533e-005
142.15 1.64516e-005
142.25 2.31106e-005
142.35 4.61456e-005
142.5 3.21043e-005
144.15 3.06757e-005
144.25 1.92336e-005
144.5 3.32743e-005
145.105 5.09771e-005
145.155 3.8527e-005
145.255 1.73164e-005
145.505 3.38679e-005
146.15 4.64577e-005
146.25 1.54489e-005
146.5 3.4459e-005
146.75 5.11628e-005
148.25 1.18456e-005
148.5 3.56567e-005
148.75 4.29413e-005
150.25 9.38455e-006
150.255 9.39351e-006
150.5 3.64066e-005
150.505 3.64052e-005
150.75 3.95749e-005
150.755 3.95825e-005
152.25 1.60313e-005
152.4 4.73608e-005
152.5 3.6087e-005
152.75 4.28142e-005
154.1 4.57334e-005
154.25 2.50873e-005
154.4 3.92459e-005
154.45 5.13956e-005
154.5 3.62632e-005
154.75 4.63341e-005
155.105 3.95151e-005
155.155 4.53986e-005
155.255 2.9888e-005
155.405 3.6195e-005
155.455 4.77048e-005
155.505 3.65376e-005
155.755 4.81896e-005
156.1 3.45986e-005
156.15 3.95655e-005
156.25 3.47161e-005
156.4 3.41064e-005
156.45 4.45924e-005
156.5 3.69283e-005
158.1 3.0784e-005
158.15 2.89175e-005
158.25 4.45473e-005
158.35 4.15492e-005
158.4 3.3348e-005
158.45 4.0454e-005
158.5 3.80566e-005
158.6 5.22995e-005
160.1 3.61877e-005
160.105 3.61889e-005
160.15 2.13462e-005
160.155 2.13285e-005
160.255 5.23082e-005
160.35 3.22364e-005
160.355 3.22316e-005
160.4 3.55544e-005
160.405 3.55475e-005
160.45 3.91242e-005
160.455 3.91185e-005
160.505 4.1067e-005
160.6 5.00756e-005
160.605 5.00637e-005
162.1 3.82226e-005
162.15 1.64475e-005
162.25 4.51218e-005
162.35 3.05382e-005
162.4 3.34106e-005
162.45 3.68618e-005
162.5 4.92891e-005
162.6 4.543e-005
164.1 4.30023e-005
164.15 1.79684e-005
164.25 3.79384e-005
164.35 2.93765e-005
164.4 3.2695e-005
164.45 3.46003e-005
164.6 4.10846e-005
165.105 4.61917e-005
165.155 2.09479e-005
165.255 3.43408e-005
165.355 2.90168e-005
165.405 3.29111e-005
165.455 3.34642e-005
165.605 3.90462e-005
166.1 4.97416e-005
166.15 2.47526e-005
166.25 3.07906e-005
166.3 5.17673e-005
166.35 2.88163e-005
166.4 3.3499e-005
166.45 3.23397e-005
166.6 3.71449e-005
168.15 3.37639e-005
168.25 2.37109e-005
168.3 4.03679e-005
168.35 2.88927e-005
168.4 3.57203e-005
168.45 3.00803e-005
168.6 3.37534e-005
168.65 4.53594e-005
170.15 4.25667e-005
170.155 4.25562e-005
170.25 1.64899e-005
170.255 1.64671e-005
170.3 3.25267e-005
170.305 3.25572e-005
170.35 2.92126e-005
170.355 2.92097e-005
170.4 3.8615e-005
170.405 3.86183e-005
170.45 2.781e-005
170.455 2.78071e-005
170.6 3.12e-005
170.605 3.11971e-005
170.65 4.45561e-005
170.655 4.45822e-005
172.15 3.83772e-005
172.25 7.32366e-006
172.3 4.48294e-005
172.35 2.86642e-005
172.4 4.00159e-005
172.45 3.14656e-005
172.6 3.28281e-005
174.1 4.88529e-005
174.15 3.43365e-005
174.25 1.92011e-006
174.35 2.93486e-005
174.4 4.15941e-005
174.45 4.21006e-005
174.6 3.9196e-005
175.105 4.50577e-005
175.155 3.238e-005
175.255 6.49084e-006
175.355 3.01373e-005
175.405 4.24479e-005
175.455 4.87767e-005
175.505 4.91202e-005
175.605 4.35959e-005
176.1 4.15697e-005
176.15 3.05041e-005
176.25 1.10484e-005
176.35 3.11846e-005
176.4 4.33303e-005
176.5 4.53158e-005
178.1 3.56844e-005
178.15 2.69687e-005
178.25 2.02183e-005
178.35 3.39862e-005
178.4 4.52062e-005
178.5 4.26283e-005
180.1 3.21282e-005
180.105 3.21297e-005
180.15 2.3838e-005
180.155 2.38306e-005
180.25 2.60885e-005
180.255 2.60456e-005
180.35 3.57639e-005
180.355 3.57486e-005
180.4 4.48808e-005
180.405 4.48574e-005
180.5 4.61496e-005
180.505 4.61587e-005
180.705 5.19153e-005
182.1 3.27631e-005
182.15 2.41527e-005
182.25 9.84835e-006
182.35 3.11114e-005
182.4 3.65661e-005
184.1 3.34762e-005
184.15 3.01775e-005
184.25 1.18929e-005
184.35 3.0156e-005
184.4 3.15349e-005
185.055 5.25272e-005
185.105 3.38625e-005
185.155 3.45402e-005
185.255 2.00216e-005
185.355 3.12301e-005
185.405 3.07988e-005
186.05 4.90669e-005
186.1 3.42626e-005
186.15 3.9373e-005
186.25 2.85299e-005
186.3 4.93148e-005
186.35 3.32179e-005
186.4 3.14064e-005
186.6 4.84595e-005
188.05 4.22116e-005
188.1 3.51174e-005
188.15 5.00201e-005
188.25 4.5984e-005
188.3 4.27583e-005
188.35 3.93708e-005
188.4 3.62332e-005
190.05 3.57171e-005
190.055 3.57171e-005
190.1 3.59884e-005
190.105 3.59884e-005
190.3 4.26183e-005
190.305 4.26183e-005
190.35 4.59203e-005
190.4 4.26015e-005
190.405 4.26015e-005
190.605 4.36955e-005
192.05 3.57171e-005
192.1 3.59884e-005
192.3 4.26183e-005
192.4 4.26015e-005
192.6 4.36955e-005
194.05 3.57171e-005
194.1 3.59884e-005
194.3 4.26183e-005
194.35 4.59203e-005
194.4 4.26015e-005
194.6 4.36955e-005
195.055 3.57171e-005
195.105 3.59884e-005
195.305 4.26183e-005
195.355 4.59203e-005
195.405 4.26015e-005
195.605 4.36955e-005
196.05 3.57171e-005
196.1 3.59884e-005
196.3 4.26183e-005
196.35 4.59203e-005
196.4 4.26015e-005
196.6 4.36955e-005
198.05 3.57171e-005
198.1 3.59884e-005
198.35 4.59203e-005
198.4 4.26015e-005
198.6 4.36955e-005
200.05 3.57171e-005
200.055 3.57171e-005
200.1 3.59884e-005
200.105 3.59884e-005
200.305 4.26183e-005
200.35 4.59203e-005
200.4 4.26015e-005
200.405 4.26015e-005
200.6 4.36955e-005
202.05 3.57171e-005
202.1 3.59884e-005
202.3 4.26183e-005
202.35 4.59203e-005
202.4 4.26015e-005
202.6 4.36955e-005
204.05 3.57171e-005
204.1 3.59884e-005
204.3 4.26183e-005
204.35 4.59203e-005
204.4 4.26015e-005
204.6 4.36955e-005
205.055 3.57171e-005
205.105 3.59884e-005
205.305 4.26183e-005
205.355 4.59203e-005
205.405 4.26015e-005
205.605 4.36955e-005
206.05 3.57171e-005
206.1 3.59884e-005
206.3 4.26183e-005
208.05 3.57171e-005
208.1 3.59884e-005
208.3 4.26183e-005
208.4 4.26015e-005
208.6 4.36955e-005
210.05 3.57171e-005
210.055 3.57171e-005
210.1 3.59884e-005
210.105 3.59884e-005
210.3 4.26183e-005
210.305 4.26183e-005
210.35 4.59203e-005
210.355 4.59203e-005
210.4 4.26015e-005
210.405 4.26015e-005
210.605 4.36955e-005
212.05 3.57171e-005
212.1 3.59884e-005
212.3 4.26183e-005
212.4 4.26015e-005
212.6 4.36955e-005
214.05 3.57171e-005
214.1 3.59884e-005
214.3 4.26183e-005
214.35 4.59203e-005
214.4 4.26015e-005
214.6 4.36955e-005
215.055 3.57171e-005
215.105 3.59884e-005
215.405 4.26015e-005
215.605 4.36955e-005
216.05 3.57171e-005
216.1 3.59884e-005
216.3 4.26183e-005
216.35 4.59203e-005
216.4 4.26015e-005
216.6 4.36955e-005
218.05 3.57171e-005
218.1 3.59884e-005
218.3 4.26183e-005
218.35 4.59203e-005
218.4 4.26015e-005
218.6 4.36955e-005
220.05 3.57171e-005
220.055 3.57171e-005
220.1 3.59884e-005
220.105 3.59884e-005
220.3 4.26183e-005
220.305 4.26183e-005
220.35 4.59203e-005
220.355 4.59203e-005
220.4 4.26015e-005
220.405 4.26015e-005
220.6 4.36955e-005
220.605 4.36955e-005
222.05 3.57171e-005
222.1 3.59884e-005
222.35 4.59203e-005
222.4 4.26015e-005
222.6 4.36955e-005
224.05 3.57171e-005
224.1 3.59884e-005
224.3 4.26183e-005
224.4 4.26015e-005
224.6 4.36955e-005
225.055 3.57171e-005
225.105 3.59884e-005
225.305 4.26183e-005
225.355 4.59203e-005
225.405 4.26015e-005
226.05 3.57171e-005
226.1 3.59884e-005
226.4 4.26015e-005
226.6 4.36955e-005
228.05 3.57171e-005
228.1 3.59884e-005
228.3 4.26183e-005
228.35 4.59203e-005
228.4 4.26015e-005
230.05 3.57171e-005
230.055 3.57171e-005
230.1 3.59884e-005
230.105 3.59884e-005
230.3 4.26183e-005
230.305 4.26183e-005
230.35 4.59203e-005
230.355 4.59203e-005
230.4 4.26015e-005
230.405 4.26015e-005
230.6 4.36955e-005
230.605 4.36955e-005
232.05 3.57171e-005
232.1 3.59884e-005
232.3 4.26183e-005
232.35 4.59203e-005
232.4 4.26015e-005
232.6 4.36955e-005
234.05 3.57171e-005
234.1 3.59884e-005
234.3 4.26183e-005
234.35 4.59203e-005
234.4 4.26015e-005
234.6 4.36955e-005
235.055 3.57171e-005
235.105 3.59884e-005
235.305 4.26183e-005
235.405 4.26015e-005
235.605 4.36955e-005
236.05 3.57171e-005
236.1 3.59884e-005
236.3 4.26183e-005
236.35 4.59203e-005
236.4 4.26015e-005
236.6 4.36955e-005
238.05 3.57171e-005
238.1 3.59884e-005
238.35 4.59203e-005
238.4 4.26015e-005
238.6 4.36955e-005
240.05 3.57171e-005
240.055 3.57171e-005
240.1 3.59884e-005
240.105 3.59884e-005
240.3 4.26183e-005
240.305 4.26183e-005
240.35 4.59203e-005
240.355 4.59203e-005
240.4 4.26015e-005
240.405 4.26015e-005
240.605 4.36955e-005
242.05 3.57171e-005
242.1 3.59884e-005
242.3 4.26183e-005
242.35 4.59203e-005
242.4 4.26015e-005
244.05 3.57171e-005
244.1 3.59884e-005
244.3 4.26183e-005
244.35 4.59203e-005
244.4 4.26015e-005
244.6 4.36955e-005
245.055 3.57171e-005
245.105 3.59884e-005
245.305 4.26183e-005
245.355 4.59203e-005
245.405 4.26015e-005
245.605 4.36955e-005
246.05 3.57171e-005
246.1 3.59884e-005
246.3 4.26183e-005
246.35 4.59203e-005
246.4 4.26015e-005
246.6 4.36955e-005
248.05 3.57171e-005
248.1 3.59884e-005
248.3 4.26183e-005
248.35 4.59203e-005
248.4 4.26015e-005
248.6 4.36955e-005
250.05 3.57171e-005
250.055 3.57171e-005
250.1 3.59884e-005
250.105 3.59884e-005
250.305 4.26183e-005
250.35 4.59203e-005
250.355 4.59203e-005
250.4 4.26015e-005
250.6 4.36955e-005
250.605 4.36955e-005
252.05 3.57171e-005
252.1 3.59884e-005
252.3 4.26183e-005
252.4 4.26015e-005
252.6 4.36955e-005
254.05 3.57171e-005
254.1 3.59884e-005
254.3 4.26183e-005
254.35 4.59203e-005
254.4 4.26015e-005
254.6 4.36955e-005
255.055 3.57171e-005
255.105 3.59884e-005
255.305 4.26183e-005
255.355 4.59203e-005
255.405 4.26015e-005
255.605 4.36955e-005
256.05 3.57171e-005
256.1 3.59884e-005
256.3 4.26183e-005
256.4 4.26015e-005
256.6 4.36955e-005
258.05 3.57171e-005
258.1 3.59884e-005
258.3 4.26183e-005
258.35 4.59203e-005
258.4 4.26015e-005
258.6 4.36955e-005
260.05 3.57171e-005
260.055 3.57171e-005
260.1 3.59884e-005
260.105 3.59884e-005
260.3 4.26183e-005
260.305 4.26183e-005
260.4 4.26015e-005
260.405 4.26015e-005
260.6 4.36955e-005
260.605 4.36955e-005
262.05 3.57171e-005
262.1 3.59884e-005
262.3 4.26183e-005
262.35 4.59203e-005
262.4 4.26015e-005
264.05 3.57171e-005
264.1 3.59884e-005
264.3 4.26183e-005
264.4 4.26015e-005
264.6 4.36955e-005
265.055 3.57171e-005
265.105 3.59884e-005
265.305 4.26183e-005
265.405 4.26015e-005
265.605 4.36955e-005
266.05 3.57171e-005
266.1 3.59884e-005
266.3 4.26183e-005
266.35 4.59203e-005
266.4 4.26015e-005
266.6 4.36955e-005
268.05 3.57171e-005
268.1 3.59884e-005
268.3 4.26183e-005
268.35 4.59203e-005
268.4 4.26015e-005
268.6 4.36955e-005
270.05 3.57171e-005
270.055 3.57171e-005
270.1 3.59884e-005
270.105 3.59884e-005
270.3 4.26183e-005
270.305 4.26183e-005
270.35 4.59203e-005
270.4 4.26015e-005
270.405 4.26015e-005
270.605 4.36955e-005
272.05 3.57171e-005
272.1 3.59884e-005
272.3 4.26183e-005
272.35 4.59203e-005
272.4 4.26015e-005
272.6 4.36955e-005
274.05 3.57171e-005
274.1 3.59884e-005
274.3 4.26183e-005
274.4 4.26015e-005
274.6 4.36955e-005
275.055 3.57171e-005
275.105 3.59884e-005
275.305 4.26183e-005
275.405 4.26015e-005
275.605 4.36955e-005
276.05 3.57171e-005
276.1 3.59884e-005
276.3 4.26183e-005
276.35 4.59203e-005
276.4 4.26015e-005
276.6 4.36955e-005
278.05 3.57171e-005
278.1 3.59884e-005
278.3 4.26183e-005
278.35 4.59203e-005
278.6 4.36955e-005
280.05 3.57171e-005
280.055 3.57171e-005
280.1 3.59884e-005
280.105 3.59884e-005
280.3 4.26183e-005
280.305 4.26183e-005
280.35 4.59203e-005
280.355 4.59203e-005
280.4 4.26015e-005
280.405 4.26015e-005
280.6 4.36955e-005
280.605 4.36955e-005
282.05 3.57171e-005
282.1 3.59884e-005
282.3 4.26183e-005
282.4 4.26015e-005
282.6 4.36955e-005
284.05 3.57171e-005
284.1 3.59884e-005
284.3 4.26183e-005
284.4 4.26015e-005
284.6 4.36955e-005
285.055 3.57171e-005
285.105 3.59884e-005
285.305 4.26183e-005
285.355 4.59203e-005
285.405 4.26015e-005
285.605 4.36955e-005
286.05 3.57171e-005
286.1 3.59884e-005
286.3 4.26183e-005
286.35 4.59203e-005
286.4 4.26015e-005
286.6 4.36955e-005
288.05 3.57171e-005
288.1 3.59884e-005
288.3 4.26183e-005
288.35 4.59203e-005
288.4 4.26015e-005
290.05 3.57171e-005
290.055 3.57171e-005
290.1 3.59884e-005
290.105 3.59884e-005
290.3 4.26183e-005
290.305 4.26183e-005
290.35 4.59203e-005
290.355 4.59203e-005
290.405 4.26015e-005
290.6 4.36955e-005
290.605 4.36955e-005
292.05 3.57171e-005
292.1 3.59884e-005
292.3 4.26183e-005
292.35 4.59203e-005
292.4 4.26015e-005
294.05 3.57171e-005
294.1 3.59884e-005
294.3 4.26183e-005
294.4 4.26015e-005
295.055 3.57171e-005
295.105 3.59884e-005
295.355 4.59203e-005
295.405 4.26015e-005
296.05 3.57171e-005
296.1 3.59884e-005
296.3 4.26183e-005
296.35 4.59203e-005
296.4 4.26015e-005
296.6 4.36955e-005
298.05 3.57171e-005
298.1 3.59884e-005
298.3 4.26183e-005
298.35 4.59203e-005
298.4 4.26015e-005
298.6 4.36955e-005
300.05 3.57171e-005
300.055 3.57171e-005
300.1 3.59884e-005
300.105 3.59884e-005
300.3 4.26183e-005
300.305 4.26183e-005
300.35 4.59203e-005
300.355 4.59203e-005
300.4 4.26015e-005
300.405 4.26015e-005
300.6 4.36955e-005
300.605 4.36955e-005
302.05 3.57171e-005
302.1 3.59884e-005
302.3 4.26183e-005
302.4 4.26015e-005
302.6 4.36955e-005
304.05 3.57171e-005
304.1 3.59884e-005
304.3 4.26183e-005
304.35 4.59203e-005
304.4 4.26015e-005
304.6 4.36955e-005
305.055 3.57171e-005
305.105 3.59884e-005
305.305 4.26183e-005
305.355 4.59203e-005
305.405 4.26015e-005
305.605 4.36955e-005
306.05 3.57171e-005
306.1 3.59884e-005
306.3 4.26183e-005
306.35 4.59203e-005
306.4 4.26015e-005
306.6 4.36955e-005
308.05 3.57171e-005
308.1 3.59884e-005
308.4 4.26015e-005
308.6 4.36955e-005
310.05 3.57171e-005
310.055 3.57171e-005
310.1 3.59884e-005
310.105 3.59884e-005
310.3 4.26183e-005
310.305 4.26183e-005
310.355 4.59203e-005
310.4 4.26015e-005
310.405 4.26015e-005
310.6 4.36955e-005
310.605 4.36955e-005
312.05 3.57171e-005
312.1 3.59884e-005
312.3 4.26183e-005
312.35 4.59203e-005
312.6 4.36955e-005
314.05 3.57171e-005
314.1 3.59884e-005
314.3 4.26183e-005
314.4 4.26015e-005
314.6 4.36955e-005
315.055 3.57171e-005
315.105 3.59884e-005
315.305 4.26183e-005
315.355 4.59203e-005
315.605 4.36955e-005
316.05 3.57171e-005
316.1 3.59884e-005
316.3 4.26183e-005
316.4 4.26015e-005
318.05 3.57171e-005
318.1 3.59884e-005
318.3 4.26183e-005
318.35 4.59203e-005
318.4 4.26015e-005
318.6 4.36955e-005
320.05 3.57171e-005
320.055 3.57171e-005
320.1 3.59884e-005
320.105 3.59884e-005
320.3 4.26183e-005
320.305 4.26183e-005
320.35 4.59203e-005
320.355 4.59203e-005
320.4 4.26015e-005
320.405 4.26015e-005
320.6 4.36955e-005
320.605 4.36955e-005
322.05 3.57171e-005
322.1 3.59884e-005
322.3 4.26183e-005
322.35 4.59203e-005
322.4 4.26015e-005
322.6 4.36955e-005
324.05 3.57171e-005
324.1 3.59884e-005
324.3 4.26183e-005
324.4 4.26015e-005
324.6 4.36955e-005
325.055 3.57171e-005
325.105 3.59884e-005
325.305 4.26183e-005
325.355 4.59203e-005
325.405 4.26015e-005
325.605 4.36955e-005
326.05 3.57171e-005
326.1 3.59884e-005
326.3 4.26183e-005
326.35 4.59203e-005
326.6 4.36955e-005
328.05 3.57171e-005
328.1 3.59884e-005
328.3 4.26183e-005
328.35 4.59203e-005
328.4 4.26015e-005
328.6 4.36955e-005
330.05 3.57171e-005
330.055 3.57171e-005
330.1 3.59884e-005
330.105 3.59884e-005
330.3 4.26183e-005
330.305 4.26183e-005
330.35 4.59203e-005
330.355 4.59203e-005
330.4 4.26015e-005
330.405 4.26015e-005
330.6 4.36955e-005
332.05 3.57171e-005
332.1 3.59884e-005
332.3 4.26183e-005
332.4 4.26015e-005
332.6 4.36955e-005
334.05 3.57171e-005
334.1 3.59884e-005
334.3 4.26183e-005
334.4 4.26015e-005
334.6 4.36955e-005
335.055 3.57171e-005
335.105 3.59884e-005
335.305 4.26183e-005
335.405 4.26015e-005
336.05 3.57171e-005
336.1 3.59884e-005
336.3 4.26183e-005
336.35 4.59203e-005
336.4 4.26015e-005
336.6 4.36955e-005
338.05 3.57171e-005
338.1 3.59884e-005
338.3 4.26183e-005
338.35 4.59203e-005
338.4 4.26015e-005
340.05 3.57171e-005
340.055 3.57171e-005
340.1 3.59884e-005
340.105 3.59884e-005
340.3 4.26183e-005
340.305 4.26183e-005
340.35 4.59203e-005
340.355 4.59203e-005
340.4 4.26015e-005
340.405 4.26015e-005
340.605 4.36955e-005
342.05 3.57171e-005
342.1 3.59884e-005
342.3 4.26183e-005
342.35 4.59203e-005
342.4 4.26015e-005
342.6 4.36955e-005
344.05 3.57171e-005
344.1 3.59884e-005
344.3 4.26183e-005
344.35 4.59203e-005
344.4 4.26015e-005
344.6 4.36955e-005
345.055 3.57171e-005
345.105 3.59884e-005
345.305 4.26183e-005
345.355 4.59203e-005
345.405 4.26015e-005
345.605 4.36955e-005
346.05 3.57171e-005
346.3 4.26183e-005
346.35 4.59203e-005
346.4 4.26015e-005
346.6 4.36955e-005
348.05 3.57171e-005
348.1 3.59884e-005
348.3 4.26183e-005
348.35 4.59203e-005
348.6 4.36955e-005
350.05 3.57171e-005
350.055 3.57171e-005
350.1 3.59884e-005
350.105 3.59884e-005
350.3 4.26183e-005
350.305 4.26183e-005
350.35 4.59203e-005
350.355 4.59203e-005
350.4 4.26015e-005
350.405 4.26015e-005
350.6 4.36955e-005
350.605 4.36955e-005
352.05 3.57171e-005
352.1 3.59884e-005
352.3 4.26183e-005
352.35 4.59203e-005
352.4 4.26015e-005
352.6 4.36955e-005
354.05 3.57171e-005
354.1 3.59884e-005
354.3 4.26183e-005
354.4 4.26015e-005
354.6 4.36955e-005
355.055 3.57171e-005
355.105 3.59884e-005
355.305 4.26183e-005
355.355 4.59203e-005
355.405 4.26015e-005
355.605 4.36955e-005
356.05 3.57171e-005
356.1 3.59884e-005
356.3 4.26183e-005
356.4 4.26015e-005
356.6 4.36955e-005
358.05 3.57171e-005
358.1 3.59884e-005
358.3 4.26183e-005
358.35 4.59203e-005
358.4 4.26015e-005
358.6 4.36955e-005
360.05 3.57171e-005
360.055 3.57171e-005
360.1 3.59884e-005
360.105 3.59884e-005
360.3 4.26183e-005
360.305 4.26183e-005
360.35 4.59203e-005
360.355 4.59203e-005
360.4 4.26015e-005
360.405 4.26015e-005
360.6 4.36955e-005
360.605 4.36955e-005
362.05 3.57171e-005
362.1 3.59884e-005
362.3 4.26183e-005
362.35 4.59203e-005
362.4 4.26015e-005
362.6 4.36955e-005
364.05 3.57171e-005
364.1 3.59884e-005
364.3 4.26183e-005
364.35 4.59203e-005
364.4 4.26015e-005
364.6 4.36955e-005
365.055 3.57171e-005
365.105 3.59884e-005
365.305 4.26183e-005
365.355 4.59203e-005
365.405 4.26015e-005
365.605 4.36955e-005
366.05 3.57171e-005
366.1 3.59884e-005
366.3 4.26183e-005
366.35 4.59203e-005
366.4 4.26015e-005
368.05 3.57171e-005
368.1 3.59884e-005
368.3 4.26183e-005
368.35 4.59203e-005
368.4 4.26015e-005
368.6 4.36955e-005
370.05 3.57171e-005
370.055 3.57171e-005
370.1 3.59884e-005
370.105 3.59884e-005
370.305 4.26183e-005
370.35 4.59203e-005
370.355 4.59203e-005
370.4 4.26015e-005
370.405 4.26015e-005
370.6 4.36955e-005
370.605 4.36955e-005
372.05 3.57171e-005
372.1 3.59884e-005
372.35 4.59203e-005
372.4 4.26015e-005
372.6 4.36955e-005
374.05 3.57171e-005
374.1 3.59884e-005
374.3 4.26183e-005
374.35 4.59203e-005
374.4 4.26015e-005
374.6 4.36955e-005
375.055 3.57171e-005
375.105 3.59884e-005
375.305 4.26183e-005
375.405 4.26015e-005
375.605 4.36955e-005
376.05 3.57171e-005
376.1 3.59884e-005
376.3 4.26183e-005
376.6 4.36955e-005
378.05 3.57171e-005
378.1 3.59884e-005
378.3 4.26183e-005
378.35 4.59203e-005
378.4 4.26015e-005
378.6 4.36955e-005
380.05 3.57171e-005
380.055 3.57171e-005
380.1 3.59884e-005
380.105 3.59884e-005
380.3 4.26183e-005
380.305 4.26183e-005
380.35 4.59203e-005
380.4 4.26015e-005
380.405 4.26015e-005
380.6 4.36955e-005
380.605 4.36955e-005
382.05 3.57171e-005
382.1 3.59884e-005
382.3 4.26183e-005
382.35 4.59203e-005
382.4 4.26015e-005
382.6 4.36955e-005
384.05 3.57171e-005
384.1 3.59884e-005
384.3 4.26183e-005
384.35 4.59203e-005
384.4 4.26015e-005
384.6 4.36955e-005
385.055 3.57171e-005
385.105 3.59884e-005
385.305 4.26183e-005
385.355 4.59203e-005
385.405 4.26015e-005
385.605 4.36955e-005
386.05 3.57171e-005
386.1 3.59884e-005
386.3 4.26183e-005
386.4 4.26015e-005
386.6 4.36955e-005
388.05 3.57171e-005
388.1 3.59884e-005
388.3 4.26183e-005
388.35 4.59203e-005
388.4 4.26015e-005
388.6 4.36955e-005
390.05 3.57171e-005
390.055 3.57171e-005
390.1 3.59884e-005
390.105 3.59884e-005
390.3 4.26183e-005
390.305 4.26183e-005
390.35 4.59203e-005
390.355 4.59203e-005
390.4 4.26015e-005
390.405 4.26015e-005
390.6 4.36955e-005
390.605 4.36955e-005
392.05 3.57171e-005
392.1 3.59884e-005
392.3 4.26183e-005
392.4 4.26015e-005
392.6 4.36955e-005
394.05 3.57171e-005
394.1 3.59884e-005
394.3 4.26183e-005
394.4 4.26015e-005
394.6 4.36955e-005
395.055 3.57171e-005
395.105 3.59884e-005
395.305 4.26183e-005
395.355 4.59203e-005
395.405 4.26015e-005
395.605 4.36955e-005
396.05 3.57171e-005
396.1 3.59884e-005
396.3 4.26183e-005
396.6 4.36955e-005
398.05 3.57171e-005
398.1 3.59884e-005
398.3 4.26183e-005
398.4 4.26015e-005
398.6 4.36955e-005
400.05 3.57171e-005
400.055 3.57171e-005
400.1 3.59884e-005
400.105 3.59884e-005
400.3 4.26183e-005
400.305 4.26183e-005
400.35 4.59203e-005
400.355 4.59203e-005
400.4 4.26015e-005
400.405 4.26015e-005
400.6 4.36955e-005
400.605 4.36955e-005
402.05 3.57171e-005
402.1 3.59884e-005
402.3 4.26183e-005
402.4 4.26015e-005
404.05 3.57171e-005
404.1 3.59884e-005
404.35 4.59203e-005
404.4 4.26015e-005
404.6 4.36955e-005
405.055 3.57171e-005
405.105 3.59884e-005
405.305 4.26183e-005
405.355 4.59203e-005
405.605 4.36955e-005
406.05 3.57171e-005
406.1 3.59884e-005
406.3 4.26183e-005
406.35 4.59203e-005
406.4 4.26015e-005
406.6 4.36955e-005
408.05 3.57171e-005
408.1 3.59884e-005
408.3 4.26183e-005
408.35 4.59203e-005
408.4 4.26015e-005
408.6 4.36955e-005
410.05 3.57171e-005
410.055 3.57171e-005
410.1 3.59884e-005
410.105 3.59884e-005
410.3 4.26183e-005
410.305 4.26183e-005
410.35 4.59203e-005
410.355 4.59203e-005
410.4 4.26015e-005
410.405 4.26015e-005
410.6 4.36955e-005
410.605 4.36955e-005
412.05 3.57171e-005
412.1 3.59884e-005
412.3 4.26183e-005
412.35 4.59203e-005
412.4 4.26015e-005
412.6 4.36955e-005
414.05 3.57171e-005
414.1 3.59884e-005
414.4 4.26015e-005
415.055 3.57171e-005
415.105 3.59884e-005
415.305 4.26183e-005
415.355 4.59203e-005
415.405 4.26015e-005
415.605 4.36955e-005
416.05 3.57171e-005
416.1 3.59884e-005
416.3 4.26183e-005
416.4 4.26015e-005
418.05 3.57171e-005
418.1 3.59884e-005
418.3 4.26183e-005
418.35 4.59203e-005
418.4 4.26015e-005
418.6 4.36955e-005
420.05 3.57171e-005
420.055 3.57171e-005
420.1 3.59884e-005
420.105 3.59884e-005
420.3 4.26183e-005
420.305 4.26183e-005
420.355 4.59203e-005
420.4 4.26015e-005
420.405 4.26015e-005
420.6 4.36955e-005
420.605 4.36955e-005
422.05 3.57171e-005
422.1 3.59884e-005
422.3 4.26183e-005
422.35 4.59203e-005
422.4 4.26015e-005
422.6 4.36955e-005
424.05 3.57171e-005
424.1 3.59884e-005
424.3 4.26183e-005
424.35 4.59203e-005
424.4 4.26015e-005
424.6 4.36955e-005
425.055 3.57171e-005
425.105 3.59884e-005
425.305 4.26183e-005
425.355 4.59203e-005
425.405 4.26015e-005
425.605 4.36955e-005
426.05 3.57171e-005
426.1 3.59884e-005
426.3 4.26183e-005
426.35 4.59203e-005
426.4 4.26015e-005
428.05 3.57171e-005
428.1 3.59884e-005
428.3 4.26183e-005
428.4 4.26015e-005
430.05 3.57171e-005
430.055 3.57171e-005
430.1 3.59884e-005
430.105 3.59884e-005
430.305 4.26183e-005
430.35 4.59203e-005
430.355 4.59203e-005
430.4 4.26015e-005
430.405 4.26015e-005
430.6 4.36955e-005
430.605 4.36955e-005
432.05 3.57171e-005
432.1 3.59884e-005
432.3 4.26183e-005
432.35 4.59203e-005
432.4 4.26015e-005
434.05 3.57171e-005
434.1 3.59884e-005
434.3 4.26183e-005
434.35 4.59203e-005
434.4 4.26015e-005
435.055 3.57171e-005
435.105 3.59884e-005
435.305 4.26183e-005
435.355 4.59203e-005
435.405 4.26015e-005
435.605 4.36955e-005
436.05 3.57171e-005
436.1 3.59884e-005
436.3 4.26183e-005
436.4 4.26015e-005
438.05 3.57171e-005
438.1 3.59884e-005
438.3 4.26183e-005
438.35 4.59203e-005
438.4 4.26015e-005
438.6 4.36955e-005
440.05 3.57171e-005
440.055 3.57171e-005
440.1 3.59884e-005
440.105 3.59884e-005
440.3 4.26183e-005
440.305 4.26183e-005
440.35 4.59203e-005
440.355 4.59203e-005
440.4 4.26015e-005
440.405 4.26015e-005
440.6 4.36955e-005
442.05 3.57171e-005
442.1 3.59884e-005
442.3 4.26183e-005
442.35 4.59203e-005
442.4 4.26015e-005
442.6 4.36955e-005
444.05 3.57171e-005
444.1 3.59884e-005
444.3 4.26183e-005
444.4 4.26015e-005
444.6 4.36955e-005
445.055 3.57171e-005
445.105 3.59884e-005
445.305 4.26183e-005
445.355 4.59203e-005
445.405 4.26015e-005
445.605 4.36955e-005
446.05 3.57171e-005
446.1 3.59884e-005
446.3 4.26183e-005
446.35 4.59203e-005
446.4 4.26015e-005
446.6 4.36955e-005
448.05 3.57171e-005
448.1 3.59884e-005
448.3 4.26183e-005
448.4 4.26015e-005
448.6 4.36955e-005
450.05 3.57171e-005
450.055 3.57171e-005
450.1 3.59884e-005
450.105 3.59884e-005
450.3 4.26183e-005
450.305 4.26183e-005
450.35 4.59203e-005
450.355 4.59203e-005
450.4 4.26015e-005
450.405 4.26015e-005
450.6 4.36955e-005
450.605 4.36955e-005
452.05 3.57171e-005
452.1 3.59884e-005
452.35 4.59203e-005
452.4 4.26015e-005
452.6 4.36955e-005
454.05 3.57171e-005
454.1 3.59884e-005
454.3 4.26183e-005
454.35 4.59203e-005
454.4 4.26015e-005
454.6 4.36955e-005
455.055 3.57171e-005
455.105 3.59884e-005
455.305 4.26183e-005
455.355 4.59203e-005
455.405 4.26015e-005
455.605 4.36955e-005
456.05 3.57171e-005
456.1 3.59884e-005
456.3 4.26183e-005
458.05 3.57171e-005
458.1 3.59884e-005
458.3 4.26183e-005
458.6 4.36955e-005
460.05 3.57171e-005
460.055 3.57171e-005
460.1 3.59884e-005
460.105 3.59884e-005
460.3 4.26183e-005
460.305 4.26183e-005
460.35 4.59203e-005
460.355 4.59203e-005
460.4 4.26015e-005
460.405 4.26015e-005
460.6 4.36955e-005
460.605 4.36955e-005
462.05 3.57171e-005
462.1 3.59884e-005
462.3 4.26183e-005
462.35 4.59203e-005
462.4 4.26015e-005
464.05 3.57171e-005
464.1 3.59884e-005
464.3 4.26183e-005
464.35 4.59203e-005
464.4 4.26015e-005
464.6 4.36955e-005
465.055 3.57171e-005
465.105 3.59884e-005
465.305 4.26183e-005
465.405 4.26015e-005
466.05 3.57171e-005
466.1 3.59884e-005
466.3 4.26183e-005
466.35 4.59203e-005
466.6 4.36955e-005
468.05 3.57171e-005
468.1 3.59884e-005
468.3 4.26183e-005
468.35 4.59203e-005
468.4 4.26015e-005
468.6 4.36955e-005
470.05 3.57171e-005
470.055 3.57171e-005
470.1 3.59884e-005
470.105 3.59884e-005
470.3 4.26183e-005
470.305 4.26183e-005
470.4 4.26015e-005
470.405 4.26015e-005
470.605 4.36955e-005
472.05 3.57171e-005
472.1 3.59884e-005
472.3 4.26183e-005
472.35 4.59203e-005
472.4 4.26015e-005
472.6 4.36955e-005
474.05 3.57171e-005
474.1 3.59884e-005
474.3 4.26183e-005
474.35 4.59203e-005
474.4 4.26015e-005
474.6 4.36955e-005
475.055 3.57171e-005
475.105 3.59884e-005
475.305 4.26183e-005
475.355 4.59203e-005
475.405 4.26015e-005
475.605 4.36955e-005
476.05 3.57171e-005
476.1 3.59884e-005
476.3 4.26183e-005
476.35 4.59203e-005
476.4 4.26015e-005
476.6 4.36955e-005
478.05 3.57171e-005
478.1 3.59884e-005
478.3 4.26183e-005
478.35 4.59203e-005
478.4 4.26015e-005
478.6 4.36955e-005
480.05 3.57171e-005
480.055 3.57171e-005
480.1 3.59884e-005
480.105 3.59884e-005
480.3 4.26183e-005
480.305 4.26183e-005
480.355 4.59203e-005
480.4 4.26015e-005
480.405 4.26015e-005
480.605 4.36955e-005
482.05 3.57171e-005
482.1 3.59884e-005
482.3 4.26183e-005
482.4 4.26015e-005
482.6 4.36955e-005
484.05 3.57171e-005
484.1 3.59884e-005
484.3 4.26183e-005
484.35 4.59203e-005
484.4 4.26015e-005
484.6 4.36955e-005
485.055 3.57171e-005
485.105 3.59884e-005
485.305 4.26183e-005
485.355 4.59203e-005
485.605 4.36955e-005
486.05 3.57171e-005
486.1 3.59884e-005
486.3 4.26183e-005
486.4 4.26015e-005
486.6 4.36955e-005
488.05 3.57171e-005
488.1 3.59884e-005
488.3 4.26183e-005
488.35 4.59203e-005
488.4 4.26015e-005
488.6 4.36955e-005
490.05 3.57171e-005
490.055 3.57171e-005
490.1 3.59884e-005
490.105 3.59884e-005
490.305 4.26183e-005
490.35 4.59203e-005
490.355 4.59203e-005
490.4 4.26015e-005
490.405 4.26015e-005
490.6 4.36955e-005
490.605 4.36955e-005
492.05 3.57171e-005
492.1 3.59884e-005
492.3 4.26183e-005
492.35 4.59203e-005
492.4 4.26015e-005
492.6 4.36955e-005
494.05 3.57171e-005
494.1 3.59884e-005
494.3 4.26183e-005
494.35 4.59203e-005
494.4 4.26015e-005
495.055 3.57171e-005
495.105 3.59884e-005
495.405 4.26015e-005
495.605 4.36955e-005
496.05 3.57171e-005
496.1 3.59884e-005
496.3 4.26183e-005
496.4 4.26015e-005
496.6 4.36955e-005
498.05 3.57171e-005
498.1 3.59884e-005
498.3 4.26183e-005
498.35 4.59203e-005
498.4 4.26015e-005
498.6 4.36955e-005
500.05 3.57171e-005
500.055 3.57171e-005
500.1 3.59884e-005
500.105 3.59884e-005
500.3 4.26183e-005
500.305 4.26183e-005
500.355 4.59203e-005
500.405 4.26015e-005
500.6 4.36955e-005
500.605 4.36955e-005
502.05 3.57171e-005
502.1 3.59884e-005
502.3 4.26183e-005
502.35 4.59203e-005
502.4 4.26015e-005
504.05 3.57171e-005
504.1 3.59884e-005
504.3 4.26183e-005
504.35 4.59203e-005
504.4 4.26015e-005
504.6 4.36955e-005
505.055 3.57171e-005
505.105 3.59884e-005
505.305 4.26183e-005
505.355 4.59203e-005
505.405 4.26015e-005
505.605 4.36955e-005
506.05 3.57171e-005
506.1 3.59884e-005
506.3 4.26183e-005
506.4 4.26015e-005
506.6 4.36955e-005
508.05 3.57171e-005
508.1 3.59884e-005
508.3 4.26183e-005
508.35 4.59203e-005
508.4 4.26015e-005
508.6 4.36955e-005
510.05 3.57171e-005
510.055 3.57171e-005
510.1 3.59884e-005
510.105 3.59884e-005
510.3 4.26183e-005
510.305 4.26183e-005
510.35 4.59203e-005
510.355 4.59203e-005
510.4 4.26015e-005
510.405 4.26015e-005
510.6 4.36955e-005
510.605 4.36955e-005
512.05 3.57171e-005
512.1 3.59884e-005
512.35 4.59203e-005
512.4 4.26015e-005
512.6 4.36955e-005
514.05 3.57171e-005
514.1 3.59884e-005
514.3 4.26183e-005
514.4 4.26015e-005
514.6 4.36955e-005
515.055 3.57171e-005
515.105 3.59884e-005
515.355 4.59203e-005
515.405 4.26015e-005
516.05 3.57171e-005
516.1 3.59884e-005
516.3 4.26183e-005
516.35 4.59203e-005
516.4 4.26015e-005
516.6 4.36955e-005
518.05 3.57171e-005
518.1 3.59884e-005
518.3 4.26183e-005
518.35 4.59203e-005
518.4 4.26015e-005
518.6 4.36955e-005
520.05 3.57171e-005
520.055 3.57171e-005
520.1 3.59884e-005
520.105 3.59884e-005
520.3 4.26183e-005
520.305 4.26183e-005
520.35 4.59203e-005
520.355 4.59203e-005
520.4 4.26015e-005
520.405 4.26015e-005
520.6 4.36955e-005
520.605 4.36955e-005
522.05 3.57171e-005
522.1 3.59884e-005
522.35 4.59203e-005
522.4 4.26015e-005
522.6 4.36955e-005
524.05 3.57171e-005
524.1 3.59884e-005
524.4 4.26015e-005
524.6 4.36955e-005
525.055 3.57171e-005
525.105 3.59884e-005
525.305 4.26183e-005
525.355 4.59203e-005
525.405 4.26015e-005
525.605 4.36955e-005
526.05 3.57171e-005
526.1 3.59884e-005
526.3 4.26183e-005
526.35 4.59203e-005
526.4 4.26015e-005
526.6 4.36955e-005
528.05 3.57171e-005
528.1 3.59884e-005
528.3 4.26183e-005
528.4 4.26015e-005
528.6 4.36955e-005
530.05 3.57171e-005
530.055 3.57171e-005
530.1 3.59884e-005
530.105 3.59884e-005
530.3 4.26183e-005
530.305 4.26183e-005
530.35 4.59203e-005
530.355 4.59203e-005
530.4 4.26015e-005
530.405 4.26015e-005
530.6 4.36955e-005
530.605 4.36955e-005
532.05 3.57171e-005
532.1 3.59884e-005
532.3 4.26183e-005
532.35 4.59203e-005
532.4 4.26015e-005
534.05 3.57171e-005
534.1 3.59884e-005
534.3 4.26183e-005
534.4 4.26015e-005
534.6 4.36955e-005
535.055 3.57171e-005
535.105 3.59884e-005
535.305 4.26183e-005
535.355 4.59203e-005
535.405 4.26015e-005
535.605 4.36955e-005
536.05 3.57171e-005
536.1 3.59884e-005
536.3 4.26183e-005
536.4 4.26015e-005
538.05 3.57171e-005
538.1 3.59884e-005
538.3 4.26183e-005
538.4 4.26015e-005
538.6 4.36955e-005
540.05 3.57171e-005
540.055 3.57171e-005
540.1 3.59884e-005
540.105 3.59884e-005
540.3 4.26183e-005
540.305 4.26183e-005
540.35 4.59203e-005
540.355 4.59203e-005
540.4 4.26015e-005
540.405 4.26015e-005
540.605 4.36955e-005
542.05 3.57171e-005
542.1 3.59884e-005
542.3 4.26183e-005
542.4 4.26015e-005
542.6 4.36955e-005
544.05 3.57171e-005
544.1 3.59884e-005
544.3 4.26183e-005
544.35 4.59203e-005
544.4 4.26015e-005
544.6 4.36955e-005
545.055 3.57171e-005
545.105 3.59884e-005
545.305 4.26183e-005
545.355 4.59203e-005
545.405 4.26015e-005
545.605 4.36955e-005
546.05 3.57171e-005
546.1 3.59884e-005
546.3 4.26183e-005
546.6 4.36955e-005
548.05 3.57171e-005
548.1 3.59884e-005
548.3 4.26183e-005
548.35 4.59203e-005
548.4 4.26015e-005
550.05 3.57171e-005
550.055 3.57171e-005
550.1 3.59884e-005
550.105 3.59884e-005
550.3 4.26183e-005
550.305 4.26183e-005
550.35 4.59203e-005
550.355 4.59203e-005
550.4 4.26015e-005
550.405 4.26015e-005
550.6 4.36955e-005
550.605 4.36955e-005
552.05 3.57171e-005
552.1 3.59884e-005
552.3 4.26183e-005
552.35 4.59203e-005
552.4 4.26015e-005
552.6 4.36955e-005
554.05 3.57171e-005
554.1 3.59884e-005
554.3 4.26183e-005
554.35 4.59203e-005
555.055 3.57171e-005
555.105 3.59884e-005
555.305 4.26183e-005
555.355 4.59203e-005
555.405 4.26015e-005
555.605 4.36955e-005
556.05 3.57171e-005
556.1 3.59884e-005
556.3 4.26183e-005
556.4 4.26015e-005
558.05 3.57171e-005
558.1 3.59884e-005
558.35 4.59203e-005
558.4 4.26015e-005
558.6 4.36955e-005
560.05 3.57171e-005
560.055 3.57171e-005
560.1 3.59884e-005
560.105 3.59884e-005
560.305 4.26183e-005
560.35 4.59203e-005
560.355 4.59203e-005
560.4 4.26015e-005
560.405 4.26015e-005
560.6 4.36955e-005
560.605 4.36955e-005
562.05 3.57171e-005
562.1 3.59884e-005
562.3 4.26183e-005
562.4 4.26015e-005
562.6 4.36955e-005
564.05 3.57171e-005
564.1 3.59884e-005
564.3 4.26183e-005
564.35 4.59203e-005
564.4 4.26015e-005
564.6 4.36955e-005
565.055 3.57171e-005
565.105 3.59884e-005
565.305 4.26183e-005
565.355 4.59203e-005
565.405 4.26015e-005
565.605 4.36955e-005
566.05 3.57171e-005
566.1 3.59884e-005
566.3 4.26183e-005
566.4 4.26015e-005
566.6 4.36955e-005
568.05 3.57171e-005
568.1 3.59884e-005
568.3 4.26183e-005
568.35 4.59203e-005
568.4 4.26015e-005
568.6 4.36955e-005
570.05 3.57171e-005
570.055 3.57171e-005
570.1 3.59884e-005
570.105 3.59884e-005
570.305 4.26183e-005
570.35 4.59203e-005
570.355 4.59203e-005
570.405 4.26015e-005
570.6 4.36955e-005
570.605 4.36955e-005
572.05 3.57171e-005
572.1 3.59884e-005
572.3 4.26183e-005
572.35 4.59203e-005
572.4 4.26015e-005
572.6 4.36955e-005
574.05 3.57171e-005
574.1 3.59884e-005
574.3 4.26183e-005
574.35 4.59203e-005
574.4 4.26015e-005
574.6 4.36955e-005
575.055 3.57171e-005
575.105 3.59884e-005
575.305 4.26183e-005
575.355 4.59203e-005
575.405 4.26015e-005
575.605 4.36955e-005
576.05 3.57171e-005
576.1 3.59884e-005
576.3 4.26183e-005
576.35 4.59203e-005
576.4 4.26015e-005
578.05 3.57171e-005
578.1 3.59884e-005
578.3 4.26183e-005
578.35 4.59203e-005
578.4 4.26015e-005
578.6 4.36955e-005
580.05 3.57171e-005
580.055 3.57171e-005
580.1 3.59884e-005
580.105 3.59884e-005
580.3 4.26183e-005
580.305 4.26183e-005
580.35 4.59203e-005
580.355 4.59203e-005
580.4 4.26015e-005
580.405 4.26015e-005
580.6 4.36955e-005
580.605 4.36955e-005
582.05 3.57171e-005
582.1 3.59884e-005
582.35 4.59203e-005
582.4 4.26015e-005
582.6 4.36955e-005
584.05 3.57171e-005
584.1 3.59884e-005
584.3 4.26183e-005
584.35 4.59203e-005
584.4 4.26015e-005
585.055 3.57171e-005
585.105 3.59884e-005
585.305 4.26183e-005
585.405 4.26015e-005
585.605 4.36955e-005
586.05 3.57171e-005
586.1 3.59884e-005
586.4 4.26015e-005
588.05 3.57171e-005
588.1 3.59884e-005
588.3 4.26183e-005
588.35 4.59203e-005
588.4 4.26015e-005
588.6 4.36955e-005
590.05 3.57171e-005
590.055 3.57171e-005
590.1 3.59884e-005
590.105 3.59884e-005
590.305 4.26183e-005
590.355 4.59203e-005
590.4 4.26015e-005
590.405 4.26015e-005
590.6 4.36955e-005
590.605 4.36955e-005
592.05 3.57171e-005
592.1 3.59884e-005
592.3 4.26183e-005
592.35 4.59203e-005
592.4 4.26015e-005
592.6 4.36955e-005
594.05 3.57171e-005
594.1 3.59884e-005
594.3 4.26183e-005
594.35 4.59203e-005
594.4 4.26015e-005
594.6 4.36955e-005
595.055 3.57171e-005
595.105 3.59884e-005
595.305 4.26183e-005
595.355 4.59203e-005
595.405 4.26015e-005
595.605 4.36955e-005
596.05 3.57171e-005
596.1 3.59884e-005
596.3 4.26183e-005
596.4 4.26015e-005
596.6 4.36955e-005
598.05 3.57171e-005
598.1 3.59884e-005
598.3 4.26183e-005
598.35 4.59203e-005
598.4 4.26015e-005
598.6 4.36955e-005
600.05 3.57171e-005
600.055 3.57171e-005
600.1 3.59884e-005
600.105 3.59884e-005
600.3 4.26183e-005
600.305 4.26183e-005
600.35 4.59203e-005
600.355 4.59203e-005
600.4 4.26015e-005
600.405 4.26015e-005
600.6 4.36955e-005
600.605 4.36955e-005
602.05 3.57171e-005
602.1 3.59884e-005
602.35 4.59203e-005
602.4 4.26015e-005
604.05 3.57171e-005
604.1 3.59884e-005
604.3 4.26183e-005
604.35 4.59203e-005
604.4 4.26015e-005
604.6 4.36955e-005
605.055 3.57171e-005
605.105 3.59884e-005
605.305 4.26183e-005
605.355 4.59203e-005
605.605 4.36955e-005
606.05 3.57171e-005
606.1 3.59884e-005
606.3 4.26183e-005
606.35 4.59203e-005
606.4 4.26015e-005
606.6 4.36955e-005
608.05 3.57171e-005
608.1 3.59884e-005
608.3 4.26183e-005
608.35 4.59203e-005
608.4 4.26015e-005
608.6 4.36955e-005
610.05 3.57171e-005
610.055 3.57171e-005
610.1 3.59884e-005
610.105 3.59884e-005
610.3 4.26183e-005
610.305 4.26183e-005
610.35 4.59203e-005
610.355 4.59203e-005
610.4 4.26015e-005
610.405 4.26015e-005
610.6 4.36955e-005
610.605 4.36955e-005
612.05 3.57171e-005
612.1 3.59884e-005
612.3 4.26183e-005
612.35 4.59203e-005
612.4 4.26015e-005
612.6 4.36955e-005
614.1 3.59884e-005
614.3 4.26183e-005
614.35 4.59203e-005
614.4 4.26015e-005
614.6 4.36955e-005
615.055 3.57171e-005
615.105 3.59884e-005
615.305 4.26183e-005
615.355 4.59203e-005
615.405 4.26015e-005
615.605 4.36955e-005
616.05 3.57171e-005
616.1 3.59884e-005
616.3 4.26183e-005
616.35 4.59203e-005
616.4 4.26015e-005
618.05 3.57171e-005
618.1 3.59884e-005
618.35 4.59203e-005
618.4 4.26015e-005
618.6 4.36955e-005
620.05 3.57171e-005
620.055 3.57171e-005
620.1 3.59884e-005
620.105 3.59884e-005
620.3 4.26183e-005
620.305 4.26183e-005
620.35 4.59203e-005
620.355 4.59203e-005
620.4 4.26015e-005
620.405 4.26015e-005
620.6 4.36955e-005
620.605 4.36955e-005
622.05 3.57171e-005
622.1 3.59884e-005
622.3 4.26183e-005
622.35 4.59203e-005
622.4 4.26015e-005
624.05 3.57171e-005
624.1 3.59884e-005
624.3 4.26183e-005
624.4 4.26015e-005
624.6 4.36955e-005
625.055 3.57171e-005
625.105 3.59884e-005
625.305 4.26183e-005
625.355 4.59203e-005
625.405 4.26015e-005
625.605 4.36955e-005
626.05 3.57171e-005
626.1 3.59884e-005
626.3 4.26183e-005
626.35 4.59203e-005
626.4 4.26015e-005
626.6 4.36955e-005
628.05 3.57171e-005
628.1 3.59884e-005
628.3 4.26183e-005
628.35 4.59203e-005
628.4 4.26015e-005
628.6 4.36955e-005
630.05 3.57171e-005
630.055 3.57171e-005
630.1 3.59884e-005
630.105 3.59884e-005
630.3 4.26183e-005
630.305 4.26183e-005
630.35 4.59203e-005
630.355 4.59203e-005
630.4 4.26015e-005
630.405 4.26015e-005
630.6 4.36955e-005
630.605 4.36955e-005
632.05 3.57171e-005
632.1 3.59884e-005
632.3 4.26183e-005
632.4 4.26015e-005
632.6 4.36955e-005
634.05 3.57171e-005
634.1 3.59884e-005
634.3 4.26183e-005
634.4 4.26015e-005
635.055 3.57171e-005
635.105 3.59884e-005
635.305 4.26183e-005
635.355 4.59203e-005
635.405 4.26015e-005
635.605 4.36955e-005
636.05 3.57171e-005
636.1 3.59884e-005
636.3 4.26183e-005
636.35 4.59203e-005
636.4 4.26015e-005
636.6 4.36955e-005
638.05 3.57171e-005
638.1 3.59884e-005
638.3 4.26183e-005
638.35 4.59203e-005
638.4 4.26015e-005
638.6 4.36955e-005
640.05 3.57171e-005
640.055 3.57171e-005
640.1 3.59884e-005
640.105 3.59884e-005
640.3 4.26183e-005
640.305 4.26183e-005
640.35 4.59203e-005
640.355 4.59203e-005
640.405 4.26015e-005
640.6 4.36955e-005
640.605 4.36955e-005
642.05 3.57171e-005
642.1 3.59884e-005
642.3 4.26183e-005
642.35 4.59203e-005
642.4 4.26015e-005
642.6 4.36955e-005
644.05 3.57171e-005
644.1 3.59884e-005
644.3 4.26183e-005
644.4 4.26015e-005
644.6 4.36955e-005
645.055 3.57171e-005
645.105 3.59884e-005
645.305 4.26183e-005
645.405 4.26015e-005
645.605 4.36955e-005
646.05 3.57171e-005
646.1 3.59884e-005
646.3 4.26183e-005
646.35 4.59203e-005
646.4 4.26015e-005
648.05 3.57171e-005
648.1 3.59884e-005
648.3 4.26183e-005
648.35 4.59203e-005
648.4 4.26015e-005
648.6 4.36955e-005
650.05 3.57171e-005
650.055 3.57171e-005
650.1 3.59884e-005
650.105 3.59884e-005
650.3 4.26183e-005
650.305 4.26183e-005
650.35 4.59203e-005
650.355 4.59203e-005
650.4 4.26015e-005
650.405 4.26015e-005
650.6 4.36955e-005
650.605 4.36955e-005
652.05 3.57171e-005
652.1 3.59884e-005
652.3 4.26183e-005
652.4 4.26015e-005
652.6 4.36955e-005
654.05 3.57171e-005
654.1 3.59884e-005
654.3 4.26183e-005
654.35 4.59203e-005
654.4 4.26015e-005
654.6 4.36955e-005
655.055 3.57171e-005
655.105 3.59884e-005
655.305 4.26183e-005
655.355 4.59203e-005
655.605 4.36955e-005
656.05 3.57171e-005
656.1 3.59884e-005
656.3 4.26183e-005
656.4 4.26015e-005
656.6 4.36955e-005
658.05 3.57171e-005
658.1 3.59884e-005
658.3 4.26183e-005
658.4 4.26015e-005
660.05 3.57171e-005
660.055 3.57171e-005
660.1 3.59884e-005
660.105 3.59884e-005
660.305 4.26183e-005
660.4 4.26015e-005
660.405 4.26015e-005
660.6 4.36955e-005
662.05 3.57171e-005
662.1 3.59884e-005
662.3 4.26183e-005
662.35 4.59203e-005
662.4 4.26015e-005
664.05 3.57171e-005
664.1 3.59884e-005
664.3 4.26183e-005
664.4 4.26015e-005
664.6 4.36955e-005
665.055 3.57171e-005
665.105 3.59884e-005
665.305 4.26183e-005
665.355 4.59203e-005
665.405 4.26015e-005
665.605 4.36955e-005
666.05 3.57171e-005
666.1 3.59884e-005
666.3 4.26183e-005
666.4 4.26015e-005
668.05 3.57171e-005
668.1 3.59884e-005
668.3 4.26183e-005
668.35 4.59203e-005
668.4 4.26015e-005
668.6 4.36955e-005
670.05 3.57171e-005
670.055 3.57171e-005
670.1 3.59884e-005
670.105 3.59884e-005
670.3 4.26183e-005
670.305 4.26183e-005
670.35 4.59203e-005
670.355 4.59203e-005
670.405 4.26015e-005
670.6 4.36955e-005
670.605 4.36955e-005
672.05 3.57171e-005
672.1 3.59884e-005
672.3 4.26183e-005
672.35 4.59203e-005
672.4 4.26015e-005
672.6 4.36955e-005
674.05 3.57171e-005
674.1 3.59884e-005
674.4 4.26015e-005
674.6 4.36955e-005
675.055 3.57171e-005
675.105 3.59884e-005
675.305 4.26183e-005
675.355 4.59203e-005
675.405 4.26015e-005
675.605 4.36955e-005
676.05 3.57171e-005
676.1 3.59884e-005
676.3 4.26183e-005
676.4 4.26015e-005
678.05 3.57171e-005
678.1 3.59884e-005
678.3 4.26183e-005
678.35 4.59203e-005
678.4 4.26015e-005
680.05 3.57171e-005
680.055 3.57171e-005
680.1 3.59884e-005
680.105 3.59884e-005
680.3 4.26183e-005
680.305 4.26183e-005
680.35 4.59203e-005
680.355 4.59203e-005
680.4 4.26015e-005
680.405 4.26015e-005
680.6 4.36955e-005
680.605 4.36955e-005
682.05 3.57171e-005
682.1 3.59884e-005
682.3 4.26183e-005
682.4 4.26015e-005
682.6 4.36955e-005
684.05 3.57171e-005
684.1 3.59884e-005
684.3 4.26183e-005
684.35 4.59203e-005
684.4 4.26015e-005
684.6 4.36955e-005
685.055 3.57171e-005
685.105 3.59884e-005
685.305 4.26183e-005
685.355 4.59203e-005
685.405 4.26015e-005
685.605 4.36955e-005
686.05 3.57171e-005
686.1 3.59884e-005
686.3 4.26183e-005
686.35 4.59203e-005
686.6 4.36955e-005
688.05 3.57171e-005
688.1 3.59884e-005
688.3 4.26183e-005
688.4 4.26015e-005
688.6 4.36955e-005
690.05 3.57171e-005
690.055 3.57171e-005
690.1 3.59884e-005
690.105 3.59884e-005
690.3 4.26183e-005
690.305 4.26183e-005
690.35 4.59203e-005
690.355 4.59203e-005
690.4 4.26015e-005
690.405 4.26015e-005
690.6 4.36955e-005
690.605 4.36955e-005
692.05 3.57171e-005
692.1 3.59884e-005
692.3 4.26183e-005
692.35 4.59203e-005
692.4 4.26015e-005
692.6 4.36955e-005
694.05 3.57171e-005
694.1 3.59884e-005
694.3 4.26183e-005
694.4 4.26015e-005
694.6 4.36955e-005
695.055 3.57171e-005
695.105 3.59884e-005
695.355 4.59203e-005
695.405 4.26015e-005
695.605 4.36955e-005
696.05 3.57171e-005
696.1 3.59884e-005
696.3 4.26183e-005
696.35 4.59203e-005
696.4 4.26015e-005
696.6 4.36955e-005
698.05 3.57171e-005
698.1 3.59884e-005
698.3 4.26183e-005
698.35 4.59203e-005
698.4 4.26015e-005
698.6 4.36955e-005
700.05 3.57171e-005
700.055 3.57171e-005
700.1 3.59884e-005
700.105 3.59884e-005
700.3 4.26183e-005
700.305 4.26183e-005
700.355 4.59203e-005
700.4 4.26015e-005
700.405 4.26015e-005
700.6 4.36955e-005
700.605 4.36955e-005
702.05 3.57171e-005
702.1 3.59884e-005
702.3 4.26183e-005
702.4 4.26015e-005
702.6 4.36955e-005
704.05 3.57171e-005
704.1 3.59884e-005
704.3 4.26183e-005
704.35 4.59203e-005
704.4 4.26015e-005
704.6 4.36955e-005
705.055 3.57171e-005
705.105 3.59884e-005
705.305 4.26183e-005
705.355 4.59203e-005
705.405 4.26015e-005
706.05 3.57171e-005
706.1 3.59884e-005
706.3 4.26183e-005
706.35 4.59203e-005
706.4 4.26015e-005
706.6 4.36955e-005
708.05 3.57171e-005
708.1 3.59884e-005
708.3 4.26183e-005
708.35 4.59203e-005
708.4 4.26015e-005
708.6 4.36955e-005
710.05 3.57171e-005
710.055 3.57171e-005
710.1 3.59884e-005
710.105 3.59884e-005
710.3 4.26183e-005
710.305 4.26183e-005
710.35 4.59203e-005
710.355 4.59203e-005
710.4 4.26015e-005
710.405 4.26015e-005
710.6 4.36955e-005
710.605 4.36955e-005
712.05 3.57171e-005
712.1 3.59884e-005
712.3 4.26183e-005
712.35 4.59203e-005
712.6 4.36955e-005
714.05 3.57171e-005
714.1 3.59884e-005
714.3 4.26183e-005
714.35 4.59203e-005
714.6 4.36955e-005
715.055 3.57171e-005
715.105 3.59884e-005
715.305 4.26183e-005
715.405 4.26015e-005
715.605 4.36955e-005
716.05 3.57171e-005
716.1 3.59884e-005
716.3 4.26183e-005
716.6 4.36955e-005
718.05 3.57171e-005
718.1 3.59884e-005
718.3 4.26183e-005
718.35 4.59203e-005
718.4 4.26015e-005
718.6 4.36955e-005
720.05 3.57171e-005
720.055 3.57171e-005
720.1 3.59884e-005
720.105 3.59884e-005
720.3 4.26183e-005
720.305 4.26183e-005
720.35 4.59203e-005
720.355 4.59203e-005
720.4 4.26015e-005
720.405 4.26015e-005
720.605 4.36955e-005
722.05 3.57171e-005
722.1 3.59884e-005
722.3 4.26183e-005
722.4 4.26015e-005
722.6 4.36955e-005
724.05 3.57171e-005
724.1 3.59884e-005
724.3 4.26183e-005
724.4 4.26015e-005
724.6 4.36955e-005
725.055 3.57171e-005
725.105 3.59884e-005
725.305 4.26183e-005
725.355 4.59203e-005
725.405 4.26015e-005
726.05 3.57171e-005
726.1 3.59884e-005
726.3 4.26183e-005
726.35 4.59203e-005
726.4 4.26015e-005
726.6 4.36955e-005
728.05 3.57171e-005
728.1 3.59884e-005
728.3 4.26183e-005
728.35 4.59203e-005
728.4 4.26015e-005
728.6 4.36955e-005
730.05 3.57171e-005
730.055 3.57171e-005
730.1 3.59884e-005
730.105 3.59884e-005
730.305 4.26183e-005
730.35 4.59203e-005
730.355 4.59203e-005
730.4 4.26015e-005
730.405 4.26015e-005
730.6 4.36955e-005
730.605 4.36955e-005
732.05 3.57171e-005
732.1 3.59884e-005
732.3 4.26183e-005
732.35 4.59203e-005
732.6 4.36955e-005
734.05 3.57171e-005
734.1 3.59884e-005
734.3 4.26183e-005
734.35 4.59203e-005
734.4 4.26015e-005
734.6 4.36955e-005
735.055 3.57171e-005
735.105 3.59884e-005
735.305 4.26183e-005
735.355 4.59203e-005
735.405 4.26015e-005
735.605 4.36955e-005
736.05 3.57171e-005
736.1 3.59884e-005
736.3 4.26183e-005
736.6 4.36955e-005
738.05 3.57171e-005
738.1 3.59884e-005
738.3 4.26183e-005
738.35 4.59203e-005
738.4 4.26015e-005
738.6 4.36955e-005
740.05 3.57171e-005
740.055 3.57171e-005
740.1 3.59884e-005
740.105 3.59884e-005
740.3 4.26183e-005
740.305 4.26183e-005
740.355 4.59203e-005
740.4 4.26015e-005
740.405 4.26015e-005
740.605 4.36955e-005
742.05 3.57171e-005
742.1 3.59884e-005
742.3 4.26183e-005
742.35 4.59203e-005
742.6 4.36955e-005
744.05 3.57171e-005
744.1 3.59884e-005
744.3 4.26183e-005
744.35 4.59203e-005
744.4 4.26015e-005
745.055 3.57171e-005
745.105 3.59884e-005
745.305 4.26183e-005
745.355 4.59203e-005
745.605 4.36955e-005
746.05 3.57171e-005
746.1 3.59884e-005
746.3 4.26183e-005
746.35 4.59203e-005
746.4 4.26015e-005
748.05 3.57171e-005
748.1 3.59884e-005
748.3 4.26183e-005
748.35 4.59203e-005
748.6 4.36955e-005
750.05 3.57171e-005
750.055 3.57171e-005
750.1 3.59884e-005
750.105 3.59884e-005
750.305 4.26183e-005
750.35 4.59203e-005
750.355 4.59203e-005
750.4 4.26015e-005
750.405 4.26015e-005
750.6 4.36955e-005
750.605 4.36955e-005
752.05 3.57171e-005
752.1 3.59884e-005
752.3 4.26183e-005
752.35 4.59203e-005
752.4 4.26015e-005
752.6 4.36955e-005
754.05 3.57171e-005
754.1 3.59884e-005
754.3 4.26183e-005
754.35 4.59203e-005
754.4 4.26015e-005
754.6 4.36955e-005
755.055 3.57171e-005
755.105 3.59884e-005
755.305 4.26183e-005
755.355 4.59203e-005
755.405 4.26015e-005
755.605 4.36955e-005
756.05 3.57171e-005
756.1 3.59884e-005
756.3 4.26183e-005
756.4 4.26015e-005
758.05 3.57171e-005
758.1 3.59884e-005
758.3 4.26183e-005
758.35 4.59203e-005
758.6 4.36955e-005
760.05 3.57171e-005
760.055 3.57171e-005
760.1 3.59884e-005
760.105 3.59884e-005
760.3 4.26183e-005
760.305 4.26183e-005
760.35 4.59203e-005
760.355 4.59203e-005
760.4 4.26015e-005
760.405 4.26015e-005
760.6 4.36955e-005
760.605 4.36955e-005
762.05 3.57171e-005
762.1 3.59884e-005
762.3 4.26183e-005
762.35 4.59203e-005
762.4 4.26015e-005
762.6 4.36955e-005
764.05 3.57171e-005
764.1 3.59884e-005
764.3 4.26183e-005
764.35 4.59203e-005
764.4 4.26015e-005
764.6 4.36955e-005
765.055 3.57171e-005
765.105 3.59884e-005
765.305 4.26183e-005
765.355 4.59203e-005
765.405 4.26015e-005
765.605 4.36955e-005
766.05 3.57171e-005
766.1 3.59884e-005
766.3 4.26183e-005
766.35 4.59203e-005
766.4 4.26015e-005
766.6 4.36955e-005
768.05 3.57171e-005
768.1 3.59884e-005
768.3 4.26183e-005
768.6 4.36955e-005
770.05 3.57171e-005
770.055 3.57171e-005
770.1 3.59884e-005
770.105 3.59884e-005
770.3 4.26183e-005
770.305 4.26183e-005
770.4 4.26015e-005
770.405 4.26015e-005
770.6 4.36955e-005
770.605 4.36955e-005
772.05 3.57171e-005
772.1 3.59884e-005
772.3 4.26183e-005
772.4 4.26015e-005
772.6 4.36955e-005
774.05 3.57171e-005
774.1 3.59884e-005
774.3 4.26183e-005
774.35 4.59203e-005
774.4 4.26015e-005
774.6 4.36955e-005
775.055 3.57171e-005
775.105 3.59884e-005
775.305 4.26183e-005
775.355 4.59203e-005
775.405 4.26015e-005
775.605 4.36955e-005
776.05 3.57171e-005
776.1 3.59884e-005
776.3 4.26183e-005
776.6 4.36955e-005
778.05 3.57171e-005
778.1 3.59884e-005
778.3 4.26183e-005
778.4 4.26015e-005
778.6 4.36955e-005
780.05 3.57171e-005
780.055 3.57171e-005
780.1 3.59884e-005
780.105 3.59884e-005
780.3 4.26183e-005
780.305 4.26183e-005
780.355 4.59203e-005
780.4 4.26015e-005
780.405 4.26015e-005
780.605 4.36955e-005
782.05 3.57171e-005
782.1 3.59884e-005
782.3 4.26183e-005
782.35 4.59203e-005
782.4 4.26015e-005
782.6 4.36955e-005
784.05 3.57171e-005
784.1 3.59884e-005
784.3 4.26183e-005
784.35 4.59203e-005
784.4 4.26015e-005
784.6 4.36955e-005
785.055 3.57171e-005
785.105 3.59884e-005
785.355 4.59203e-005
785.405 4.26015e-005
785.605 4.36955e-005
786.05 3.57171e-005
786.1 3.59884e-005
786.3 4.26183e-005
786.35 4.59203e-005
786.4 4.26015e-005
786.6 4.36955e-005
788.05 3.57171e-005
788.1 3.59884e-005
788.3 4.26183e-005
788.35 4.59203e-005
788.4 4.26015e-005
788.6 4.36955e-005
790.05 3.57171e-005
790.055 3.57171e-005
790.1 3.59884e-005
790.105 3.59884e-005
790.3 4.26183e-005
790.305 4.26183e-005
790.35 4.59203e-005
790.355 4.59203e-005
790.4 4.26015e-005
790.405 4.26015e-005
790.6 4.36955e-005
792.05 3.57171e-005
792.1 3.59884e-005
792.3 4.26183e-005
792.35 4.59203e-005
792.4 4.26015e-005
794.05 3.57171e-005
794.1 3.59884e-005
794.3 4.26183e-005
794.4 4.26015e-005
794.6 4.36955e-005
795.055 3.57171e-005
795.105 3.59884e-005
795.305 4.26183e-005
795.355 4.59203e-005
795.405 4.26015e-005
795.605 4.36955e-005
796.05 3.57171e-005
796.1 3.59884e-005
796.3 4.26183e-005
796.4 4.26015e-005
796.6 4.36955e-005
798.05 3.57171e-005
798.1 3.59884e-005
798.3 4.26183e-005
798.4 4.26015e-005
798.6 4.36955e-005
800.05 3.57171e-005
800.055 3.57171e-005
800.1 3.59884e-005
800.105 3.59884e-005
800.3 4.26183e-005
800.305 4.26183e-005
800.35 4.59203e-005
800.355 4.59203e-005
800.4 4.26015e-005
800.405 4.26015e-005
800.6 4.36955e-005
800.605 4.36955e-005
802.05 3.57171e-005
802.1 3.59884e-005
802.3 4.26183e-005
802.35 4.59203e-005
802.4 4.26015e-005
802.6 4.36955e-005
804.05 3.57171e-005
804.1 3.59884e-005
804.3 4.26183e-005
804.4 4.26015e-005
804.6 4.36955e-005
805.055 3.57171e-005
805.105 3.59884e-005
805.305 4.26183e-005
805.355 4.59203e-005
805.405 4.26015e-005
805.605 4.36955e-005
806.05 3.57171e-005
806.1 3.59884e-005
806.3 4.26183e-005
806.35 4.59203e-005
806.4 4.26015e-005
806.6 4.36955e-005
808.05 3.57171e-005
808.1 3.59884e-005
808.3 4.26183e-005
808.35 4.59203e-005
808.4 4.26015e-005
808.6 4.36955e-005
810.05 3.57171e-005
810.055 3.57171e-005
810.1 3.59884e-005
810.105 3.59884e-005
810.3 4.26183e-005
810.305 4.26183e-005
810.35 4.59203e-005
810.355 4.59203e-005
810.4 4.26015e-005
810.405 4.26015e-005
810.6 4.36955e-005
810.605 4.36955e-005
812.05 3.57171e-005
812.1 3.59884e-005
812.35 4.59203e-005
812.4 4.26015e-005
814.05 3.57171e-005
814.1 3.59884e-005
814.3 4.26183e-005
814.35 4.59203e-005
814.4 4.26015e-005
814.6 4.36955e-005
815.055 3.57171e-005
815.105 3.59884e-005
815.305 4.26183e-005
815.355 4.59203e-005
815.405 4.26015e-005
815.605 4.36955e-005
816.05 3.57171e-005
816.1 3.59884e-005
816.3 4.26183e-005
816.35 4.59203e-005
816.4 4.26015e-005
816.6 4.36955e-005
818.05 3.57171e-005
818.1 3.59884e-005
818.3 4.26183e-005
818.4 4.26015e-005
820.05 3.57171e-005
820.055 3.57171e-005
820.1 3.59884e-005
820.105 3.59884e-005
820.3 4.26183e-005
820.305 4.26183e-005
820.355 4.59203e-005
820.4 4.26015e-005
820.405 4.26015e-005
820.605 4.36955e-005
822.05 3.57171e-005
822.1 3.59884e-005
822.3 4.26183e-005
822.4 4.26015e-005
822.6 4.36955e-005
824.05 3.57171e-005
824.1 3.59884e-005
824.3 4.26183e-005
824.35 4.59203e-005
824.4 4.26015e-005
824.6 4.36955e-005
825.055 3.57171e-005
825.105 3.59884e-005
825.305 4.26183e-005
825.355 4.59203e-005
825.405 4.26015e-005
825.605 4.36955e-005
826.05 3.57171e-005
826.1 3.59884e-005
826.3 4.26183e-005
828.05 3.57171e-005
828.1 3.59884e-005
828.3 4.26183e-005
828.35 4.59203e-005
828.4 4.26015e-005
828.6 4.36955e-005
830.05 3.57171e-005
830.055 3.57171e-005
830.1 3.59884e-005
830.105 3.59884e-005
830.3 4.26183e-005
830.305 4.26183e-005
830.35 4.59203e-005
830.355 4.59203e-005
830.405 4.26015e-005
830.6 4.36955e-005
830.605 4.36955e-005
832.05 3.57171e-005
832.1 3.59884e-005
832.3 4.26183e-005
832.4 4.26015e-005
832.6 4.36955e-005
834.05 3.57171e-005
834.1 3.59884e-005
834.3 4.26183e-005
834.4 4.26015e-005
834.6 4.36955e-005
835.055 3.57171e-005
835.105 3.59884e-005
835.305 4.26183e-005
835.355 4.59203e-005
835.405 4.26015e-005
835.605 4.36955e-005
836.05 3.57171e-005
836.1 3.59884e-005
836.3 4.26183e-005
836.35 4.59203e-005
836.4 4.26015e-005
836.6 4.36955e-005
838.05 3.57171e-005
838.1 3.59884e-005
838.3 4.26183e-005
838.35 4.59203e-005
838.4 4.26015e-005
838.6 4.36955e-005
840.05 3.57171e-005
840.055 3.57171e-005
840.1 3.59884e-005
840.105 3.59884e-005
840.305 4.26183e-005
840.35 4.59203e-005
840.4 4.26015e-005
840.405 4.26015e-005
840.6 4.36955e-005
840.605 4.36955e-005
842.05 3.57171e-005
842.1 3.59884e-005
842.3 4.26183e-005
842.35 4.59203e-005
842.4 4.26015e-005
842.6 4.36955e-005
844.05 3.57171e-005
844.1 3.59884e-005
844.35 4.59203e-005
844.4 4.26015e-005
844.6 4.36955e-005
845.055 3.57171e-005
845.105 3.59884e-005
845.305 4.26183e-005
845.405 4.26015e-005
845.605 4.36955e-005
846.05 3.57171e-005
846.1 3.59884e-005
846.3 4.26183e-005
846.35 4.59203e-005
846.4 4.26015e-005
846.6 4.36955e-005
848.05 3.57171e-005
848.1 3.59884e-005
848.3 4.26183e-005
848.35 4.59203e-005
848.4 4.26015e-005
848.6 4.36955e-005
850.05 3.57171e-005
850.055 3.57171e-005
850.1 3.59884e-005
850.105 3.59884e-005
850.3 4.26183e-005
850.305 4.26183e-005
850.35 4.59203e-005
850.4 4.26015e-005
850.405 4.26015e-005
850.6 4.36955e-005
850.605 4.36955e-005
852.05 3.57171e-005
852.1 3.59884e-005
852.3 4.26183e-005
854.05 3.57171e-005
854.1 3.59884e-005
854.3 4.26183e-005
854.4 4.26015e-005
854.6 4.36955e-005
855.055 3.57171e-005
855.105 3.59884e-005
855.305 4.26183e-005
855.355 4.59203e-005
855.405 4.26015e-005
856.05 3.57171e-005
856.1 3.59884e-005
856.3 4.26183e-005
856.4 4.26015e-005
858.05 3.57171e-005
858.1 3.59884e-005
858.3 4.26183e-005
858.4 4.26015e-005
858.6 4.36955e-005
860.05 3.57171e-005
860.055 3.57171e-005
860.1 3.59884e-005
860.105 3.59884e-005
860.3 4.26183e-005
860.305 4.26183e-005
860.355 4.59203e-005
860.4 4.26015e-005
860.405 4.26015e-005
860.6 4.36955e-005
862.05 3.57171e-005
862.1 3.59884e-005
862.3 4.26183e-005
862.35 4.59203e-005
862.4 4.26015e-005
862.6 4.36955e-005
864.05 3.57171e-005
864.1 3.59884e-005
864.35 4.59203e-005
864.4 4.26015e-005
864.6 4.36955e-005
865.055 3.57171e-005
865.105 3.59884e-005
865.305 4.26183e-005
865.355 4.59203e-005
865.405 4.26015e-005
865.605 4.36955e-005
866.05 3.57171e-005
866.1 3.59884e-005
866.3 4.26183e-005
866.35 4.59203e-005
866.4 4.26015e-005
866.6 4.36955e-005
868.05 3.57171e-005
868.1 3.59884e-005
868.3 4.26183e-005
868.4 4.26015e-005
868.6 4.36955e-005
870.05 3.57171e-005
870.055 3.57171e-005
870.1 3.59884e-005
870.105 3.59884e-005
870.3 4.26183e-005
870.305 4.26183e-005
870.35 4.59203e-005
870.355 4.59203e-005
870.4 4.26015e-005
870.405 4.26015e-005
870.6 4.36955e-005
870.605 4.36955e-005
872.05 3.57171e-005
872.1 3.59884e-005
872.3 4.26183e-005
872.35 4.59203e-005
872.4 4.26015e-005
872.6 4.36955e-005
874.05 3.57171e-005
874.1 3.59884e-005
874.3 4.26183e-005
874.35 4.59203e-005
874.4 4.26015e-005
875.055 3.57171e-005
875.105 3.59884e-005
875.305 4.26183e-005
875.355 4.59203e-005
875.605 4.36955e-005
876.05 3.57171e-005
876.1 3.59884e-005
876.3 4.26183e-005
876.4 4.26015e-005
876.6 4.36955e-005
878.05 3.57171e-005
878.1 3.59884e-005
878.3 4.26183e-005
878.35 4.59203e-005
878.4 4.26015e-005
880.05 3.57171e-005
880.055 3.57171e-005
880.1 3.59884e-005
880.105 3.59884e-005
880.3 4.26183e-005
880.305 4.26183e-005
880.355 4.59203e-005
880.4 4.26015e-005
880.405 4.26015e-005
882.05 3.57171e-005
882.1 3.59884e-005
882.3 4.26183e-005
882.35 4.59203e-005
882.4 4.26015e-005
882.6 4.36955e-005
884.05 3.57171e-005
884.1 3.59884e-005
884.3 4.26183e-005
884.4 4.26015e-005
884.6 4.36955e-005
885.055 3.57171e-005
885.105 3.59884e-005
885.305 4.26183e-005
885.355 4.59203e-005
885.405 4.26015e-005
885.605 4.36955e-005
886.05 3.57171e-005
886.1 3.59884e-005
886.3 4.26183e-005
886.35 4.59203e-005
886.4 4.26015e-005
886.6 4.36955e-005
888.05 3.57171e-005
888.1 3.59884e-005
888.3 4.26183e-005
888.35 4.59203e-005
888.6 4.36955e-005
890.05 3.57171e-005
890.055 3.57171e-005
890.1 3.59884e-005
890.105 3.59884e-005
890.3 4.26183e-005
890.305 4.26183e-005
890.35 4.59203e-005
890.355 4.59203e-005
890.4 4.26015e-005
890.405 4.26015e-005
890.6 4.36955e-005
890.605 4.36955e-005
892.05 3.57171e-005
892.1 3.59884e-005
892.3 4.26183e-005
892.35 4.59203e-005
892.6 4.36955e-005
894.05 3.57171e-005
894.1 3.59884e-005
894.3 4.26183e-005
894.35 4.59203e-005
894.4 4.26015e-005
894.6 4.36955e-005
895.055 3.57171e-005
895.105 3.59884e-005
895.305 4.26183e-005
895.355 4.59203e-005
895.405 4.26015e-005
895.605 4.36955e-005
896.05 3.57171e-005
896.1 3.59884e-005
896.3 4.26183e-005
896.35 4.59203e-005
896.4 4.26015e-005
898.05 3.57171e-005
898.1 3.59884e-005
898.3 4.26183e-005
898.35 4.59203e-005
898.4 4.26015e-005
898.6 4.36955e-005
900.05 3.57171e-005
900.055 3.57171e-005
900.1 3.59884e-005
900.105 3.59884e-005
900.3 4.26183e-005
900.305 4.26183e-005
900.35 4.59203e-005
900.355 4.59203e-005
900.4 4.26015e-005
900.405 4.26015e-005
900.6 4.36955e-005
900.605 4.36955e-005
902.05 3.57171e-005
902.1 3.59884e-005
902.3 4.26183e-005
902.35 4.59203e-005
902.4 4.26015e-005
904.05 3.57171e-005
904.1 3.59884e-005
904.3 4.26183e-005
904.35 4.59203e-005
904.4 4.26015e-005
904.6 4.36955e-005
905.055 3.57171e-005
905.105 3.59884e-005
905.305 4.26183e-005
905.355 4.59203e-005
905.405 4.26015e-005
905.605 4.36955e-005
906.05 3.57171e-005
906.1 3.59884e-005
906.3 4.26183e-005
906.4 4.26015e-005
906.6 4.36955e-005
908.05 3.57171e-005
908.1 3.59884e-005
908.3 4.26183e-005
908.35 4.59203e-005
908.4 4.26015e-005
908.6 4.36955e-005
910.05 3.57171e-005
910.055 3.57171e-005
910.1 3.59884e-005
910.105 3.59884e-005
910.3 4.26183e-005
910.305 4.26183e-005
910.35 4.59203e-005
910.355 4.59203e-005
910.4 4.26015e-005
910.405 4.26015e-005
910.605 4.36955e-005
912.05 3.57171e-005
912.1 3.59884e-005
912.35 4.59203e-005
912.4 4.26015e-005
912.6 4.36955e-005
914.05 3.57171e-005
914.1 3.59884e-005
914.3 4.26183e-005
914.35 4.59203e-005
914.4 4.26015e-005
914.6 4.36955e-005
915.055 3.57171e-005
915.105 3.59884e-005
915.305 4.26183e-005
915.355 4.59203e-005
915.405 4.26015e-005
915.605 4.36955e-005
916.05 3.57171e-005
916.1 3.59884e-005
916.3 4.26183e-005
916.35 4.59203e-005
916.4 4.26015e-005
918.05 3.57171e-005
918.1 3.59884e-005
918.3 4.26183e-005
918.35 4.59203e-005
918.4 4.26015e-005
918.6 4.36955e-005
920.05 3.57171e-005
920.055 3.57171e-005
920.1 3.59884e-005
920.105 3.59884e-005
920.3 4.26183e-005
920.305 4.26183e-005
920.355 4.59203e-005
920.4 4.26015e-005
920.405 4.26015e-005
920.605 4.36955e-005
922.05 3.57171e-005
922.1 3.59884e-005
922.35 4.59203e-005
922.4 4.26015e-005
922.6 4.36955e-005
924.05 3.57171e-005
924.1 3.59884e-005
924.3 4.26183e-005
924.4 4.26015e-005
924.6 4.36955e-005
925.055 3.57171e-005
925.105 3.59884e-005
925.305 4.26183e-005
925.355 4.59203e-005
925.405 4.26015e-005
925.605 4.36955e-005
926.05 3.57171e-005
926.1 3.59884e-005
926.3 4.26183e-005
926.4 4.26015e-005
926.6 4.36955e-005
928.05 3.57171e-005
928.1 3.59884e-005
928.3 4.26183e-005
928.4 4.26015e-005
930.05 3.57171e-005
930.055 3.57171e-005
930.1 3.59884e-005
930.105 3.59884e-005
930.3 4.26183e-005
930.305 4.26183e-005
930.355 4.59203e-005
930.4 4.26015e-005
930.405 4.26015e-005
930.6 4.36955e-005
930.605 4.36955e-005
932.05 3.57171e-005
932.1 3.59884e-005
932.35 4.59203e-005
932.4 4.26015e-005
934.05 3.57171e-005
934.1 3.59884e-005
934.3 4.26183e-005
934.35 4.59203e-005
934.4 4.26015e-005
934.6 4.36955e-005
935.055 3.57171e-005
935.105 3.59884e-005
935.305 4.26183e-005
935.355 4.59203e-005
935.405 4.26015e-005
935.605 4.36955e-005
936.05 3.57171e-005
936.1 3.59884e-005
936.3 4.26183e-005
936.35 4.59203e-005
936.4 4.26015e-005
936.6 4.36955e-005
938.05 3.57171e-005
938.1 3.59884e-005
938.3 4.26183e-005
938.35 4.59203e-005
938.4 4.26015e-005
938.6 4.36955e-005
940.05 3.57171e-005
940.055 3.57171e-005
940.1 3.59884e-005
940.105 3.59884e-005
940.3 4.26183e-005
940.305 4.26183e-005
940.355 4.59203e-005
940.405 4.26015e-005
940.6 4.36955e-005
940.605 4.36955e-005
942.05 3.57171e-005
942.1 3.59884e-005
942.3 4.26183e-005
942.35 4.59203e-005
942.4 4.26015e-005
942.6 4.36955e-005
944.05 3.57171e-005
944.1 3.59884e-005
944.3 4.26183e-005
944.35 4.59203e-005
944.4 4.26015e-005
944.6 4.36955e-005
945.055 3.57171e-005
945.105 3.59884e-005
945.305 4.26183e-005
945.355 4.59203e-005
945.405 4.26015e-005
945.605 4.36955e-005
946.05 3.57171e-005
946.1 3.59884e-005
946.3 4.26183e-005
946.35 4.59203e-005
946.4 4.26015e-005
948.05 3.57171e-005
948.1 3.59884e-005
948.3 4.26183e-005
948.35 4.59203e-005
948.4 4.26015e-005
948.6 4.36955e-005
950.05 3.57171e-005
950.055 3.57171e-005
950.1 3.59884e-005
950.105 3.59884e-005
950.3 4.26183e-005
950.305 4.26183e-005
950.35 4.59203e-005
950.355 4.59203e-005
950.4 4.26015e-005
950.405 4.26015e-005
950.6 4.36955e-005
950.605 4.36955e-005
952.05 3.57171e-005
952.1 3.59884e-005
952.35 4.59203e-005
952.4 4.26015e-005
952.6 4.36955e-005
954.05 3.57171e-005
954.1 3.59884e-005
954.35 4.59203e-005
954.4 4.26015e-005
954.6 4.36955e-005
955.055 3.57171e-005
955.105 3.59884e-005
955.305 4.26183e-005
955.355 4.59203e-005
955.405 4.26015e-005
955.605 4.36955e-005
956.05 3.57171e-005
956.1 3.59884e-005
956.3 4.26183e-005
956.35 4.59203e-005
956.4 4.26015e-005
956.6 4.36955e-005
958.05 3.57171e-005
958.1 3.59884e-005
958.3 4.26183e-005
958.35 4.59203e-005
958.6 4.36955e-005
960.05 3.57171e-005
960.055 3.57171e-005
960.1 3.59884e-005
960.105 3.59884e-005
960.305 4.26183e-005
960.35 4.59203e-005
960.355 4.59203e-005
960.4 4.26015e-005
960.405 4.26015e-005
960.6 4.36955e-005
960.605 4.36955e-005
962.05 3.57171e-005
962.1 3.59884e-005
962.3 4.26183e-005
962.35 4.59203e-005
962.6 4.36955e-005
964.05 3.57171e-005
964.1 3.59884e-005
964.3 4.26183e-005
964.4 4.26015e-005
964.6 4.36955e-005
965.055 3.57171e-005
965.105 3.59884e-005
965.305 4.26183e-005
965.355 4.59203e-005
965.405 4.26015e-005
965.605 4.36955e-005
966.05 3.57171e-005
966.1 3.59884e-005
966.3 4.26183e-005
966.35 4.59203e-005
966.4 4.26015e-005
966.6 4.36955e-005
968.05 3.57171e-005
968.1 3.59884e-005
968.3 4.26183e-005
968.35 4.59203e-005
970.05 3.57171e-005
970.055 3.57171e-005
970.1 3.59884e-005
970.105 3.59884e-005
970.3 4.26183e-005
970.305 4.26183e-005
970.355 4.59203e-005
970.4 4.26015e-005
970.405 4.26015e-005
970.605 4.36955e-005
972.05 3.57171e-005
972.1 3.59884e-005
972.3 4.26183e-005
972.35 4.59203e-005
972.4 4.26015e-005
974.05 3.57171e-005
974.1 3.59884e-005
974.3 4.26183e-005
974.35 4.59203e-005
974.4 4.26015e-005
974.6 4.36955e-005
975.055 3.57171e-005
975.105 3.59884e-005
975.405 4.26015e-005
975.605 4.36955e-005
976.05 3.57171e-005
976.1 3.59884e-005
976.3 4.26183e-005
976.35 4.59203e-005
976.4 4.26015e-005
976.6 4.36955e-005
978.05 3.57171e-005
978.1 3.59884e-005
978.3 4.26183e-005
978.35 4.59203e-005
978.4 4.26015e-005
978.6 4.36955e-005
980.05 3.57171e-005
980.055 3.57171e-005
980.1 3.59884e-005
980.105 3.59884e-005
980.305 4.26183e-005
980.35 4.59203e-005
980.355 4.59203e-005
980.4 4.26015e-005
980.6 4.36955e-005
980.605 4.36955e-005
982.05 3.57171e-005
982.1 3.59884e-005
982.3 4.26183e-005
982.35 4.59203e-005
982.4 4.26015e-005
982.6 4.36955e-005
984.05 3.57171e-005
984.1 3.59884e-005
984.3 4.26183e-005
984.35 4.59203e-005
984.4 4.26015e-005
985.055 3.57171e-005
985.105 3.59884e-005
985.305 4.26183e-005
985.355 4.59203e-005
985.405 4.26015e-005
985.605 4.36955e-005
986.05 3.57171e-005
986.1 3.59884e-005
986.3 4.26183e-005
986.4 4.26015e-005
986.6 4.36955e-005
988.05 3.57171e-005
988.1 3.59884e-005
988.3 4.26183e-005
988.35 4.59203e-005
988.4 4.26015e-005
988.6 4.36955e-005
990.05 3.57171e-005
990.055 3.57171e-005
990.1 3.59884e-005
990.105 3.59884e-005
990.3 4.26183e-005
990.305 4.26183e-005
990.35 4.59203e-005
990.355 4.59203e-005
990.4 4.26015e-005
990.405 4.26015e-005
990.6 4.36955e-005
990.605 4.36955e-005
992.05 3.57171e-005
992.1 3.59884e-005
992.3 4.26183e-005
992.35 4.59203e-005
992.4 4.26015e-005
994.05 3.57171e-005
994.1 3.59884e-005
994.3 4.26183e-005
994.35 4.59203e-005
994.4 4.26015e-005
995.055 3.57171e-005
995.105 3.59884e-005
995.305 4.26183e-005
995.355 4.59203e-005
995.405 4.26015e-005
995.605 4.36955e-005
996.05 3.57171e-005
996.1 3.59884e-005
996.3 4.26183e-005
996.35 4.59203e-005
996.4 4.26015e-005
996.6 4.36955e-005
998.05 3.57171e-005
998.1 3.59884e-005
998.3 4.26183e-005
998.4 4.26015e-005
998.6 4.36955e-005
1000.05 3.57171e-005
1000.06 3.57171e-005
1000.1 3.59884e-005
1000.11 3.59884e-005
1000.3 4.26183e-005
1000.31 4.26183e-005
1000.35 4.59203e-005
1000.36 4.59203e-005
1000.4 4.26015e-005
1000.41 4.26015e-005
1000.6 4.36955e-005
1000.61 4.36955e-005
1002.05 3.57171e-005
1002.1 3.59884e-005
1002.3 4.26183e-005
1002.35 4.59203e-005
1002.4 4.26015e-005
1002.6 4.36955e-005
1004.05 3.57171e-005
1004.1 3.59884e-005
1004.3 4.26183e-005
1004.35 4.59203e-005
1004.4 4.26015e-005
1005.06 3.57171e-005
1005.11 3.59884e-005
1005.31 4.26183e-005
1005.41 4.26015e-005
1005.61 4.36955e-005
1006.05 3.57171e-005
1006.1 3.59884e-005
1006.3 4.26183e-005
1006.35 4.59203e-005
1006.4 4.26015e-005
1006.6 4.36955e-005
1008.05 3.57171e-005
1008.1 3.59884e-005
1008.3 4.26183e-005
1008.6 4.36955e-005
1010.05 3.57171e-005
1010.06 3.57171e-005
1010.1 3.59884e-005
1010.11 3.59884e-005
1010.3 4.26183e-005
1010.31 4.26183e-005
1010.36 4.59203e-005
1010.4 4.26015e-005
1010.41 4.26015e-005
1010.6 4.36955e-005
1010.61 4.36955e-005
1012.05 3.57171e-005
1012.1 3.59884e-005
1012.3 4.26183e-005
1012.35 4.59203e-005
1012.4 4.26015e-005
1012.6 4.36955e-005
1014.05 3.57171e-005
1014.1 3.59884e-005
1014.3 4.26183e-005
1014.35 4.59203e-005
1014.4 4.26015e-005
1014.6 4.36955e-005
1015.06 3.57171e-005
1015.11 3.59884e-005
1015.31 4.26183e-005
1015.36 4.59203e-005
1015.41 4.26015e-005
1015.61 4.36955e-005
1016.05 3.57171e-005
1016.1 3.59884e-005
1016.35 4.59203e-005
1016.4 4.26015e-005
1018.05 3.57171e-005
1018.1 3.59884e-005
1018.3 4.26183e-005
1018.35 4.59203e-005
1018.4 4.26015e-005
1018.6 4.36955e-005
1020.05 3.57171e-005
1020.06 3.57171e-005
1020.1 3.59884e-005
1020.11 3.59884e-005
1020.3 4.26183e-005
1020.31 4.26183e-005
1020.35 4.59203e-005
1020.36 4.59203e-005
1020.4 4.26015e-005
1020.41 4.26015e-005
1020.6 4.36955e-005
1020.61 4.36955e-005
1022.05 3.57171e-005
1022.1 3.59884e-005
1022.3 4.26183e-005
1022.35 4.59203e-005
1022.4 4.26015e-005
1022.6 4.36955e-005
1024.05 3.57171e-005
1024.1 3.59884e-005
1024.3 4.26183e-005
1024.35 4.59203e-005
1024.4 4.26015e-005
1024.6 4.36955e-005
1025.06 3.57171e-005
1025.11 3.59884e-005
1025.31 4.26183e-005
1025.36 4.59203e-005
1025.41 4.26015e-005
1025.61 4.36955e-005
1026.05 3.57171e-005
1026.1 3.59884e-005
1026.3 4.26183e-005
1026.35 4.59203e-005
1026.4 4.26015e-005
1028.05 3.57171e-005
1028.1 3.59884e-005
1028.3 4.26183e-005
1028.35 4.59203e-005
1028.4 4.26015e-005
1028.6 4.36955e-005
1030.05 3.57171e-005
1030.06 3.57171e-005
1030.1 3.59884e-005
1030.11 3.59884e-005
1030.3 4.26183e-005
1030.31 4.26183e-005
1030.35 4.59203e-005
1030.36 4.59203e-005
1030.4 4.26015e-005
1030.41 4.26015e-005
1030.6 4.36955e-005
1030.61 4.36955e-005
1032.05 3.57171e-005
1032.1 3.59884e-005
1032.3 4.26183e-005
1032.35 4.59203e-005
1032.4 4.26015e-005
1032.6 4.36955e-005
1034.05 3.57171e-005
1034.1 3.59884e-005
1034.3 4.26183e-005
1034.4 4.26015e-005
1034.6 4.36955e-005
1035.06 3.57171e-005
1035.11 3.59884e-005
1035.31 4.26183e-005
1035.36 4.59203e-005
1035.41 4.26015e-005
1035.61 4.36955e-005
1036.05 3.57171e-005
1036.1 3.59884e-005
1036.3 4.26183e-005
1036.35 4.59203e-005
1036.4 4.26015e-005
1036.6 4.36955e-005
1038.05 3.57171e-005
1038.1 3.59884e-005
1038.3 4.26183e-005
1038.35 4.59203e-005
1038.4 4.26015e-005
1038.6 4.36955e-005
1040.05 3.57171e-005
1040.06 3.57171e-005
1040.1 3.59884e-005
1040.11 3.59884e-005
1040.3 4.26183e-005
1040.31 4.26183e-005
1040.35 4.59203e-005
1040.36 4.59203e-005
1040.4 4.26015e-005
1040.41 4.26015e-005
1040.61 4.36955e-005
1042.05 3.57171e-005
1042.1 3.59884e-005
1042.3 4.26183e-005
1044.05 3.57171e-005
1044.1 3.59884e-005
1044.3 4.26183e-005
1044.35 4.59203e-005
1044.4 4.26015e-005
1044.6 4.36955e-005
1045.06 3.57171e-005
1045.11 3.59884e-005
1045.31 4.26183e-005
1045.36 4.59203e-005
1045.61 4.36955e-005
1046.05 3.57171e-005
1046.1 3.59884e-005
1046.3 4.26183e-005
1046.35 4.59203e-005
1046.6 4.36955e-005
1048.05 3.57171e-005
1048.1 3.59884e-005
1048.3 4.26183e-005
1048.35 4.59203e-005
1048.4 4.26015e-005
1048.6 4.36955e-005
1050.05 3.57171e-005
1050.06 3.57171e-005
1050.1 3.59884e-005
1050.11 3.59884e-005
1050.3 4.26183e-005
1050.31 4.26183e-005
1050.35 4.59203e-005
1050.36 4.59203e-005
1050.4 4.26015e-005
1050.41 4.26015e-005
1050.6 4.36955e-005
1050.61 4.36955e-005
1052.05 3.57171e-005
1052.1 3.59884e-005
1052.3 4.26183e-005
1052.35 4.59203e-005
1052.4 4.26015e-005
1054.05 3.57171e-005
1054.1 3.59884e-005
1054.4 4.26015e-005
1054.6 4.36955e-005
1055.06 3.57171e-005
1055.11 3.59884e-005
1055.31 4.26183e-005
1055.36 4.59203e-005
1055.41 4.26015e-005
1055.61 4.36955e-005
1056.05 3.57171e-005
1056.1 3.59884e-005
1056.3 4.26183e-005
1056.35 4.59203e-005
1056.4 4.26015e-005
1056.6 4.36955e-005
1058.05 3.57171e-005
1058.1 3.59884e-005
1058.3 4.26183e-005
1058.4 4.26015e-005
1058.6 4.36955e-005
1060.05 3.57171e-005
1060.06 3.57171e-005
1060.1 3.59884e-005
1060.11 3.59884e-005
1060.3 4.26183e-005
1060.31 4.26183e-005
1060.35 4.59203e-005
1060.36 4.59203e-005
1060.4 4.26015e-005
1060.41 4.26015e-005
1060.6 4.36955e-005
1060.61 4.36955e-005
1062.05 3.57171e-005
1062.1 3.59884e-005
1062.3 4.26183e-005
1062.4 4.26015e-005
1062.6 4.36955e-005
1064.05 3.57171e-005
1064.1 3.59884e-005
1064.3 4.26183e-005
1064.35 4.59203e-005
1064.4 4.26015e-005
1064.6 4.36955e-005
1065.06 3.57171e-005
1065.11 3.59884e-005
1065.31 4.26183e-005
1065.41 4.26015e-005
1066.05 3.57171e-005
1066.1 3.59884e-005
1066.3 4.26183e-005
1066.35 4.59203e-005
1066.4 4.26015e-005
1066.6 4.36955e-005
1068.05 3.57171e-005
1068.1 3.59884e-005
1068.3 4.26183e-005
1068.35 4.59203e-005
1068.4 4.26015e-005
1068.6 4.36955e-005
1070.05 3.57171e-005
1070.06 3.57171e-005
1070.1 3.59884e-005
1070.11 3.59884e-005
1070.3 4.26183e-005
1070.31 4.26183e-005
1070.35 4.59203e-005
1070.36 4.59203e-005
1070.4 4.26015e-005
1070.41 4.26015e-005
1070.6 4.36955e-005
1070.61 4.36955e-005
1072.05 3.57171e-005
1072.1 3.59884e-005
1072.3 4.26183e-005
1072.4 4.26015e-005
1072.6 4.36955e-005
1074.05 3.57171e-005
1074.1 3.59884e-005
1074.3 4.26183e-005
1074.4 4.26015e-005
1074.6 4.36955e-005
1075.06 3.57171e-005
1075.11 3.59884e-005
1075.36 4.59203e-005
1075.41 4.26015e-005
1075.61 4.36955e-005
1076.05 3.57171e-005
1076.1 3.59884e-005
1076.3 4.26183e-005
1076.35 4.59203e-005
1076.4 4.26015e-005
1076.6 4.36955e-005
1078.05 3.57171e-005
1078.1 3.59884e-005
1078.3 4.26183e-005
1078.35 4.59203e-005
1078.4 4.26015e-005
1078.6 4.36955e-005
1080.05 3.57171e-005
1080.06 3.57171e-005
1080.1 3.59884e-005
1080.11 3.59884e-005
1080.3 4.26183e-005
1080.31 4.26183e-005
1080.36 4.59203e-005
1080.4 4.26015e-005
1080.41 4.26015e-005
1080.6 4.36955e-005
1080.61 4.36955e-005
1082.05 3.57171e-005
1082.1 3.59884e-005
1082.3 4.26183e-005
1082.35 4.59203e-005
1082.4 4.26015e-005
1082.6 4.36955e-005
1084.05 3.57171e-005
1084.1 3.59884e-005
1084.3 4.26183e-005
1084.35 4.59203e-005
1084.4 4.26015e-005
1084.6 4.36955e-005
1085.06 3.57171e-005
1085.11 3.59884e-005
1085.31 4.26183e-005
1085.36 4.59203e-005
1085.41 4.26015e-005
1085.61 4.36955e-005
1086.05 3.57171e-005
1086.1 3.59884e-005
1086.3 4.26183e-005
1086.35 4.59203e-005
1086.4 4.26015e-005
1086.6 4.36955e-005
1088.05 3.57171e-005
1088.1 3.59884e-005
1088.3 4.26183e-005
1088.35 4.59203e-005
1088.4 4.26015e-005
1090.05 3.57171e-005
1090.06 3.57171e-005
1090.1 3.59884e-005
1090.11 3.59884e-005
1090.3 4.26183e-005
1090.35 4.59203e-005
1090.36 4.59203e-005
1090.4 4.26015e-005
1090.41 4.26015e-005
1090.6 4.36955e-005
1090.61 4.36955e-005
1092.05 3.57171e-005
1092.1 3.59884e-005
1092.3 4.26183e-005
1092.4 4.26015e-005
1092.6 4.36955e-005
1094.05 3.57171e-005
1094.1 3.59884e-005
1094.3 4.26183e-005
1094.35 4.59203e-005
1094.4 4.26015e-005
1095.06 3.57171e-005
1095.11 3.59884e-005
1095.31 4.26183e-005
1095.36 4.59203e-005
1095.41 4.26015e-005
1095.61 4.36955e-005
1096.05 3.57171e-005
1096.1 3.59884e-005
1096.3 4.26183e-005
1096.35 4.59203e-005
1096.4 4.26015e-005
1098.05 3.57171e-005
1098.1 3.59884e-005
1098.3 4.26183e-005
1098.35 4.59203e-005
1098.4 4.26015e-005
1098.6 4.36955e-005
1100.05 3.57171e-005
1100.06 3.57171e-005
1100.1 3.59884e-005
1100.11 3.59884e-005
1100.3 4.26183e-005
1100.31 4.26183e-005
1100.35 4.59203e-005
1100.36 4.59203e-005
1100.4 4.26015e-005
1100.41 4.26015e-005
1100.6 4.36955e-005
1100.61 4.36955e-005
1102.05 3.57171e-005
1102.1 3.59884e-005
1102.3 4.26183e-005
1102.35 4.59203e-005
1102.4 4.26015e-005
1102.6 4.36955e-005
1104.05 3.57171e-005
1104.1 3.59884e-005
1104.3 4.26183e-005
1104.35 4.59203e-005
1104.4 4.26015e-005
1104.6 4.36955e-005
1105.06 3.57171e-005
1105.11 3.59884e-005
1105.31 4.26183e-005
1105.36 4.59203e-005
1105.41 4.26015e-005
1105.61 4.36955e-005
1106.05 3.57171e-005
1106.1 3.59884e-005
1106.3 4.26183e-005
1106.4 4.26015e-005
1108.05 3.57171e-005
1108.1 3.59884e-005
1108.3 4.26183e-005
1108.4 4.26015e-005
1108.6 4.36955e-005
1110.05 3.57171e-005
1110.06 3.57171e-005
1110.1 3.59884e-005
1110.11 3.59884e-005
1110.3 4.26183e-005
1110.31 4.26183e-005
1110.35 4.59203e-005
1110.36 4.59203e-005
1110.4 4.26015e-005
1110.41 4.26015e-005
1110.6 4.36955e-005
1110.61 4.36955e-005
1112.05 3.57171e-005
1112.1 3.59884e-005
1112.3 4.26183e-005
1112.35 4.59203e-005
1112.4 4.26015e-005
1112.6 4.36955e-005
1114.05 3.57171e-005
1114.1 3.59884e-005
1114.35 4.59203e-005
1114.4 4.26015e-005
1114.6 4.36955e-005
1115.06 3.57171e-005
1115.11 3.59884e-005
1115.31 4.26183e-005
1115.36 4.59203e-005
1115.41 4.26015e-005
1115.61 4.36955e-005
1116.05 3.57171e-005
1116.1 3.59884e-005
1116.3 4.26183e-005
1116.35 4.59203e-005
1116.4 4.26015e-005
1116.6 4.36955e-005
1118.05 3.57171e-005
1118.1 3.59884e-005
1118.3 4.26183e-005
1118.4 4.26015e-005
1118.6 4.36955e-005
1120.05 3.57171e-005
1120.06 3.57171e-005
1120.1 3.59884e-005
1120.11 3.59884e-005
1120.3 4.26183e-005
1120.31 4.26183e-005
1120.36 4.59203e-005
1120.4 4.26015e-005
1120.41 4.26015e-005
1120.6 4.36955e-005
1120.61 4.36955e-005
1122.05 3.57171e-005
1122.1 3.59884e-005
1122.3 4.26183e-005
1122.35 4.59203e-005
1122.4 4.26015e-005
1122.6 4.36955e-005
1124.05 3.57171e-005
1124.1 3.59884e-005
1124.35 4.59203e-005
1124.4 4.26015e-005
1124.6 4.36955e-005
1125.06 3.57171e-005
1125.11 3.59884e-005
1125.31 4.26183e-005
1125.36 4.59203e-005
1125.61 4.36955e-005
1126.05 3.57171e-005
1126.1 3.59884e-005
1126.3 4.26183e-005
1126.35 4.59203e-005
1126.4 4.26015e-005
1126.6 4.36955e-005
1128.05 3.57171e-005
1128.1 3.59884e-005
1128.3 4.26183e-005
1128.4 4.26015e-005
1128.6 4.36955e-005
1130.05 3.57171e-005
1130.06 3.57171e-005
1130.1 3.59884e-005
1130.11 3.59884e-005
1130.3 4.26183e-005
1130.31 4.26183e-005
1130.35 4.59203e-005
1130.36 4.59203e-005
1130.4 4.26015e-005
1130.41 4.26015e-005
1130.6 4.36955e-005
1130.61 4.36955e-005
1132.05 3.57171e-005
1132.1 3.59884e-005
1132.3 4.26183e-005
1132.35 4.59203e-005
1132.4 4.26015e-005
1132.6 4.36955e-005
1134.05 3.57171e-005
1134.1 3.59884e-005
1134.3 4.26183e-005
1134.35 4.59203e-005
1134.4 4.26015e-005
1134.6 4.36955e-005
1135.06 3.57171e-005
1135.11 3.59884e-005
1135.31 4.26183e-005
1135.36 4.59203e-005
1135.41 4.26015e-005
1135.61 4.36955e-005
1136.05 3.57171e-005
1136.1 3.59884e-005
1136.3 4.26183e-005
1136.35 4.59203e-005
1136.4 4.26015e-005
1136.6 4.36955e-005
1138.05 3.57171e-005
1138.1 3.59884e-005
1138.3 4.26183e-005
1138.35 4.59203e-005
1138.4 4.26015e-005
1140.05 3.57171e-005
1140.06 3.57171e-005
1140.1 3.59884e-005
1140.11 3.59884e-005
1140.3 4.26183e-005
1140.31 4.26183e-005
1140.35 4.59203e-005
1140.36 4.59203e-005
1140.4 4.26015e-005
1140.41 4.26015e-005
1140.6 4.36955e-005
1140.61 4.36955e-005
1142.05 3.57171e-005
1142.1 3.59884e-005
1142.3 4.26183e-005
1142.35 4.59203e-005
1142.6 4.36955e-005
1144.05 3.57171e-005
1144.1 3.59884e-005
1144.3 4.26183e-005
1144.35 4.59203e-005
1144.4 4.26015e-005
1145.06 3.57171e-005
1145.11 3.59884e-005
1145.31 4.26183e-005
1145.61 4.36955e-005
1146.05 3.57171e-005
1146.1 3.59884e-005
1146.3 4.26183e-005
1146.35 4.59203e-005
1146.4 4.26015e-005
1146.6 4.36955e-005
1148.05 3.57171e-005
1148.1 3.59884e-005
1148.3 4.26183e-005
1148.35 4.59203e-005
1148.4 4.26015e-005
1150.05 3.57171e-005
1150.06 3.57171e-005
1150.1 3.59884e-005
1150.11 3.59884e-005
1150.3 4.26183e-005
1150.31 4.26183e-005
1150.35 4.59203e-005
1150.36 4.59203e-005
1150.4 4.26015e-005
1150.41 4.26015e-005
1150.61 4.36955e-005
1152.05 3.57171e-005
1152.1 3.59884e-005
1152.3 4.26183e-005
1152.4 4.26015e-005
1152.6 4.36955e-005
1154.05 3.57171e-005
1154.1 3.59884e-005
1154.3 4.26183e-005
1154.35 4.59203e-005
1154.4 4.26015e-005
1154.6 4.36955e-005
1155.06 3.57171e-005
1155.11 3.59884e-005
1155.31 4.26183e-005
1155.36 4.59203e-005
1155.41 4.26015e-005
1155.61 4.36955e-005
1156.05 3.57171e-005
1156.1 3.59884e-005
1156.3 4.26183e-005
1156.4 4.26015e-005
1158.05 3.57171e-005
1158.1 3.59884e-005
1158.3 4.26183e-005
1158.35 4.59203e-005
1158.4 4.26015e-005
1158.6 4.36955e-005
1160.05 3.57171e-005
1160.06 3.57171e-005
1160.1 3.59884e-005
1160.11 3.59884e-005
1160.3 4.26183e-005
1160.31 4.26183e-005
1160.35 4.59203e-005
1160.36 4.59203e-005
1160.4 4.26015e-005
1160.6 4.36955e-005
1160.61 4.36955e-005
1162.05 3.57171e-005
1162.1 3.59884e-005
1162.3 4.26183e-005
1162.35 4.59203e-005
1162.4 4.26015e-005
1164.05 3.57171e-005
1164.1 3.59884e-005
1164.3 4.26183e-005
1164.4 4.26015e-005
1164.6 4.36955e-005
1165.06 3.57171e-005
1165.11 3.59884e-005
1165.31 4.26183e-005
1165.36 4.59203e-005
1165.41 4.26015e-005
1166.05 3.57171e-005
1166.1 3.59884e-005
1166.3 4.26183e-005
1166.35 4.59203e-005
1166.4 4.26015e-005
1166.6 4.36955e-005
1168.05 3.57171e-005
1168.1 3.59884e-005
1168.3 4.26183e-005
1168.35 4.59203e-005
1168.4 4.26015e-005
1168.6 4.36955e-005
1170.05 3.57171e-005
1170.06 3.57171e-005
1170.1 3.59884e-005
1170.11 3.59884e-005
1170.3 4.26183e-005
1170.31 4.26183e-005
1170.35 4.59203e-005
1170.36 4.59203e-005
1170.4 4.26015e-005
1170.41 4.26015e-005
1170.6 4.36955e-005
1170.61 4.36955e-005
1172.05 3.57171e-005
1172.1 3.59884e-005
1172.3 4.26183e-005
1172.35 4.59203e-005
1172.4 4.26015e-005
1174.05 3.57171e-005
1174.1 3.59884e-005
1174.3 4.26183e-005
1174.35 4.59203e-005
1174.4 4.26015e-005
1174.6 4.36955e-005
1175.06 3.57171e-005
1175.11 3.59884e-005
1175.31 4.26183e-005
1175.36 4.59203e-005
1175.41 4.26015e-005
1176.05 3.57171e-005
1176.1 3.59884e-005
1176.3 4.26183e-005
1176.35 4.59203e-005
1176.4 4.26015e-005
1178.05 3.57171e-005
1178.1 3.59884e-005
1178.3 4.26183e-005
1178.35 4.59203e-005
1178.4 4.26015e-005
1178.6 4.36955e-005
1180.05 3.57171e-005
1180.06 3.57171e-005
1180.1 3.59884e-005
1180.11 3.59884e-005
1180.3 4.26183e-005
1180.31 4.26183e-005
1180.36 4.59203e-005
1180.4 4.26015e-005
1180.41 4.26015e-005
1180.61 4.36955e-005
1182.05 3.57171e-005
1182.1 3.59884e-005
1182.3 4.26183e-005
1182.4 4.26015e-005
1182.6 4.36955e-005
1184.05 3.57171e-005
1184.1 3.59884e-005
1184.3 4.26183e-005
1184.35 4.59203e-005
1184.4 4.26015e-005
1184.6 4.36955e-005
1185.06 3.57171e-005
1185.11 3.59884e-005
1185.31 4.26183e-005
1185.36 4.59203e-005
1185.41 4.26015e-005
1186.05 3.57171e-005
1186.1 3.59884e-005
1186.4 4.26015e-005
1188.05 3.57171e-005
1188.1 3.59884e-005
1188.3 4.26183e-005
1188.6 4.36955e-005
1190.05 3.57171e-005
1190.06 3.57171e-005
1190.1 3.59884e-005
1190.11 3.59884e-005
1190.3 4.26183e-005
1190.31 4.26183e-005
1190.35 4.59203e-005
1190.36 4.59203e-005
1190.4 4.26015e-005
1190.41 4.26015e-005
1190.6 4.36955e-005
1190.61 4.36955e-005
1192.05 3.57171e-005
1192.1 3.59884e-005
1192.3 4.26183e-005
1192.4 4.26015e-005
1192.6 4.36955e-005
1194.05 3.57171e-005
1194.1 3.59884e-005
1194.3 4.26183e-005
1194.35 4.59203e-005
1194.4 4.26015e-005
1195.06 3.57171e-005
1195.11 3.59884e-005
1195.31 4.26183e-005
1195.36 4.59203e-005
1195.41 4.26015e-005
1195.61 4.36955e-005
1196.05 3.57171e-005
1196.1 3.59884e-005
1196.35 4.59203e-005
1196.4 4.26015e-005
1196.6 4.36955e-005
1198.05 3.57171e-005
1198.1 3.59884e-005
1198.3 4.26183e-005
1198.35 4.59203e-005
1198.4 4.26015e-005
1198.6 4.36955e-005
