12.5 1
20.5 2
22.5 4
24.5 4
25.505 3
26.5 2
45.505 2
46.5 1
48.5 5
50.5 3
55.505 1
60.5 1
62.5 5
66.5 1
94.5 1
95.505 6
96.5 7
98.5 1
100.5 2
102.5 10
120.5 1
122.5 8
124.5 2
132.5 2
150.5 7
152.5 3
154.5 3
155.505 5
156.5 7
158.5 1
160.5 5
162.5 5
164.5 1
165.505 2
200.5 5
202.5 5
204.5 2
205.505 6
206.5 7
210.5 6
232.5 5
235.505 5
236.5 4
240.5 6
245.505 5
246.5 5
248.5 1
260.5 5
262.5 5
282.5 7
285.505 5
286.5 5
290.5 6
292.5 7
310.5 4
312.5 3
315.505 5
316.5 4
320.5 4
322.5 4
330.5 5
332.5 4
335.505 3
336.5 3
340.5 4
342.5 4
345.505 5
346.5 5
362.5 4
365.505 6
366.5 4
370.5 5
375.505 6
376.5 5
380.5 5
382.5 4
385.505 3
386.5 6
390.5 4
415.505 4
416.5 4
420.5 6
422.5 3
425.505 6
426.5 3
445.505 4
446.5 5
450.5 4
452.5 5
455.505 3
465.505 6
466.5 4
470.5 5
472.5 5
475.505 3
476.5 6
480.5 4
482.5 3
485.505 4
486.5 3
490.5 5
492.5 5
510.5 5
512.5 4
515.505 4
516.5 3
520.5 6
522.5 3
524.5 1
525.505 2
530.5 4
532.5 2
535.505 5
536.5 3
540.5 5
542.5 4
545.505 5
546.5 5
556.5 2
560.5 5
562.5 3
565.505 5
566.5 3
568.5 1
570.5 4
572.5 5
575.505 5
576.5 5
580.5 4
586.5 3
590.5 4
592.5 6
600.5 4
602.5 5
605.505 5
606.5 4
610.5 5
636.5 4
640.5 1
650.5 4
652.5 4
655.505 4
656.5 4
660.5 5
662.5 6
665.505 3
666.5 4
668.5 2
670.5 6
672.5 4
675.505 5
696.5 2
700.5 6
702.5 4
705.505 4
706.5 7
722.5 4
725.505 5
726.5 4
736.5 4
740.5 6
750.5 5
752.5 3
754.5 1
755.505 5
765.505 4
766.5 7
776.5 4
780.5 4
825.505 3
826.5 5
830.5 5
840.5 4
842.5 4
856.5 4
860.5 5
862.5 6
870.5 6
872.5 3
875.505 4
876.5 3
880.5 4
890.5 4
892.5 5
895.505 4
896.5 4
900.5 2
922.5 4
925.505 4
926.5 3
930.5 5
932.5 5
935.505 6
936.5 3
940.5 6
942.5 6
945.505 5
960.5 4
962.5 4
965.505 5
966.5 5
980.5 4
982.5 6
985.505 3
986.5 8
1010.5 4
1012.5 5
1015.51 6
1022.5 5
1025.51 6
1026.5 2
1055.51 5
1056.5 5
1092.5 4
1095.51 6
1096.5 5
1102.5 5
1105.51 5
1106.5 5
1125.51 6
1126.5 5
1130.5 4
1132.5 6
1135.51 5
1136.5 6
1142.5 2
1144.5 1
1145.51 3
1146.5 4
1150.5 3
1152.5 4
1155.51 4
1156.5 6
1166.5 4
1170.5 5
1172.5 5
1175.51 4
1176.5 6
1180.5 5
1182.5 4
