6.55 1
12.55 3
14.55 6
16.55 2
22.55 4
24.55 4
25.555 2
28.55 1
30.55 6
32.55 8
34.55 1
35.555 3
36.55 1
38.55 5
40.55 3
42.55 5
45.555 1
46.55 2
48.55 2
50.55 2
52.55 7
54.55 4
56.55 9
58.55 2
60.55 1
62.55 7
64.55 1
65.555 2
66.55 2
68.55 5
70.55 3
85.555 2
86.55 7
88.55 5
90.55 1
92.55 5
94.55 7
95.555 1
96.55 2
105.555 5
106.55 10
108.55 3
110.55 6
112.55 7
114.55 4
115.555 2
116.55 9
118.55 2
120.55 6
122.55 2
124.55 5
125.555 1
130.55 1
140.55 1
142.55 5
144.55 1
145.555 3
146.55 5
148.55 1
150.55 3
152.55 6
154.55 4
182.55 2
186.55 4
188.55 2
190.55 1
192.55 5
195.555 4
196.55 1
198.55 5
200.55 5
202.55 2
204.55 5
205.555 6
244.55 1
245.555 5
246.55 4
278.55 3
280.55 3
282.55 2
286.55 1
288.55 3
290.55 1
382.55 5
384.55 1
385.555 5
386.55 2
388.55 3
390.55 4
392.55 3
394.55 7
395.555 2
450.55 1
455.555 1
458.55 1
460.55 4
462.55 3
560.55 1
562.55 3
564.55 2
565.555 3
576.55 5
578.55 5
580.55 2
594.55 1
595.555 6
596.55 2
598.55 2
780.55 5
782.55 3
784.55 1
785.555 7
786.55 1
808.55 4
810.55 5
812.55 4
954.55 3
955.555 1
958.55 1
980.55 1
984.55 1
985.555 3
986.55 2
988.55 3
