6.6 4
8.6 7
10.6 1
12.6 7
14.6 6
16.6 6
20.6 4
22.6 5
24.6 4
25.605 4
26.6 1
28.6 3
30.6 4
32.6 7
34.6 1
35.605 3
36.6 5
38.6 2
40.6 6
45.605 3
48.6 4
50.6 7
52.6 2
54.6 2
55.605 7
56.6 3
58.6 2
60.6 3
62.6 5
64.6 1
65.605 3
66.6 5
68.6 1
70.6 9
72.6 3
74.6 1
75.605 7
76.6 5
80.6 5
82.6 6
84.6 2
85.605 6
86.6 6
90.6 2
92.6 4
94.6 7
95.605 2
96.6 1
98.6 8
100.6 7
102.6 3
104.6 4
105.605 10
106.6 4
108.6 5
110.6 5
112.6 7
115.605 7
116.6 6
120.6 7
122.6 4
124.6 3
125.605 1
126.6 4
128.6 4
130.6 1
132.6 7
136.6 3
138.6 2
140.6 6
142.6 1
144.6 2
145.605 6
146.6 1
148.6 3
150.6 5
152.6 5
155.605 7
156.6 3
158.6 3
160.6 7
162.6 3
164.6 2
165.605 8
166.6 3
168.6 1
170.6 6
172.6 9
175.605 7
176.6 4
180.6 5
182.6 5
185.605 4
186.6 3
190.6 6
192.6 4
195.605 7
196.6 4
198.6 2
200.6 6
202.6 1
204.6 5
205.605 7
222.6 1
224.6 6
225.605 2
226.6 4
228.6 4
230.6 5
242.6 2
244.6 4
245.605 4
246.6 2
252.6 2
254.6 4
255.605 5
256.6 1
260.6 4
276.6 2
278.6 3
280.6 3
282.6 4
286.6 2
288.6 6
290.6 6
292.6 3
294.6 4
295.605 5
296.6 2
318.6 5
320.6 3
322.6 1
325.605 2
346.6 3
348.6 5
350.6 2
352.6 2
354.6 6
355.605 1
356.6 2
358.6 6
374.6 6
375.605 5
376.6 2
378.6 4
380.6 3
382.6 2
384.6 4
385.605 2
386.6 4
388.6 3
390.6 4
392.6 2
396.6 3
398.6 4
400.6 3
402.6 3
408.6 4
410.6 4
412.6 1
444.6 5
445.605 2
446.6 2
448.6 5
450.6 2
452.6 3
454.6 4
455.605 1
456.6 3
458.6 2
460.6 3
462.6 3
468.6 6
470.6 4
472.6 1
474.6 5
475.605 2
476.6 1
478.6 5
498.6 5
500.6 3
502.6 1
504.6 5
505.605 4
506.6 1
508.6 3
516.6 3
518.6 4
520.6 5
522.6 3
542.6 4
544.6 4
545.605 4
546.6 2
548.6 4
558.6 2
560.6 4
562.6 2
564.6 2
565.605 4
566.6 3
568.6 2
570.6 2
572.6 3
574.6 4
575.605 4
576.6 2
578.6 4
580.6 2
582.6 3
590.6 7
592.6 1
594.6 4
595.605 5
596.6 2
598.6 4
602.6 2
604.6 6
605.605 3
606.6 2
658.6 5
660.6 2
662.6 3
664.6 6
665.605 1
666.6 4
668.6 4
676.6 2
678.6 4
680.6 2
682.6 2
688.6 3
690.6 4
692.6 1
700.6 2
702.6 1
704.6 5
705.605 4
706.6 2
708.6 5
710.6 2
712.6 3
714.6 4
715.605 4
744.6 5
745.605 4
746.6 3
748.6 5
750.6 4
758.6 6
760.6 5
762.6 2
764.6 5
765.605 4
766.6 1
778.6 5
780.6 3
782.6 3
784.6 5
785.605 2
800.6 2
802.6 3
804.6 3
805.605 4
806.6 3
808.6 3
810.6 5
812.6 3
822.6 3
824.6 5
825.605 1
826.6 3
858.6 4
860.6 3
862.6 3
864.6 5
865.605 3
866.6 2
886.6 1
890.6 2
892.6 2
928.6 4
930.6 3
932.6 3
952.6 1
954.6 3
955.605 3
956.6 3
972.6 3
974.6 4
975.605 2
976.6 3
978.6 4
980.6 2
982.6 3
985.605 1
986.6 4
988.6 6
1004.6 6
1005.61 3
1006.6 2
1010.6 2
1040.6 4
1042.6 2
1044.6 4
1045.61 1
1046.6 2
1048.6 4
1054.6 5
1055.61 4
1056.6 2
1058.6 4
1100.6 2
1102.6 2
1104.6 5
1105.61 2
1130.6 2
1132.6 4
1134.6 4
1135.61 4
1150.6 2
1152.6 1
1154.6 4
1155.61 2
1166.6 2
1168.6 5
1170.6 3
1172.6 2
1174.6 5
1175.61 2
1176.6 3
