5.655 1
6.65 9
8.65 1
10.65 3
12.65 10
15.655 1
16.65 8
18.65 1
22.65 5
24.65 4
25.655 1
26.65 2
28.65 8
30.65 9
32.65 1
34.65 1
35.655 7
36.65 3
40.65 8
42.65 1
46.65 2
48.65 3
50.65 6
52.65 4
54.65 1
55.655 6
56.65 5
58.65 1
60.65 4
62.65 5
65.655 4
66.65 4
68.65 1
70.65 10
72.65 2
75.655 11
76.65 1
80.65 6
82.65 4
84.65 3
85.655 6
86.65 4
88.65 3
90.65 3
92.65 5
94.65 3
95.655 4
96.65 8
98.65 2
100.65 7
102.65 5
104.65 2
105.655 10
106.65 4
108.65 3
110.65 1
112.65 8
118.65 4
120.65 3
122.65 10
124.65 1
125.655 4
126.65 4
130.65 5
132.65 4
134.65 1
135.655 7
136.65 2
138.65 2
140.65 8
142.65 4
144.65 1
145.655 1
146.65 3
150.65 5
152.65 1
154.65 4
155.655 6
156.65 7
158.65 1
160.65 2
162.65 8
164.65 4
166.65 12
168.65 3
170.65 5
172.65 8
175.655 9
176.65 2
180.65 8
182.65 2
185.655 6
186.65 4
188.65 2
190.65 5
192.65 3
194.65 2
195.655 6
196.65 6
200.65 5
202.65 5
210.65 7
215.655 2
220.65 1
225.655 1
226.65 2
230.65 1
234.65 2
235.655 1
240.65 2
246.65 6
248.65 5
250.65 1
260.65 1
280.65 1
282.65 1
285.655 7
286.65 3
290.65 7
302.65 2
310.65 5
312.65 2
318.65 1
355.655 1
364.65 6
365.655 3
366.65 6
370.65 1
376.65 8
380.65 1
382.65 3
385.655 5
386.65 4
410.65 1
415.655 1
416.65 5
418.65 2
435.655 1
436.65 1
440.65 1
442.65 1
460.65 1
465.655 1
482.65 3
485.655 5
486.65 2
492.65 7
500.65 1
510.65 1
515.655 1
524.65 1
525.655 2
526.65 3
530.65 1
535.655 1
536.65 6
538.65 1
540.65 1
568.65 2
570.65 1
572.65 5
575.655 1
580.65 5
585.655 2
600.65 1
604.65 2
608.65 3
612.65 7
620.65 1
625.655 1
626.65 2
630.65 1
642.65 2
645.655 2
680.65 1
682.65 2
685.655 1
690.65 1
692.65 2
695.655 1
700.65 1
704.65 2
705.655 1
708.65 4
712.65 1
715.655 2
720.65 1
724.65 2
726.65 6
728.65 3
745.655 1
746.65 1
750.65 6
755.655 2
765.655 1
770.65 2
772.65 1
775.655 1
776.65 1
778.65 2
780.65 1
782.65 6
795.655 1
800.65 1
810.65 2
816.65 2
820.65 7
822.65 3
825.655 1
840.65 1
844.65 2
845.655 1
850.65 2
852.65 2
866.65 2
874.65 2
876.65 5
878.65 1
880.65 1
885.655 1
890.65 1
906.65 1
915.655 1
920.65 1
922.65 1
925.655 1
928.65 1
930.65 1
955.655 1
960.65 6
962.65 2
965.655 7
970.65 1
975.655 1
984.65 3
985.655 1
986.65 4
1000.65 1
1010.65 1
1014.65 3
1016.65 6
1020.65 1
1055.66 1
1072.65 2
1075.66 1
1076.65 1
1080.65 1
1085.66 1
1090.65 1
1095.66 1
1096.65 3
1100.65 5
1102.65 4
1105.66 5
1110.65 1
1112.65 1
1115.66 1
1116.65 1
1120.65 2
1122.65 1
1125.66 1
1128.65 2
1135.66 1
1145.66 2
1150.65 1
1155.66 1
1168.65 2
1170.65 1
1174.65 3
1175.66 1
1176.65 6
