6.7 9
8.7 1
10.7 5
12.7 8
15.705 3
16.7 7
20.7 1
22.7 4
24.7 4
26.7 10
28.7 1
32.7 1
36.7 8
40.7 9
45.705 1
46.7 2
50.7 1
52.7 1
55.705 1
56.7 8
60.7 1
62.7 3
66.7 2
80.7 6
82.7 6
84.7 2
85.705 5
86.7 5
88.7 3
90.7 1
92.7 9
94.7 1
95.705 6
96.7 7
98.7 1
100.7 1
102.7 2
105.705 5
106.7 6
108.7 7
110.7 7
112.7 5
115.705 9
116.7 4
118.7 2
120.7 7
122.7 1
130.7 1
132.7 2
135.705 1
136.7 2
142.7 1
150.7 1
152.7 5
154.7 4
155.705 3
156.7 11
160.7 8
162.7 4
165.705 8
166.7 7
168.7 2
170.7 7
172.7 5
174.7 1
175.705 7
176.7 3
178.7 1
198.7 1
200.7 5
202.7 5
