10.75 1
22.75 4
50.75 1
52.75 1
55.755 8
60.75 2
62.75 4
65.755 1
80.75 2
82.75 4
84.75 2
85.755 1
88.75 3
90.75 3
92.75 8
95.755 7
96.75 6
98.75 1
100.75 7
102.75 7
105.755 1
106.75 6
116.75 5
118.75 1
120.75 8
122.75 2
130.75 1
132.75 1
136.75 2
138.75 1
140.75 1
142.75 6
145.755 1
172.75 7
174.75 8
175.755 1
176.75 9
178.75 1
180.75 7
182.75 3
185.755 2
186.75 7
190.75 1
192.75 6
194.75 1
195.755 3
204.75 4
205.755 3
206.75 7
208.75 5
210.75 1
212.75 7
220.75 1
225.755 1
230.75 1
232.75 1
234.75 3
235.755 1
266.75 2
280.75 1
286.75 6
288.75 4
290.75 2
292.75 6
294.75 5
295.755 1
296.75 2
300.75 4
302.75 1
305.755 3
312.75 6
315.755 1
316.75 6
334.75 3
335.755 1
336.75 4
338.75 1
340.75 1
342.75 5
344.75 2
345.755 1
348.75 2
350.75 1
352.75 2
356.75 1
366.75 6
368.75 3
370.75 1
372.75 6
375.755 1
376.75 7
378.75 3
390.75 1
392.75 5
395.755 1
396.75 1
416.75 6
418.75 2
468.75 2
470.75 1
472.75 6
474.75 3
475.755 1
476.75 4
478.75 4
480.75 1
482.75 5
484.75 1
485.755 1
486.75 5
488.75 1
490.75 1
492.75 6
494.75 3
495.755 1
496.75 1
500.75 1
540.75 1
542.75 6
596.75 1
600.75 1
602.75 6
606.75 7
608.75 3
625.755 1
626.75 2
650.75 1
652.75 6
654.75 1
655.755 1
656.75 5
658.75 2
660.75 1
662.75 7
668.75 2
680.75 1
686.75 1
690.75 1
692.75 2
702.75 8
704.75 2
705.755 1
706.75 5
728.75 2
730.75 1
732.75 1
735.755 1
736.75 1
738.75 5
740.75 2
742.75 7
745.755 1
760.75 2
762.75 4
765.755 1
766.75 5
768.75 5
770.75 1
772.75 2
780.75 1
782.75 6
785.755 1
786.75 2
790.75 1
808.75 2
810.75 2
812.75 5
815.755 1
816.75 1
826.75 4
828.75 4
830.75 1
832.75 6
835.755 1
846.75 1
850.75 2
860.75 1
862.75 7
864.75 3
865.755 1
866.75 1
876.75 5
878.75 2
880.75 1
882.75 6
890.75 1
892.75 5
894.75 3
895.755 1
900.75 1
902.75 3
905.755 1
906.75 1
938.75 2
940.75 1
965.755 1
966.75 6
968.75 3
980.75 1
982.75 5
985.755 1
995.755 1
996.75 1
1000.75 1
1020.75 1
1022.75 1
1026.75 7
1028.75 1
1030.75 1
1032.75 1
1035.76 1
1036.75 1
1070.75 1
1072.75 1
1092.75 1
1094.75 3
1095.76 1
1096.75 9
1098.75 1
1100.75 1
1102.75 1
1125.76 1
1126.75 7
1128.75 3
1130.75 1
1132.75 5
1134.75 4
1135.76 1
1155.76 1
1156.75 5
1158.75 4
1160.75 1
1162.75 1
1165.76 1
1172.75 7
1174.75 3
1175.76 1
1176.75 5
1184.75 4
1185.76 1
1186.75 1
1190.75 1
1195.76 1
1196.75 1
