5.805 1
10.8 3
12.8 6
14.8 6
15.805 2
16.8 4
20.8 1
22.8 7
24.8 1
25.805 7
26.8 4
32.8 1
52.8 8
54.8 4
55.805 2
56.8 8
58.8 1
60.8 2
86.8 5
88.8 3
90.8 3
92.8 7
94.8 1
96.8 1
102.8 1
105.805 1
106.8 7
108.8 3
110.8 9
112.8 8
114.8 1
115.805 4
120.8 1
128.8 4
130.8 4
132.8 6
134.8 1
135.805 8
145.805 1
148.8 1
150.8 9
152.8 4
155.805 8
158.8 1
160.8 3
162.8 9
164.8 3
165.805 2
166.8 11
168.8 2
170.8 8
172.8 2
175.805 1
185.805 1
194.8 2
195.805 3
202.8 5
204.8 6
205.805 7
206.8 1
208.8 6
220.8 1
222.8 4
224.8 5
225.805 2
226.8 3
228.8 5
230.8 1
242.8 3
244.8 5
245.805 3
248.8 4
260.8 4
262.8 2
264.8 5
265.805 2
266.8 2
268.8 5
270.8 2
272.8 1
280.8 1
286.8 4
288.8 5
290.8 3
292.8 4
304.8 6
305.805 3
308.8 6
310.8 1
312.8 2
315.805 1
316.8 3
318.8 5
320.8 1
322.8 2
324.8 2
325.805 2
326.8 1
328.8 5
330.8 2
338.8 4
340.8 1
345.805 1
346.8 2
350.8 1
354.8 6
355.805 2
356.8 1
358.8 1
360.8 6
364.8 4
365.805 1
366.8 5
368.8 4
370.8 1
378.8 6
380.8 3
382.8 3
384.8 1
385.805 5
396.8 6
398.8 4
400.8 3
402.8 1
416.8 2
418.8 1
420.8 6
422.8 3
424.8 3
425.805 3
434.8 4
435.805 1
436.8 4
438.8 1
440.8 4
445.805 1
448.8 1
450.8 5
455.805 4
460.8 4
462.8 4
464.8 5
465.805 3
466.8 3
476.8 1
478.8 2
484.8 1
485.805 6
486.8 3
488.8 4
490.8 3
492.8 4
495.805 1
506.8 5
508.8 4
510.8 2
512.8 2
514.8 4
515.805 2
516.8 2
518.8 3
520.8 1
526.8 4
528.8 4
530.8 1
532.8 2
534.8 3
535.805 1
536.8 4
538.8 3
540.8 1
548.8 5
550.8 2
552.8 3
555.805 5
564.8 5
565.805 4
566.8 2
568.8 2
570.8 1
575.805 1
578.8 5
580.8 3
584.8 1
585.805 1
586.8 6
588.8 2
595.805 1
600.8 1
602.8 3
604.8 5
605.805 2
606.8 3
610.8 5
614.8 1
616.8 3
618.8 4
620.8 2
628.8 6
630.8 2
632.8 3
635.805 1
636.8 3
638.8 4
640.8 1
642.8 3
645.805 5
646.8 3
648.8 3
650.8 1
652.8 3
655.805 1
656.8 3
658.8 6
660.8 3
662.8 1
664.8 7
665.805 2
666.8 2
668.8 5
670.8 2
674.8 5
675.805 2
676.8 3
678.8 5
680.8 1
682.8 3
684.8 1
685.805 7
704.8 6
705.805 2
706.8 3
708.8 1
710.8 1
712.8 3
714.8 5
715.805 1
716.8 2
718.8 5
720.8 1
740.8 5
744.8 6
745.805 4
746.8 2
750.8 8
752.8 3
754.8 3
755.805 1
756.8 4
760.8 6
762.8 1
765.805 7
768.8 2
770.8 7
772.8 1
774.8 6
775.805 1
778.8 4
784.8 1
785.805 6
786.8 2
788.8 3
790.8 2
792.8 2
795.805 1
796.8 2
798.8 1
800.8 2
802.8 2
804.8 4
805.805 3
806.8 3
808.8 4
810.8 1
812.8 5
815.805 2
818.8 6
820.8 2
822.8 4
824.8 4
825.805 1
826.8 1
828.8 6
830.8 1
842.8 3
844.8 4
845.805 1
848.8 1
850.8 1
860.8 2
865.805 2
870.8 7
872.8 3
874.8 3
875.805 2
876.8 1
880.8 1
886.8 1
890.8 2
892.8 1
896.8 3
898.8 5
900.8 1
905.805 1
910.8 2
912.8 4
914.8 3
915.805 1
920.8 5
925.805 1
930.8 1
932.8 8
936.8 4
938.8 5
940.8 2
960.8 3
962.8 4
964.8 4
965.805 2
968.8 5
970.8 1
972.8 3
974.8 4
975.805 2
976.8 3
980.8 1
982.8 3
984.8 2
985.805 1
986.8 4
990.8 1
995.805 4
998.8 6
1000.8 1
1004.8 6
1005.81 2
1006.8 3
1008.8 1
1010.8 5
1014.8 2
1016.8 6
1020.8 2
1022.8 4
1024.8 4
1025.81 3
1026.8 3
1030.8 2
1032.8 3
1035.81 1
1040.8 8
1042.8 2
1050.8 1
1056.8 3
1060.8 1
1062.8 3
1064.8 3
1065.81 2
1066.8 3
1068.8 4
1070.8 1
1088.8 4
1090.8 1
1092.8 4
1094.8 4
1095.81 2
1098.8 5
1100.8 1
1105.81 1
1106.8 4
1110.8 1
1112.8 4
1114.8 4
1115.81 2
1116.8 3
1120.8 2
1124.8 4
1125.81 3
1126.8 4
1128.8 4
1130.8 2
1132.8 3
1134.8 5
1135.81 2
1148.8 1
1150.8 1
1152.8 2
1155.81 1
1158.8 1
1160.8 2
1165.81 1
1166.8 1
1168.8 1
1170.8 2
1175.81 1
1176.8 3
1180.8 2
1182.8 3
1184.8 4
1185.81 2
1188.8 1
1190.8 2
1194.8 4
1195.81 1
