5.855 1
6.85 8
8.85 1
10.85 6
12.85 7
20.85 2
22.85 6
24.85 1
25.855 8
50.85 8
52.85 4
55.855 3
56.85 7
58.85 1
60.85 3
72.85 1
74.85 1
75.855 8
76.85 4
78.85 1
80.85 9
82.85 3
85.855 9
86.85 4
90.85 6
92.85 4
94.85 1
95.855 8
96.85 6
100.85 3
102.85 5
104.85 5
105.855 6
106.85 7
108.85 2
110.85 5
112.85 4
114.85 3
115.855 1
116.85 3
118.85 3
122.85 1
126.85 1
128.85 4
130.85 1
138.85 1
142.85 3
144.85 9
145.855 1
146.85 2
158.85 1
160.85 4
162.85 9
164.85 2
165.855 12
166.85 3
170.85 10
178.85 1
180.85 1
182.85 9
185.855 1
186.85 9
188.85 2
190.85 6
196.85 7
200.85 8
208.85 4
210.85 10
215.855 8
220.85 8
222.85 2
225.855 7
226.85 1
230.85 9
232.85 2
235.855 3
240.85 8
242.85 2
245.855 6
246.85 5
250.85 8
252.85 2
255.855 7
256.85 2
260.85 3
265.855 6
266.85 3
270.85 5
272.85 3
275.855 6
280.85 8
282.85 3
285.855 8
288.85 2
290.85 10
292.85 3
295.855 9
296.85 2
300.85 9
302.85 1
305.855 9
306.85 2
310.85 6
312.85 1
320.85 1
322.85 3
325.855 2
326.85 4
330.85 7
344.85 2
345.855 8
346.85 2
350.85 7
352.85 3
355.855 5
356.85 4
360.85 6
362.85 2
365.855 9
368.85 1
370.85 8
372.85 1
375.855 9
376.85 3
390.85 7
392.85 4
395.855 8
396.85 3
400.85 7
402.85 3
405.855 2
406.85 2
410.85 6
412.85 1
415.855 6
416.85 2
425.855 7
426.85 2
430.85 6
432.85 2
435.855 7
436.85 3
440.85 3
442.85 2
445.855 5
450.85 1
452.85 4
455.855 4
456.85 3
460.85 3
462.85 4
465.855 8
466.85 2
470.85 8
472.85 2
475.855 6
476.85 3
490.85 6
492.85 2
494.85 1
495.855 7
496.85 2
500.85 4
502.85 2
505.855 6
506.85 2
510.85 7
522.85 4
524.85 1
525.855 2
526.85 6
530.85 6
532.85 1
550.85 7
552.85 1
555.855 5
556.85 2
572.85 9
575.855 2
576.85 3
580.85 6
582.85 3
585.855 3
586.85 1
590.85 4
595.855 6
600.85 3
602.85 6
605.855 6
606.85 3
610.85 7
612.85 2
615.855 6
616.85 1
620.85 7
622.85 2
625.855 7
626.85 1
630.85 7
632.85 2
635.855 5
636.85 3
640.85 4
642.85 3
645.855 8
646.85 1
650.85 7
652.85 1
672.85 4
675.855 7
676.85 3
680.85 7
682.85 1
685.855 2
690.85 8
692.85 2
695.855 8
704.85 1
705.855 3
706.85 8
710.85 5
712.85 4
715.855 8
716.85 3
720.85 3
722.85 2
725.855 6
726.85 3
730.85 4
732.85 1
735.855 9
736.85 1
740.85 5
742.85 6
745.855 10
746.85 2
750.85 7
752.85 2
754.85 1
755.855 7
756.85 2
760.85 9
762.85 3
765.855 7
768.85 3
770.85 8
772.85 1
775.855 6
776.85 2
780.85 7
782.85 4
785.855 3
786.85 4
790.85 8
792.85 2
795.855 8
800.85 3
802.85 2
805.855 7
810.85 9
812.85 2
815.855 8
816.85 1
820.85 8
822.85 2
825.855 5
826.85 3
830.85 4
832.85 6
835.855 7
836.85 1
840.85 6
842.85 2
845.855 6
846.85 2
850.85 5
852.85 2
855.855 6
856.85 3
860.85 8
862.85 3
865.855 8
866.85 3
870.85 8
878.85 2
880.85 7
882.85 2
885.855 5
886.85 1
890.85 7
900.85 5
902.85 1
905.855 3
906.85 2
910.85 2
912.85 2
915.855 6
920.85 6
922.85 2
925.855 6
935.855 7
945.855 2
946.85 3
950.85 4
955.855 6
960.85 7
965.855 9
966.85 1
970.85 6
972.85 2
975.855 7
976.85 2
980.85 6
982.85 4
985.855 6
986.85 1
990.85 5
995.855 3
996.85 2
1000.85 8
1002.85 2
1005.86 6
1006.85 3
1010.85 5
1012.85 3
1015.86 1
1016.85 6
1020.85 7
1022.85 1
1025.86 7
1026.85 2
1030.85 4
1035.86 7
1036.85 2
1040.85 7
1042.85 3
1045.86 3
1046.85 4
1050.85 7
1052.85 2
1055.86 7
1056.85 3
1060.85 5
1062.85 2
1065.86 6
1066.85 1
1070.85 7
1072.85 1
1075.86 8
1076.85 1
1080.85 3
1082.85 1
1085.86 6
1090.85 3
1092.85 2
1095.86 9
1096.85 2
1100.85 8
1102.85 1
1105.86 7
1106.85 3
1110.85 7
1112.85 2
1115.86 7
1116.85 2
1120.85 8
1122.85 2
1125.86 9
1126.85 2
1134.85 4
1135.86 8
1136.85 3
1140.85 6
1142.85 1
1144.85 1
1145.86 5
1155.86 7
1156.85 3
1160.85 8
1162.85 2
1165.86 7
1166.85 2
1180.85 6
1184.85 2
1185.86 8
1186.85 3
1190.85 4
1192.85 1
1195.86 9
1196.85 2
