6.1 3
8.1 3
10.1 1
12.1 3
14.1 2
16.1 3
20.1 4
22.1 3
24.1 2
25.105 2
26.1 6
28.1 1
30.1 2
32.1 9
34.1 4
35.105 1
36.1 2
38.1 4
40.1 2
42.1 6
48.1 2
50.1 5
52.1 7
54.1 2
56.1 1
58.1 4
60.1 4
62.1 5
66.1 1
72.1 6
74.1 5
76.1 1
78.1 1
88.1 4
90.1 4
92.1 6
94.1 2
95.105 4
96.1 1
100.1 11
102.1 6
104.1 3
105.105 4
106.1 10
108.1 5
112.1 8
114.1 5
115.105 4
116.1 3
118.1 7
120.1 2
122.1 9
124.1 7
126.1 3
128.1 1
130.1 3
132.1 1
134.1 7
135.105 1
136.1 3
152.1 1
154.1 12
155.105 1
156.1 6
158.1 5
160.1 2
162.1 7
164.1 3
166.1 1
168.1 11
170.1 1
172.1 6
174.1 3
175.105 6
176.1 2
178.1 7
180.1 2
182.1 2
184.1 5
185.105 3
186.1 3
188.1 4
190.1 2
192.1 1
194.1 3
195.105 2
196.1 2
200.1 6
202.1 3
204.1 2
205.105 2
206.1 7
208.1 5
210.1 3
212.1 5
214.1 4
225.105 1
226.1 7
228.1 4
230.1 2
232.1 5
234.1 4
238.1 4
242.1 6
244.1 3
245.105 2
246.1 5
248.1 2
250.1 3
252.1 6
254.1 4
255.105 1
256.1 5
258.1 3
260.1 2
290.1 4
292.1 1
294.1 5
295.105 4
296.1 4
298.1 3
300.1 2
302.1 6
304.1 3
305.105 1
306.1 5
308.1 4
364.1 3
365.105 2
366.1 5
368.1 4
378.1 4
380.1 2
382.1 5
420.1 1
422.1 5
424.1 4
425.105 4
426.1 1
428.1 5
462.1 3
464.1 5
465.105 1
466.1 6
488.1 6
490.1 1
492.1 1
522.1 1
586.1 1
668.1 3
670.1 2
672.1 5
696.1 1
698.1 3
700.1 1
702.1 2
712.1 1
736.1 1
738.1 5
740.1 1
742.1 3
744.1 4
745.105 1
746.1 6
748.1 4
750.1 2
752.1 6
754.1 2
760.1 1
762.1 4
764.1 4
805.105 4
806.1 1
808.1 2
810.1 4
812.1 4
814.1 4
852.1 1
864.1 4
865.105 2
866.1 6
868.1 1
870.1 3
910.1 1
912.1 1
914.1 4
932.1 5
934.1 3
935.105 3
936.1 5
938.1 2
940.1 2
942.1 5
944.1 4
1014.1 3
1015.11 2
1016.1 5
1018.1 4
1020.1 1
1022.1 6
1024.1 3
1025.11 2
1026.1 6
1028.1 4
1030.1 3
1032.1 1
1072.1 1
1074.1 2
1075.11 2
1076.1 6
1078.1 5
1080.1 1
1092.1 5
1094.1 5
1095.11 1
1096.1 5
1118.1 3
1120.1 1
1122.1 6
1124.1 6
1125.11 1
1126.1 3
1128.1 4
1198.1 6
