6.15 1
8.15 1
10.15 2
22.15 4
24.15 3
25.155 4
26.15 3
30.15 2
32.15 11
34.15 2
35.155 2
36.15 8
38.15 2
40.15 1
42.15 5
46.15 2
48.15 1
52.15 7
54.15 1
56.15 1
66.15 1
70.15 5
72.15 8
74.15 4
75.155 3
76.15 2
78.15 3
80.15 2
84.15 5
85.155 4
86.15 4
90.15 5
92.15 5
94.15 6
95.155 5
96.15 2
98.15 9
100.15 3
102.15 7
104.15 3
105.155 4
106.15 9
108.15 3
110.15 1
112.15 7
114.15 5
115.155 5
132.15 1
154.15 11
155.155 3
156.15 10
158.15 3
160.15 2
162.15 7
164.15 2
165.155 1
166.15 6
168.15 5
170.15 1
174.15 5
175.155 6
176.15 1
178.15 9
180.15 1
182.15 1
194.15 3
195.155 3
196.15 1
200.15 7
202.15 3
204.15 3
205.155 6
206.15 6
208.15 3
210.15 4
212.15 5
214.15 5
216.15 4
220.15 4
222.15 4
224.15 1
225.155 6
226.15 5
228.15 2
230.15 5
232.15 4
234.15 1
235.155 5
236.15 4
240.15 6
242.15 3
244.15 2
245.155 4
246.15 3
248.15 3
250.15 5
252.15 5
254.15 1
255.155 5
256.15 3
258.15 2
260.15 1
262.15 2
264.15 2
265.155 5
266.15 2
268.15 3
270.15 4
272.15 4
275.155 4
276.15 2
278.15 3
280.15 3
282.15 4
284.15 3
285.155 4
286.15 4
288.15 2
290.15 5
292.15 6
294.15 2
295.155 5
296.15 4
298.15 2
300.15 5
302.15 4
304.15 1
305.155 5
306.15 4
308.15 6
312.15 2
314.15 1
316.15 2
318.15 7
322.15 2
324.15 2
326.15 1
328.15 1
330.15 4
332.15 4
334.15 1
335.155 4
336.15 2
340.15 4
342.15 3
345.155 5
346.15 4
348.15 6
352.15 4
354.15 6
356.15 4
358.15 1
360.15 4
362.15 3
364.15 2
365.155 5
366.15 4
368.15 1
370.15 4
372.15 4
375.155 6
376.15 4
378.15 2
380.15 5
382.15 5
384.15 1
385.155 4
386.15 3
388.15 3
390.15 3
392.15 3
394.15 3
395.155 5
396.15 5
398.15 1
400.15 4
402.15 4
404.15 2
405.155 4
406.15 3
408.15 6
412.15 4
414.15 4
416.15 3
418.15 1
420.15 5
422.15 4
424.15 4
426.15 6
428.15 3
432.15 4
434.15 1
435.155 3
436.15 4
438.15 2
440.15 3
442.15 3
445.155 5
446.15 4
448.15 1
450.15 5
452.15 4
454.15 2
455.155 3
456.15 4
458.15 1
460.15 2
462.15 5
464.15 1
465.155 6
466.15 4
468.15 5
472.15 4
474.15 1
475.155 5
476.15 2
478.15 2
480.15 5
482.15 3
484.15 1
485.155 4
486.15 4
488.15 3
490.15 3
492.15 5
494.15 5
496.15 3
498.15 1
500.15 5
502.15 3
504.15 1
505.155 5
506.15 3
508.15 2
510.15 3
512.15 2
514.15 2
515.155 5
516.15 3
518.15 1
520.15 4
522.15 5
524.15 2
525.155 2
526.15 5
528.15 4
532.15 3
534.15 4
536.15 5
540.15 3
542.15 4
544.15 1
545.155 4
546.15 3
548.15 3
550.15 4
552.15 5
555.155 4
556.15 2
558.15 4
562.15 4
564.15 2
565.155 2
566.15 6
568.15 3
572.15 4
574.15 1
575.155 4
576.15 5
578.15 5
582.15 5
584.15 1
585.155 4
586.15 5
588.15 1
590.15 3
592.15 4
594.15 1
595.155 4
596.15 4
598.15 7
602.15 3
605.155 6
606.15 2
608.15 3
610.15 4
612.15 3
614.15 2
615.155 4
616.15 4
618.15 4
622.15 3
624.15 2
625.155 4
626.15 2
628.15 6
632.15 4
635.155 5
636.15 1
638.15 7
642.15 3
644.15 1
645.155 3
646.15 4
648.15 4
652.15 4
654.15 5
656.15 3
658.15 2
660.15 5
662.15 3
664.15 2
665.155 6
666.15 3
668.15 2
670.15 5
672.15 4
674.15 1
675.155 4
676.15 4
678.15 2
680.15 4
682.15 2
684.15 2
685.155 6
686.15 3
688.15 2
690.15 3
692.15 4
694.15 1
695.155 6
696.15 4
698.15 1
700.15 2
702.15 3
704.15 6
706.15 4
708.15 2
710.15 5
712.15 2
714.15 3
715.155 5
716.15 2
718.15 3
720.15 5
722.15 2
724.15 2
725.155 4
726.15 4
728.15 1
730.15 4
732.15 4
735.155 6
736.15 4
738.15 3
740.15 3
742.15 4
744.15 1
745.155 6
746.15 4
748.15 2
750.15 6
752.15 2
754.15 3
755.155 3
756.15 4
758.15 1
760.15 4
762.15 4
764.15 2
765.155 5
766.15 4
768.15 2
770.15 5
772.15 1
774.15 2
775.155 6
776.15 5
778.15 4
782.15 5
784.15 1
785.155 5
786.15 2
788.15 3
790.15 5
792.15 3
794.15 1
795.155 6
796.15 4
798.15 1
802.15 4
804.15 4
805.155 1
806.15 2
808.15 4
810.15 4
812.15 4
814.15 8
816.15 2
818.15 3
820.15 6
822.15 4
824.15 5
826.15 1
828.15 7
832.15 5
835.155 5
836.15 3
840.15 5
842.15 4
844.15 4
846.15 3
848.15 1
850.15 1
852.15 5
854.15 1
855.155 4
856.15 3
858.15 2
860.15 4
862.15 4
864.15 2
865.155 6
866.15 1
868.15 3
870.15 6
872.15 4
874.15 4
876.15 1
878.15 6
882.15 4
885.155 5
886.15 3
888.15 4
892.15 3
894.15 2
895.155 5
896.15 3
898.15 5
902.15 2
904.15 1
905.155 5
906.15 4
908.15 1
910.15 1
912.15 4
914.15 4
916.15 3
920.15 3
922.15 5
924.15 4
926.15 4
930.15 4
932.15 3
934.15 3
935.155 5
936.15 2
938.15 2
940.15 4
942.15 5
944.15 7
946.15 4
948.15 6
952.15 3
954.15 3
956.15 5
958.15 1
960.15 3
962.15 3
964.15 1
965.155 4
966.15 5
970.15 5
972.15 3
974.15 1
975.155 4
976.15 4
978.15 6
982.15 3
984.15 2
986.15 4
988.15 7
992.15 5
994.15 1
995.155 3
996.15 2
998.15 2
1000.15 5
1002.15 2
1004.15 2
1005.16 6
1006.15 4
1008.15 1
1010.15 4
1012.15 3
1014.15 2
1015.16 5
1016.15 4
1018.15 1
1020.15 5
1022.15 4
1024.15 2
1025.16 5
1026.15 5
1028.15 3
1030.15 1
1032.15 4
1034.15 5
1036.15 4
1040.15 5
1042.15 4
1044.15 2
1045.16 4
1046.15 3
1048.15 1
1050.15 3
1052.15 5
1054.15 4
1056.15 4
1058.15 6
1062.15 2
1064.15 2
1065.16 3
1066.15 3
1068.15 1
1070.15 4
1072.15 3
1074.15 2
1075.16 5
1076.15 4
1078.15 3
1080.15 2
1082.15 3
1084.15 4
1086.15 2
1088.15 2
1090.15 4
1092.15 4
1094.15 2
1095.16 4
1096.15 5
1098.15 1
1100.15 4
1102.15 3
1104.15 1
1105.16 5
1106.15 4
1108.15 2
1110.15 4
1112.15 3
1114.15 2
1115.16 4
1116.15 3
1118.15 2
1120.15 5
1122.15 5
1124.15 3
1125.16 2
1126.15 5
1128.15 5
1132.15 4
1134.15 2
1135.16 4
1136.15 4
1138.15 7
1142.15 4
1144.15 1
1145.16 3
1146.15 2
1148.15 1
1150.15 4
1152.15 3
1154.15 4
1156.15 4
1158.15 1
1160.15 5
1162.15 3
1165.16 6
1166.15 2
1168.15 2
1170.15 5
1172.15 3
1174.15 7
1176.15 4
1178.15 1
1182.15 3
1184.15 6
1186.15 4
1188.15 1
1190.15 5
1192.15 5
1195.16 5
1196.15 4
1198.15 3
