6.2 6
8.2 6
12.2 7
16.2 3
20.2 6
22.2 3
24.2 2
25.205 6
26.2 1
30.2 3
32.2 8
48.2 5
52.2 6
54.2 4
55.205 1
56.2 7
58.2 4
60.2 2
62.2 7
64.2 6
65.205 2
66.2 5
68.2 5
70.2 2
72.2 7
75.205 1
76.2 1
78.2 4
80.2 1
82.2 5
84.2 4
85.205 4
86.2 5
88.2 4
90.2 5
92.2 3
94.2 4
96.2 8
98.2 8
100.2 1
102.2 7
104.2 7
105.205 4
106.2 9
108.2 3
110.2 1
112.2 8
114.2 4
115.205 1
116.2 10
118.2 2
120.2 3
122.2 1
125.205 1
126.2 4
128.2 3
132.2 8
134.2 2
135.205 1
136.2 7
138.2 3
142.2 5
144.2 2
146.2 4
152.2 7
154.2 3
155.205 4
156.2 10
158.2 2
160.2 3
162.2 6
164.2 2
166.2 8
172.2 7
174.2 9
176.2 9
178.2 2
180.2 1
182.2 4
184.2 2
185.205 4
186.2 2
188.2 4
190.2 3
192.2 3
194.2 2
195.205 2
198.2 6
200.2 3
202.2 2
204.2 7
205.205 3
206.2 6
208.2 5
210.2 1
212.2 4
216.2 4
218.2 4
222.2 4
224.2 6
226.2 4
228.2 6
230.2 1
232.2 1
234.2 3
236.2 4
238.2 5
240.2 1
242.2 5
244.2 4
245.205 1
246.2 2
248.2 1
250.2 4
252.2 8
254.2 5
255.205 1
256.2 4
260.2 2
262.2 4
264.2 5
266.2 5
268.2 4
272.2 2
274.2 6
282.2 4
284.2 7
286.2 4
288.2 6
292.2 5
294.2 8
296.2 5
298.2 6
302.2 5
304.2 5
305.205 1
306.2 5
308.2 5
314.2 2
316.2 1
318.2 3
322.2 2
324.2 2
325.205 2
326.2 2
328.2 5
332.2 4
338.2 4
342.2 4
346.2 1
348.2 2
360.2 1
362.2 9
364.2 4
366.2 5
368.2 5
376.2 6
378.2 5
382.2 4
392.2 4
394.2 8
396.2 4
398.2 6
402.2 4
404.2 6
406.2 5
412.2 4
414.2 4
416.2 3
418.2 5
420.2 1
422.2 4
424.2 4
425.205 1
426.2 2
428.2 3
432.2 4
434.2 4
436.2 4
442.2 5
446.2 1
462.2 7
464.2 6
466.2 3
468.2 3
486.2 3
488.2 4
490.2 1
492.2 4
494.2 5
504.2 6
506.2 4
508.2 4
512.2 5
514.2 4
516.2 4
518.2 3
522.2 7
524.2 2
525.205 1
526.2 2
528.2 6
534.2 3
536.2 4
538.2 4
542.2 1
546.2 1
548.2 5
552.2 4
562.2 4
564.2 4
566.2 4
568.2 4
572.2 1
585.205 1
586.2 6
588.2 3
592.2 3
596.2 1
602.2 4
604.2 5
606.2 5
608.2 4
612.2 5
614.2 4
616.2 3
620.2 4
622.2 2
626.2 3
628.2 5
632.2 2
634.2 3
636.2 4
638.2 4
644.2 4
646.2 4
648.2 4
656.2 3
658.2 5
662.2 5
664.2 6
666.2 2
668.2 5
670.2 2
672.2 5
674.2 5
676.2 4
678.2 6
682.2 1
684.2 3
685.205 1
686.2 7
688.2 4
692.2 4
696.2 5
698.2 2
702.2 5
704.2 5
706.2 5
710.2 1
712.2 4
714.2 5
716.2 6
718.2 5
728.2 5
732.2 4
736.2 5
738.2 5
740.2 1
742.2 4
744.2 6
746.2 6
748.2 6
750.2 1
752.2 4
754.2 4
756.2 4
758.2 4
760.2 1
762.2 5
772.2 9
774.2 5
776.2 3
778.2 5
790.2 3
792.2 2
794.2 2
802.2 4
804.2 5
805.205 1
806.2 4
808.2 5
810.2 1
812.2 2
816.2 2
818.2 5
822.2 5
824.2 5
828.2 1
830.2 6
832.2 2
852.2 5
854.2 6
856.2 4
862.2 5
864.2 6
865.205 1
866.2 4
868.2 5
870.2 1
872.2 5
874.2 3
876.2 2
878.2 1
902.2 2
906.2 1
912.2 6
914.2 3
922.2 1
932.2 9
934.2 5
935.205 1
936.2 4
938.2 4
940.2 1
942.2 2
944.2 3
946.2 1
962.2 4
964.2 5
966.2 4
968.2 6
972.2 4
974.2 4
976.2 4
998.2 6
1002.2 5
1004.2 5
1006.2 5
1008.2 4
1012.2 4
1014.2 6
1016.2 5
1018.2 5
1022.2 3
1024.2 6
1026.2 5
1042.2 4
1044.2 6
1052.2 1
1062.2 4
1064.2 4
1066.2 3
1068.2 4
1072.2 4
1074.2 6
1076.2 5
1078.2 4
1088.2 5
1092.2 5
1094.2 4
1095.2 1
1096.2 5
1098.2 5
1106.2 5
1108.2 5
1112.2 5
1114.2 4
1115.2 1
1116.2 4
1118.2 4
1120.2 1
1122.2 6
1124.2 3
1125.2 1
1126.2 6
1128.2 4
1132.2 5
1134.2 5
1136.2 5
1138.2 6
1160.2 1
1162.2 2
1166.2 1
1170.2 1
1172.2 5
1174.2 5
1176.2 3
1182.2 5
1184.2 4
1186.2 2
1190.2 1
1192.2 2
1194.2 4
1196.2 5
1198.2 6
