36.25 8
38.25 1
40.25 1
42.25 6
45.255 1
46.25 2
50.25 6
52.25 2
54.25 1
55.255 2
56.25 4
58.25 4
60.25 4
62.25 5
64.25 6
65.255 3
66.25 4
68.25 1
76.25 1
78.25 9
80.25 1
82.25 4
84.25 3
86.25 4
90.25 10
92.25 2
94.25 4
95.255 7
96.25 2
98.25 7
100.25 2
102.25 11
104.25 2
105.255 5
106.25 5
112.25 8
114.25 6
115.255 6
116.25 7
118.25 2
120.25 1
134.25 3
150.25 1
152.25 6
154.25 6
155.255 2
164.25 3
165.255 6
166.25 6
168.25 2
170.25 4
172.25 5
174.25 6
175.255 1
176.25 8
182.25 7
184.25 3
186.25 2
188.25 7
192.25 2
194.25 5
195.255 1
196.25 3
