22.3 1
24.3 4
25.305 4
26.3 2
30.3 1
32.3 6
35.305 1
36.3 3
38.3 5
40.3 2
42.3 6
46.3 1
48.3 4
52.3 3
60.3 5
62.3 4
65.305 1
70.3 6
72.3 1
90.3 6
92.3 6
94.3 4
95.305 2
100.3 7
102.3 7
104.3 3
106.3 6
108.3 9
110.3 3
112.3 9
114.3 5
115.305 5
116.3 2
118.3 7
120.3 3
122.3 8
142.3 5
144.3 2
145.305 2
146.3 6
148.3 1
150.3 1
162.3 2
164.3 8
165.305 4
166.3 2
168.3 8
170.3 1
172.3 5
174.3 3
175.305 8
176.3 2
178.3 6
180.3 1
182.3 5
184.3 5
186.3 5
188.3 2
192.3 6
194.3 4
196.3 9
198.3 2
204.3 8
205.305 5
206.3 6
208.3 4
210.3 4
212.3 4
216.3 3
218.3 1
220.3 4
222.3 3
225.305 6
226.3 1
230.3 5
232.3 4
234.3 2
235.305 5
236.3 3
238.3 1
240.3 5
242.3 5
244.3 1
245.305 4
246.3 5
250.3 6
252.3 1
254.3 2
262.3 4
264.3 2
265.305 5
266.3 2
270.3 5
272.3 3
276.3 3
280.3 2
282.3 4
284.3 1
286.3 1
288.3 3
292.3 1
298.3 3
302.3 4
306.3 4
308.3 2
310.3 5
312.3 1
314.3 2
316.3 2
318.3 2
322.3 2
324.3 2
326.3 2
328.3 1
330.3 4
332.3 3
335.305 4
336.3 2
338.3 1
340.3 4
342.3 2
346.3 2
355.305 6
356.3 1
360.3 1
362.3 8
364.3 1
365.305 4
366.3 2
368.3 4
370.3 4
372.3 4
374.3 1
375.305 5
376.3 5
380.3 6
382.3 4
384.3 2
385.305 1
386.3 7
388.3 1
390.3 2
392.3 7
394.3 2
395.305 5
396.3 5
398.3 1
402.3 2
404.3 4
405.305 4
406.3 4
410.3 4
412.3 3
414.3 2
415.305 3
416.3 1
418.3 3
420.3 4
422.3 1
424.3 2
425.305 3
426.3 5
430.3 3
432.3 3
435.305 4
436.3 4
438.3 2
440.3 3
442.3 1
452.3 1
456.3 1
460.3 1
462.3 4
464.3 3
465.305 6
466.3 4
468.3 2
472.3 3
480.3 5
482.3 1
484.3 1
486.3 1
488.3 2
492.3 5
494.3 2
495.305 4
496.3 3
500.3 5
508.3 2
510.3 3
512.3 2
514.3 2
515.305 5
516.3 4
518.3 1
520.3 3
522.3 5
524.3 3
525.305 2
526.3 4
532.3 1
534.3 2
535.305 3
536.3 2
538.3 3
540.3 3
542.3 3
544.3 1
546.3 1
548.3 2
552.3 2
554.3 2
556.3 6
562.3 4
564.3 2
565.305 2
566.3 4
576.3 1
578.3 3
580.3 5
582.3 3
584.3 2
586.3 3
588.3 4
590.3 2
592.3 1
595.305 1
596.3 8
598.3 2
600.3 4
602.3 2
604.3 2
606.3 2
608.3 1
610.3 4
612.3 3
615.305 4
616.3 3
618.3 1
620.3 4
622.3 4
625.305 4
626.3 3
628.3 1
630.3 5
632.3 3
634.3 1
635.305 5
636.3 2
640.3 5
642.3 3
644.3 1
645.305 3
646.3 4
648.3 1
652.3 1
654.3 2
655.305 5
658.3 2
660.3 5
662.3 1
668.3 4
670.3 4
672.3 5
674.3 1
675.305 4
676.3 4
678.3 2
682.3 2
684.3 1
685.305 7
686.3 3
690.3 3
692.3 3
694.3 2
695.305 5
696.3 4
698.3 2
700.3 1
702.3 1
704.3 2
705.305 4
706.3 3
708.3 3
714.3 4
716.3 3
718.3 3
720.3 5
722.3 3
724.3 1
726.3 3
728.3 2
730.3 4
732.3 3
735.305 5
736.3 4
738.3 2
740.3 4
742.3 5
744.3 1
745.305 5
746.3 3
750.3 5
752.3 3
755.305 3
756.3 2
758.3 3
760.3 3
762.3 5
765.305 5
768.3 2
770.3 6
772.3 1
774.3 3
776.3 1
780.3 4
782.3 2
784.3 3
785.305 5
786.3 3
788.3 2
790.3 5
792.3 2
796.3 2
805.305 4
806.3 3
808.3 3
810.3 4
812.3 5
814.3 3
815.305 5
816.3 1
818.3 4
822.3 1
825.305 5
826.3 2
828.3 1
830.3 6
832.3 4
834.3 1
835.305 5
838.3 1
840.3 5
842.3 2
844.3 1
845.305 4
846.3 2
848.3 1
852.3 5
854.3 2
855.305 4
856.3 3
865.305 5
866.3 3
868.3 3
872.3 4
874.3 2
875.305 3
876.3 2
878.3 2
882.3 1
884.3 2
886.3 1
892.3 1
894.3 3
895.305 5
896.3 1
898.3 2
902.3 3
904.3 1
905.305 5
906.3 4
908.3 1
912.3 4
914.3 1
915.305 4
916.3 2
918.3 1
920.3 3
924.3 2
926.3 1
932.3 2
934.3 4
935.305 4
936.3 3
938.3 2
940.3 4
942.3 4
944.3 2
945.305 5
946.3 4
948.3 2
952.3 1
955.305 3
956.3 4
958.3 2
960.3 3
962.3 2
964.3 1
965.305 4
966.3 1
968.3 3
972.3 1
982.3 1
984.3 1
985.305 2
986.3 3
988.3 3
990.3 5
992.3 1
995.305 4
996.3 1
998.3 2
1002.3 2
1004.3 2
1012.3 6
1015.31 6
1016.3 1
1018.3 5
1020.3 4
1022.3 1
1024.3 2
1025.31 6
1026.3 1
1028.3 4
1030.3 3
1032.3 3
1034.3 2
1035.31 5
1036.3 3
1042.3 8
1048.3 3
1050.3 4
1052.3 4
1054.3 1
1055.31 4
1056.3 4
1058.3 2
1062.3 3
1064.3 1
1066.3 2
1068.3 1
1070.3 4
1072.3 3
1074.3 2
1076.3 4
1078.3 2
1082.3 3
1085.31 4
1086.3 3
1088.3 1
1090.3 4
1092.3 2
1094.3 3
1095.31 4
1096.3 3
1104.3 3
1106.3 1
1108.3 5
1110.3 4
1112.3 3
1114.3 2
1116.3 4
1118.3 1
1120.3 5
1122.3 5
1124.3 2
1125.31 3
1126.3 4
1132.3 3
1134.3 3
1135.31 4
1136.3 4
1138.3 2
1140.3 5
1142.3 3
1144.3 2
1145.31 3
1146.3 2
1150.3 1
1154.3 2
1156.3 1
1158.3 3
1160.3 6
1162.3 1
1164.3 2
1165.31 6
1166.3 1
1168.3 2
1182.3 3
1184.3 3
1186.3 2
1188.3 3
1190.3 5
1192.3 3
1195.31 4
1196.3 5
