5.355 1
6.35 5
10.35 3
12.35 3
15.355 1
16.35 2
18.35 4
22.35 5
24.35 4
25.355 1
26.35 1
28.35 1
30.35 3
32.35 9
40.35 2
42.35 4
45.355 2
46.35 1
48.35 5
50.35 2
52.35 1
58.35 6
60.35 1
62.35 6
64.35 2
65.355 1
66.35 4
68.35 4
70.35 5
72.35 5
74.35 3
75.355 4
76.35 4
78.35 1
80.35 2
82.35 5
84.35 3
85.355 6
86.35 4
88.35 3
90.35 4
92.35 5
94.35 5
95.355 3
96.35 4
98.35 6
100.35 3
102.35 6
105.355 3
106.35 4
108.35 10
110.35 2
112.35 7
114.35 4
115.355 2
116.35 9
118.35 2
120.35 3
122.35 11
124.35 2
125.355 3
126.35 1
128.35 3
130.35 2
132.35 7
134.35 1
135.355 3
140.35 1
142.35 4
144.35 2
145.355 2
146.35 2
150.35 4
152.35 6
154.35 3
155.355 2
156.35 7
158.35 1
160.35 2
162.35 8
164.35 4
165.355 2
166.35 7
168.35 5
170.35 5
172.35 7
175.355 7
176.35 5
178.35 2
180.35 4
182.35 3
184.35 3
185.355 3
186.35 4
188.35 2
190.35 3
192.35 4
194.35 2
195.355 4
196.35 7
198.35 2
200.35 1
202.35 6
204.35 5
205.355 4
206.35 6
208.35 4
210.35 4
212.35 1
214.35 5
215.355 3
216.35 1
218.35 4
220.35 3
222.35 1
224.35 6
225.355 1
226.35 5
228.35 4
230.35 4
232.35 2
234.35 5
235.355 3
236.35 1
238.35 5
240.35 4
242.35 2
244.35 4
245.355 3
246.35 3
248.35 4
250.35 5
252.35 2
254.35 4
255.355 4
256.35 2
260.35 3
262.35 2
264.35 5
265.355 2
266.35 3
268.35 4
270.35 2
272.35 1
274.35 5
275.355 2
276.35 3
278.35 3
280.35 2
282.35 5
284.35 4
285.355 3
286.35 3
288.35 4
290.35 4
292.35 5
294.35 4
295.355 4
296.35 3
298.35 4
300.35 4
302.35 2
304.35 4
305.355 4
306.35 2
308.35 5
310.35 1
312.35 2
315.355 2
316.35 2
318.35 5
320.35 2
322.35 2
325.355 1
326.35 1
328.35 4
330.35 3
332.35 2
334.35 4
335.355 1
336.35 1
338.35 4
340.35 1
342.35 2
344.35 5
345.355 2
346.35 3
348.35 5
350.35 1
352.35 3
354.35 6
356.35 3
358.35 6
360.35 3
362.35 2
364.35 4
365.355 4
366.35 2
368.35 4
370.35 3
372.35 1
374.35 5
375.355 4
376.35 3
378.35 4
380.35 2
382.35 3
384.35 4
385.355 1
386.35 5
388.35 3
390.35 2
392.35 4
394.35 5
395.355 3
396.35 3
398.35 4
400.35 2
402.35 4
404.35 4
405.355 3
406.35 2
408.35 4
410.35 3
412.35 2
414.35 3
415.355 2
416.35 2
418.35 4
420.35 4
422.35 2
424.35 3
425.355 4
426.35 2
428.35 3
430.35 3
432.35 2
434.35 3
435.355 3
436.35 3
438.35 3
440.35 1
442.35 2
444.35 5
445.355 1
446.35 3
448.35 5
450.35 1
452.35 4
454.35 4
456.35 4
458.35 2
460.35 2
462.35 4
464.35 5
465.355 3
466.35 3
468.35 4
470.35 3
472.35 2
474.35 5
475.355 1
476.35 3
478.35 5
480.35 1
482.35 1
484.35 4
485.355 1
486.35 2
488.35 4
490.35 1
492.35 5
494.35 4
495.355 2
496.35 2
498.35 5
500.35 2
502.35 2
504.35 5
505.355 3
506.35 2
508.35 3
510.35 2
512.35 2
514.35 5
515.355 1
516.35 3
518.35 3
520.35 4
522.35 4
524.35 2
525.355 3
526.35 2
530.35 1
532.35 2
534.35 3
535.355 2
536.35 3
538.35 3
540.35 3
542.35 2
544.35 4
545.355 3
546.35 3
548.35 4
550.35 2
552.35 2
554.35 4
555.355 2
556.35 2
558.35 2
560.35 3
562.35 3
564.35 2
565.355 3
566.35 4
568.35 2
570.35 1
572.35 4
574.35 4
575.355 3
576.35 3
578.35 4
580.35 1
582.35 4
584.35 4
585.355 1
586.35 6
588.35 2
590.35 4
592.35 2
594.35 4
595.355 3
596.35 4
598.35 4
600.35 1
602.35 2
604.35 6
605.355 2
606.35 3
608.35 4
610.35 3
612.35 2
614.35 4
615.355 2
616.35 1
618.35 4
620.35 3
622.35 2
624.35 4
625.355 2
626.35 1
628.35 5
630.35 3
632.35 1
634.35 5
635.355 1
636.35 2
638.35 5
640.35 1
642.35 3
644.35 3
645.355 3
646.35 2
648.35 3
650.35 1
652.35 2
654.35 5
655.355 1
656.35 2
658.35 5
660.35 1
662.35 4
664.35 6
666.35 3
668.35 6
670.35 4
672.35 2
674.35 4
675.355 3
676.35 3
678.35 4
680.35 1
682.35 3
684.35 6
685.355 2
686.35 3
688.35 3
690.35 3
692.35 2
694.35 5
695.355 4
696.35 2
698.35 1
700.35 4
702.35 2
704.35 4
705.355 2
706.35 4
708.35 5
710.35 1
712.35 4
714.35 4
715.355 3
716.35 3
718.35 5
720.35 2
722.35 2
724.35 4
725.355 3
726.35 2
728.35 4
730.35 3
732.35 1
734.35 5
735.355 4
736.35 2
738.35 4
740.35 4
742.35 2
744.35 5
745.355 3
746.35 4
748.35 5
750.35 3
752.35 3
754.35 3
755.355 2
756.35 3
758.35 3
760.35 4
762.35 3
764.35 5
765.355 2
766.35 3
768.35 6
772.35 3
774.35 6
775.355 1
776.35 2
778.35 5
780.35 2
782.35 4
784.35 5
785.355 1
786.35 4
788.35 5
790.35 2
792.35 2
794.35 6
795.355 2
796.35 2
800.35 1
802.35 4
804.35 3
805.355 3
806.35 4
808.35 3
810.35 4
812.35 4
814.35 5
815.355 1
816.35 4
818.35 5
820.35 2
822.35 3
824.35 5
826.35 4
828.35 4
830.35 3
832.35 2
834.35 5
835.355 2
836.35 1
838.35 5
840.35 2
842.35 2
844.35 4
845.355 2
846.35 1
850.35 4
852.35 3
854.35 4
855.355 3
856.35 2
858.35 4
860.35 2
862.35 4
864.35 5
865.355 2
866.35 3
868.35 5
870.35 4
872.35 2
874.35 3
875.355 1
876.35 2
878.35 4
880.35 1
882.35 2
884.35 6
885.355 1
886.35 1
890.35 1
892.35 3
894.35 5
895.355 1
896.35 2
902.35 3
904.35 5
905.355 3
906.35 2
910.35 4
912.35 1
914.35 4
915.355 2
916.35 1
918.35 3
920.35 1
922.35 2
925.355 1
926.35 2
928.35 4
930.35 2
932.35 4
934.35 4
935.355 3
936.35 2
938.35 4
940.35 4
942.35 3
944.35 5
945.355 3
946.35 3
948.35 4
950.35 2
952.35 1
954.35 3
955.355 2
956.35 4
958.35 3
960.35 2
962.35 2
964.35 4
965.355 1
966.35 3
968.35 6
970.35 1
972.35 3
974.35 4
975.355 1
976.35 4
978.35 4
980.35 1
982.35 4
986.35 5
988.35 6
990.35 1
992.35 4
994.35 4
995.355 1
996.35 2
998.35 5
1000.35 2
1002.35 2
1004.35 6
1005.36 2
1006.35 3
1008.35 4
1010.35 1
1012.35 3
1014.35 5
1015.36 4
1016.35 2
1018.35 4
1020.35 1
1022.35 2
1024.35 6
1025.36 1
1026.35 4
1028.35 3
1030.35 3
1032.35 2
1034.35 5
1035.36 1
1036.35 3
1038.35 5
1040.35 3
1042.35 3
1044.35 4
1046.35 3
1048.35 4
1050.35 3
1052.35 2
1054.35 4
1055.36 3
1056.35 3
1058.35 4
1060.35 1
1062.35 3
1064.35 3
1065.36 2
1066.35 1
1068.35 4
1070.35 2
1072.35 3
1074.35 4
1075.36 4
1076.35 2
1078.35 3
1080.35 3
1082.35 1
1084.35 4
1085.36 2
1086.35 2
1088.35 4
1090.35 2
1092.35 3
1094.35 4
1095.36 3
1096.35 2
1098.35 6
1100.35 1
1102.35 3
1104.35 5
1105.36 1
1106.35 5
1108.35 4
1110.35 3
1112.35 2
1114.35 4
1115.36 3
1116.35 1
1118.35 5
1120.35 3
1122.35 4
1124.35 3
1125.36 4
1126.35 3
1128.35 4
1130.35 1
1132.35 5
1134.35 4
1135.36 3
1136.35 3
1138.35 5
1140.35 3
1142.35 2
1144.35 3
1145.36 1
1146.35 2
1148.35 4
1150.35 1
1152.35 2
1154.35 4
1155.36 1
1156.35 3
1158.35 6
1160.35 1
1162.35 2
1164.35 6
1165.36 1
1166.35 2
1168.35 5
1170.35 2
1172.35 3
1174.35 5
1175.36 1
1176.35 4
1180.35 3
1182.35 3
1184.35 3
1185.36 2
1186.35 3
1188.35 5
1190.35 1
1192.35 4
1194.35 4
1195.36 4
1196.35 2
1198.35 5
