6.4 1
8.4 1
10.4 3
12.4 1
14.4 2
15.405 3
18.4 4
20.4 2
22.4 3
24.4 2
25.405 7
28.4 2
30.4 5
32.4 8
34.4 1
40.4 2
42.4 6
46.4 3
48.4 2
50.4 4
52.4 4
54.4 1
55.405 6
56.4 4
58.4 3
60.4 1
62.4 5
64.4 3
65.405 1
66.4 8
68.4 1
70.4 7
72.4 5
74.4 1
75.405 4
76.4 7
78.4 1
80.4 2
84.4 7
85.405 8
86.4 6
88.4 3
90.4 2
92.4 8
94.4 1
95.405 4
96.4 9
98.4 1
100.4 3
102.4 5
104.4 8
105.405 4
106.4 8
108.4 3
110.4 2
112.4 7
114.4 3
116.4 9
118.4 4
122.4 6
124.4 2
125.405 3
126.4 4
128.4 4
130.4 2
132.4 7
134.4 1
135.405 6
136.4 3
138.4 2
140.4 4
142.4 1
144.4 2
145.405 3
146.4 4
148.4 3
150.4 3
152.4 7
154.4 1
155.405 3
156.4 8
158.4 1
160.4 4
162.4 6
164.4 1
165.405 1
166.4 7
168.4 4
170.4 3
172.4 7
174.4 6
175.405 5
176.4 5
178.4 1
182.4 10
186.4 7
188.4 5
190.4 3
192.4 3
194.4 4
195.405 5
196.4 6
198.4 1
200.4 4
202.4 5
204.4 3
205.405 5
206.4 8
210.4 5
212.4 5
215.405 4
216.4 4
220.4 4
222.4 6
225.405 3
226.4 7
230.4 5
232.4 6
235.405 4
236.4 5
240.4 5
242.4 5
245.405 4
246.4 6
248.4 1
250.4 5
252.4 5
255.405 5
256.4 3
260.4 4
262.4 6
265.405 4
266.4 5
270.4 2
272.4 6
275.405 3
276.4 5
280.4 4
282.4 7
285.405 4
286.4 6
290.4 5
292.4 8
295.405 5
296.4 6
300.4 5
302.4 5
305.405 5
306.4 6
310.4 3
312.4 4
315.405 4
316.4 5
320.4 3
322.4 5
325.405 3
326.4 7
330.4 4
332.4 5
335.405 2
336.4 4
340.4 3
342.4 5
345.405 4
346.4 6
350.4 3
352.4 7
355.405 2
356.4 7
360.4 4
362.4 5
365.405 5
366.4 5
370.4 4
372.4 5
375.405 5
376.4 6
380.4 4
382.4 5
385.405 2
386.4 7
390.4 3
392.4 8
395.405 4
396.4 6
400.4 4
402.4 6
405.405 4
406.4 5
410.4 4
412.4 4
415.405 3
416.4 5
420.4 5
422.4 4
425.405 5
426.4 4
430.4 4
432.4 4
435.405 4
436.4 5
440.4 3
442.4 5
445.405 3
446.4 6
450.4 3
452.4 6
455.405 2
456.4 4
460.4 4
462.4 7
465.405 5
466.4 5
470.4 4
472.4 6
475.405 2
476.4 7
480.4 3
482.4 4
485.405 3
486.4 4
490.4 4
492.4 6
495.405 3
496.4 6
500.4 3
502.4 6
505.405 4
506.4 4
510.4 4
512.4 5
515.405 3
516.4 4
520.4 5
522.4 4
524.4 1
525.405 1
526.4 7
530.4 3
532.4 3
535.405 4
536.4 4
540.4 4
542.4 5
545.405 4
546.4 6
550.4 4
552.4 4
555.405 3
556.4 3
560.4 4
562.4 4
565.405 4
566.4 4
568.4 1
570.4 3
572.4 6
575.405 4
576.4 6
580.4 3
582.4 6
585.405 5
586.4 4
590.4 3
592.4 7
595.405 4
596.4 7
600.4 3
602.4 6
605.405 4
606.4 5
610.4 4
612.4 5
615.405 3
616.4 4
620.4 4
622.4 5
625.405 3
626.4 5
630.4 4
632.4 5
635.405 3
636.4 5
640.4 2
642.4 4
645.405 4
646.4 4
650.4 3
652.4 5
655.405 3
656.4 5
660.4 4
662.4 7
665.405 2
666.4 5
668.4 2
670.4 5
672.4 5
675.405 4
676.4 6
680.4 3
682.4 6
685.405 4
686.4 5
690.4 4
692.4 6
695.405 5
696.4 2
700.4 5
702.4 5
705.405 3
706.4 8
710.4 3
712.4 6
715.405 5
716.4 6
720.4 3
722.4 5
725.405 4
726.4 5
730.4 4
732.4 5
735.405 5
736.4 5
740.4 5
742.4 6
745.405 5
746.4 7
750.4 4
752.4 4
754.4 1
755.405 4
756.4 4
760.4 5
762.4 7
765.405 3
766.4 8
770.4 3
772.4 6
775.405 3
776.4 5
780.4 3
782.4 8
785.405 2
786.4 8
790.4 4
792.4 6
795.405 4
796.4 3
800.4 3
802.4 5
805.405 5
806.4 5
810.4 5
812.4 8
815.405 4
816.4 6
820.4 5
822.4 5
825.405 2
826.4 6
830.4 4
832.4 6
835.405 3
836.4 5
840.4 3
842.4 5
845.405 3
846.4 5
850.4 5
852.4 6
855.405 4
856.4 5
860.4 4
862.4 7
865.405 4
866.4 6
870.4 5
872.4 4
875.405 3
876.4 4
880.4 3
882.4 6
885.405 2
886.4 4
890.4 3
892.4 6
895.405 3
896.4 5
900.4 1
902.4 7
905.405 4
906.4 6
910.4 5
912.4 4
915.405 3
916.4 3
920.4 3
922.4 5
925.405 3
926.4 4
930.4 4
932.4 6
935.405 5
936.4 4
940.4 5
942.4 7
945.405 4
946.4 6
950.4 3
952.4 3
955.405 3
956.4 6
960.4 3
962.4 5
965.405 4
966.4 6
970.4 3
972.4 5
975.405 4
976.4 5
980.4 3
982.4 7
985.405 2
986.4 9
990.4 3
992.4 6
995.405 2
996.4 6
1000.4 4
1002.4 6
1005.41 4
1006.4 5
1010.4 3
1012.4 6
1015.41 5
1016.4 5
1020.4 3
1022.4 6
1025.41 5
1026.4 3
1030.4 4
1032.4 6
1035.41 3
1036.4 6
1040.4 4
1042.4 6
1045.41 1
1046.4 6
1050.4 4
1052.4 5
1055.41 4
1056.4 6
1060.4 3
1062.4 4
1065.41 3
1066.4 4
1070.4 3
1072.4 6
1075.41 5
1076.4 4
1080.4 4
1082.4 4
1085.41 3
1086.4 5
1090.4 4
1092.4 5
1095.41 5
1096.4 6
1100.4 3
1102.4 6
1105.41 4
1106.4 6
1110.4 4
1112.4 5
1115.41 4
1116.4 5
1120.4 5
1122.4 5
1125.41 5
1126.4 6
1130.4 3
1132.4 7
1135.41 4
1136.4 7
1140.4 4
1142.4 3
1144.4 1
1145.41 2
1146.4 5
1150.4 2
1152.4 5
1155.41 3
1156.4 7
1160.4 4
1162.4 6
1165.41 3
1166.4 5
1170.4 4
1172.4 6
1175.41 3
1176.4 7
1180.4 4
1182.4 5
1185.41 4
1186.4 6
1190.4 4
1192.4 5
1195.41 5
1196.4 6
