6.45 5
8.45 6
10.45 1
12.45 2
15.455 4
16.45 4
18.45 6
22.45 2
24.45 4
25.455 3
26.45 2
28.45 1
30.45 12
32.45 5
34.45 1
35.455 3
36.45 7
38.45 1
40.45 1
42.45 8
46.45 3
52.45 2
56.45 9
62.45 4
64.45 4
66.45 5
68.45 4
70.45 2
72.45 9
74.45 1
75.455 1
76.45 10
78.45 1
80.45 4
82.45 3
84.45 4
85.455 6
86.45 5
88.45 4
92.45 10
94.45 1
95.455 5
96.45 8
98.45 1
100.45 5
102.45 9
104.45 2
105.455 6
106.45 7
108.45 2
110.45 3
116.45 1
120.45 4
122.45 3
125.455 2
132.45 3
134.45 1
136.45 3
142.45 11
144.45 2
146.45 3
148.45 1
152.45 6
154.45 4
155.455 2
156.45 11
158.45 1
160.45 6
162.45 4
164.45 2
165.455 5
166.45 2
172.45 1
174.45 7
175.455 7
176.45 2
180.45 2
182.45 9
185.455 4
186.45 2
188.45 1
190.45 1
192.45 1
204.45 5
205.455 2
206.45 8
208.45 5
212.45 8
216.45 2
226.45 3
232.45 2
234.45 3
238.45 3
240.45 1
242.45 7
246.45 7
248.45 3
250.45 2
252.45 3
255.455 2
256.45 2
262.45 6
264.45 4
266.45 2
282.45 1
284.45 5
286.45 6
288.45 4
290.45 1
292.45 7
294.45 5
296.45 3
300.45 3
302.45 2
305.455 2
306.45 2
308.45 4
312.45 6
314.45 1
316.45 7
318.45 2
334.45 4
336.45 5
338.45 1
342.45 6
344.45 2
346.45 8
348.45 2
352.45 3
356.45 1
364.45 7
365.455 2
366.45 6
368.45 3
372.45 7
376.45 8
378.45 3
382.45 7
384.45 2
386.45 4
388.45 5
392.45 6
396.45 2
416.45 6
418.45 2
436.45 2
442.45 2
446.45 5
462.45 2
464.45 5
466.45 8
468.45 2
472.45 7
474.45 3
476.45 5
478.45 4
482.45 6
484.45 1
486.45 6
488.45 1
492.45 7
494.45 3
496.45 2
502.45 1
512.45 7
514.45 2
522.45 8
524.45 1
525.455 1
526.45 3
532.45 6
536.45 6
538.45 2
542.45 6
568.45 3
570.45 1
572.45 6
574.45 3
576.45 7
586.45 1
588.45 2
590.45 1
592.45 6
594.45 3
596.45 1
602.45 7
604.45 2
606.45 7
608.45 3
622.45 2
626.45 3
632.45 2
636.45 2
638.45 2
642.45 3
646.45 1
652.45 7
654.45 1
656.45 6
658.45 2
662.45 8
664.45 3
666.45 5
668.45 2
682.45 3
686.45 1
692.45 3
696.45 1
702.45 8
704.45 2
706.45 6
708.45 5
712.45 2
715.455 1
716.45 2
722.45 2
724.45 2
726.45 7
728.45 2
732.45 2
736.45 2
738.45 5
740.45 1
742.45 8
746.45 3
755.455 1
756.45 6
760.45 1
762.45 5
766.45 6
768.45 5
772.45 3
776.45 1
778.45 3
782.45 7
786.45 3
808.45 2
810.45 1
812.45 6
816.45 2
820.45 1
822.45 7
826.45 4
828.45 4
832.45 7
842.45 6
844.45 2
846.45 1
850.45 1
852.45 3
856.45 2
858.45 2
862.45 8
864.45 3
866.45 2
874.45 3
876.45 5
878.45 2
882.45 7
886.45 1
892.45 6
894.45 3
896.45 6
898.45 2
902.45 4
906.45 1
916.45 1
922.45 2
924.45 2
926.45 6
928.45 1
932.45 7
934.45 3
936.45 7
938.45 2
942.45 7
956.45 1
966.45 7
968.45 3
972.45 1
976.45 1
982.45 6
984.45 4
986.45 4
996.45 2
1012.45 6
1014.45 3
1015.45 1
1016.45 7
1022.45 2
1024.45 3
1026.45 7
1028.45 1
1032.45 2
1036.45 2
1072.45 2
1076.45 2
1082.45 2
1086.45 2
1092.45 1
1094.45 3
1096.45 8
1098.45 3
1102.45 2
1112.45 2
1116.45 1
1120.45 1
1122.45 2
1126.45 8
1128.45 3
1132.45 6
1134.45 4
1145.45 1
1146.45 4
1148.45 3
1156.45 6
1158.45 4
1162.45 2
1168.45 3
1172.45 7
1174.45 3
1176.45 6
1182.45 6
1184.45 4
1186.45 2
1192.45 1
1196.45 2
